"V1","V2","V3","V4","V5","V6","V7","V8","V9","V10","V11","V12","V13","V14","V15","V16","V17","V18","V19","V20","V21","V22","V23","V24","V25","V26","V27","V28","V29","V30","V31","V32","V33","V34","V35","V36","V37","V38","V39","V40","V41","V42","V43","V44","V45","V46","V47","V48","V49","V50","V51","V52","V53","V54","V55","V56","V57","V58","V59","V60","V61","V62","V63","V64","V65","V66","V67","V68","V69","V70","V71","V72","V73","V74","V75","V76","V77","V78","V79","V80","V81","V82","V83","V84","V85","V86","V87","V88","V89","V90","V91","V92","V93","V94","V95","V96","V97","V98","V99","V100","V101","V102","V103","V104","V105","V106","V107","V108","V109","V110","V111","V112","V113","V114","V115","V116","V117","V118","V119","V120","V121","V122","V123","V124","V125","V126","V127","V128","V129","V130","V131","V132","V133","V134","V135","V136","V137","V138","V139","V140","V141","V142","V143","V144","V145","V146","V147","V148","V149","V150","V151","V152","V153","V154","V155","V156","V157","V158","V159","V160","V161","V162","V163","V164","V165","V166","V167","V168","V169","V170","V171","V172","V173","V174","V175","V176","V177","V178","V179","V180","V181","V182","V183","V184","V185","V186","V187","V188","V189","V190","V191","V192","V193","V194","V195","V196","V197","V198","V199","V200","V201","V202","V203","V204","V205","V206","V207","V208","V209","V210","V211","V212","V213","V214","V215","V216","V217","V218","V219","V220","V221","V222","V223","V224","V225","V226","V227","V228","V229","V230","V231","V232","V233","V234","V235","V236","V237","V238","V239","V240","V241","V242","V243","V244","V245","V246","V247","V248","V249","V250","V251","V252","V253","V254","V255","V256","V257","V258","V259","V260","V261","V262","V263","V264","V265","V266","V267","V268","V269","V270","V271","V272","V273","V274","V275","V276","V277","V278","V279","V280","V281","V282","V283","V284","V285","V286","V287","V288","V289","V290","V291","V292","V293","V294","V295","V296","V297","V298","V299","V300","V301"
0,0,0,0,0,0,0,0,0,0,0,0,0.0002000400080016,0,0.0017003400680136,0,0,0,0,0,0.00700140028005601,0.000600120024004801,0,0.000600120024004801,0,0.172134426885377,0,0.0001000200040008,0.0002000400080016,0.000400080016003201,0.0241048209641928,0,0,0,0,0,0,0,0,0,0.0002000400080016,0,0,0,0,0,0.0102020404080816,0,0,0.0001000200040008,0,0,0,0,0,0,0,0.0001000200040008,0,0,0,0.002000400080016,0.0002000400080016,0,0,0,0.0022004400880176,0.000800160032006401,0,0,0,0,0,0.0029005801160232,0,0.011502300460092,0,0,0,0,0,0,0,0,0,0,0,0,0,0.00460092018403681,0,0.000400080016003201,0.00980196039207842,0,0,0.00630126025205041,0,0,0.0131026205241048,0,0,0,0,0,0.0001000200040008,0,0,0.206041208241648,0,0,0.0019003800760152,0,0,0.00440088017603521,0,0,0,0,0.000800160032006401,0,0,0,0.0001000200040008,0.0002000400080016,0.00580116023204641,0,0,0,0,0,0.0014002800560112,0.0031006201240248,0,0,0,0,0.0023004600920184,0,0.000600120024004801,0,0.000600120024004801,0,0,0,0,0,0,0,0,0.000500100020004001,0,0,0,0,0,0.0001000200040008,0,0,0,0,0,0.000600120024004801,0,0,0,0,0.000400080016003201,0,0,0.0003000600120024,0,0.0001000200040008,0,0,0,0,0,0.0013002600520104,0,0,0,0,0,0,0,0.001500300060012,0,0,0,0,0,0,0.0003000600120024,0,0,0.0002000400080016,0,0,0,0,0,0,0,0,0,0.001500300060012,0,0,0.0003000600120024,0.0003000600120024,0,0,0,0,0,0,0.0104020804160832,0,0.017003400680136,0.000500100020004001,0.00690138027605521,0,0,0,0,0,0,0.0317063412682536,0.0113022604520904,0,0.0256051210242048,0,0,0.0161032206441288,0,0,0,0,0.001000200040008,0,0,0.0231046209241848,0,0,0,0,0,0,0,0,0.0356071214242849,0,0,0,0,0,0.0002000400080016,0.002000400080016,0,0,0,0,0,0,0,0,0,0,0,0.0002000400080016,0,0,0.00890178035607121,0.000700140028005601,0,0,0,0,0,0.140228045609122,0,0.0001000200040008,0,0,0.141928385677135,0,0,0.0001000200040008,0.00490098019603921,0,0,0,0,0,0.00900180036007201,0,0,0,0.00380076015203041,0.00250050010002,0
0,0,0,0,0,0,0,0,0,0,0,0,0,0,3e-04,0,0,0,0,0,0,0,0,0,0,0.0037,0,0,0,0,0,0,0,0.0093,0,0,0.0298,0,0,0,0,0,0,0,0,0.0194,0,0,0,0,0,0,0,0,0,0,0,6e-04,0,0,0,0,0,0,0,0,0.0025,0,0,0,0,0,0,0,0,0,0,0,0,0,0,0,0,0,0,0,0.0048,0,0,0.0059,0,0.0037,0.0012,0,0,0,0,0,0,0,0,0,0,0,0,0,0,0.3408,0,0,0,0,0,0,0,5e-04,0,0,0,0,1e-04,0,0,1e-04,0.0062,0,0,0,0,0,0,0,0.0015,4e-04,0,0,0,0,0,0,0,0,0,0,0,0,0,0,0,0,0,0,0,0,0,0,0,0,1e-04,0,0,0,0,0,0,0,0,0,0,0,0,0,0,0,0,0,0,0,9e-04,0,0,0,0,0,0,0,0,0,0,0,0,0.0323,1e-04,0,0,0,0,0,0,0,0,0,0,0,0,0,0,0,0,0,0,0,0,0,0,0,0,0,0.0929,0,0,0,0,0,0,0,0,0,0,0,0,0,0,0.0333,0,0,0,0,0,0,0,0,0,0,0,0,0,0.0045,0,0,0,0,0,0,0,0,0,0,0,0,0,0,0,0,0,0,0,0,0,0,0,0,0.024,0,9e-04,0,0,0,0,0.3648,0,0,0,0,0,0,0,0,0,0,0,0,0,0,0,0,0,0.0062,0,0.0092,0
0,0,0,0,0,0,0,0,0,0,0,0,0,0,0.002999400119976,0,0,0,0.000599880023995201,0,0,0.0021995600879824,0,0.000999800039992002,0,0.12247550489902,0,0,0.0017996400719856,0,0.026494701059788,0,0.0001999600079984,0.00589882023595281,0.000499900019996001,0,0,0,0,0,0,0.000599880023995201,0,0,0,0,0,9.99800039992002e-05,0,0,0,0,0,0.000699860027994401,0,0.0002999400119976,0,0,0.000499900019996001,0,0,0,0,0.000999800039992002,0,0,0.0191961607678464,0,0.000799840031993601,0,0,0,0,0,0,0,0,0,0,0.0001999600079984,0,0.000499900019996001,0.0271945610877824,0,0,0,0.0001999600079984,9.99800039992002e-05,0,0,0,0,0,0,0,0.02249550089982,0,0,0,0,0,0.0167966406718656,0,0.000999800039992002,0,0,0,0.10497900419916,0,0,0.0013997200559888,0,0,0,0,0,0,0.0020995800839832,0,0,0,0,0,0,0.130573885222955,0,0,0,0,0,0,0,0,0,0,9.99800039992002e-05,0,0,0,0,0.00649870025994801,0,0.0026994601079784,0,0,0,0.000599880023995201,0,0,0,0.0002999400119976,0,0,0,9.99800039992002e-05,0,0,0.0002999400119976,0,0,0,0,0,0,0,0,0.001499700059988,0,0,0.0001999600079984,0,0,0,0,0.001499700059988,0,0.0010997800439912,0,0.00999800039992002,9.99800039992002e-05,0,0.0028994201159768,0,0,0,0,0,0,0,0,0,0,0,0,0,0,0,0,0,0,0,0.0125974805038992,0,0,0.00719856028794241,0.00449910017996401,0,0,0,0,0.0183963207358528,0,0,0,0,0.0025994801039792,0,0.0001999600079984,0,0,0.0002999400119976,0.00339932013597281,0,0.000399920015996801,0,0,0,0,0.0017996400719856,0,0,0,0.001999600079984,0.0613877224555089,0,0,0.000399920015996801,0,0,0.000799840031993601,0,0.0416916616676665,0,0,0.0157968406318736,0.0026994601079784,0,0,0,0,0,0,0,0,0,0,0,0,0,0,0,0,0,0,0,0,0,0,0,0.0505898820235953,0,0,0.0913817236552689,0,0,0,0,0,9.99800039992002e-05,0.152569486102779,0,0,0,0,0,0,0,0,0.0001999600079984,0.0021995600879824,0,0,9.99800039992002e-05,0,0,0,0,0,0,0.00389922015596881,0
0,0,0,0,0,0,0.00809595202398801,0,0,0,0.000499750124937531,0.000299850074962519,0,0.00749625187406297,0.000699650174912544,0.000299850074962519,0,0,0.00349825087456272,0,0,0.00599700149925037,0,0,0.000499750124937531,0.00879560219890055,0,0,0,9.99500249875062e-05,0,9.99500249875062e-05,0.00329835082458771,0.0241879060469765,0,0,0.000899550224887556,0.0228885557221389,0,0,0,0.00079960019990005,0.0241879060469765,0,0,0,0,0,0,0,0.000299850074962519,0,0.00079960019990005,0,0.00999500249875063,0,0,0,0.00269865067466267,0,0,0.00239880059970015,9.99500249875062e-05,0,0,0.00209895052473763,0,0.000699650174912544,0,0,0.00229885057471264,0,0.000299850074962519,0.000299850074962519,0,9.99500249875062e-05,0.000599700149925037,0.00079960019990005,0,0.00649675162418791,0,0,0,0,0.0190904547726137,0,0,0,0.00149925037481259,0.00169915042478761,9.99500249875062e-05,0.0133933033483258,0.0503748125937031,0.000999500249875062,0,0,0,0,0,0,0.000899550224887556,0.000399800099950025,0,0,0.00449775112443778,0,0,0,0.000199900049975012,0,0.00349825087456272,0.0149925037481259,0,0.00379810094952524,0,0,0,0,0.00879560219890055,0.00399800099950025,0,0,0.000399800099950025,0,0.0132933533233383,0,0,0.00209895052473763,0,0.00129935032483758,0,9.99500249875062e-05,0,0,0.0105947026486757,0,9.99500249875062e-05,0.000699650174912544,0,0,0.000499750124937531,0.000699650174912544,0.00279860069965018,0,0,0,0.0063968015992004,0,0.000599700149925037,0,0.00219890054972514,0,0,0,0,0,0,0,0.0015992003998001,0,0,0.00119940029985007,0.000199900049975012,0,0,0,0.000599700149925037,0,0,0,0,0,9.99500249875062e-05,0,0,0,0.00329835082458771,0.00329835082458771,0,0,0,0,0,0,9.99500249875062e-05,0.00169915042478761,0,0,0.00619690154922539,0,0,0.00419790104947526,0,0,0,0,0,0.000299850074962519,0,0,0,0.00179910044977511,0,0,0,0,0,0,0,0,0,0,0,0,0,0.000899550224887556,0.0127936031984008,0,0.00119940029985007,0,0.00439780109945028,0.00349825087456272,0,0,0,0,0.00769615192403798,0,0.00419790104947526,0,0,0,0.00219890054972514,0,0.000199900049975012,0,0,0,0.00189905047476262,0,0,0.0174912543728136,0,0.00609695152423788,0,0,0,0,0,0,0,0,0.000499750124937531,0,0.00369815092453773,0,0,0.000699650174912544,0.000499750124937531,0,0,0,0,9.99500249875062e-05,0,0.000199900049975012,0.00119940029985007,0,0.0362818590704648,0.387506246876562,0,0,0.0181909045477261,0,0,9.99500249875062e-05,0,0.000199900049975012,0.00299850074962519,0,0,0.00349825087456272,0.102548725637181,0,0,0,0.00589705147426287,0,0.00119940029985007,0.00669665167416292,0.0047976011994003,0,0,0,0.00379810094952524,0.00349825087456272,0.00369815092453773,0,0,0.0123938030984508,0
0,0,0,0,0,0,9.99200639488409e-05,9.99200639488409e-05,0,0,0,9.99200639488409e-05,0,9.99200639488409e-05,0.000399680255795364,0,0,0,0,0,9.99200639488409e-05,0.00109912070343725,0,0.00499600319744205,0,0.257693844924061,0,0,0.00329736211031175,0.000799360511590727,9.99200639488409e-05,0,0,0.00179856115107914,0,0,0.0128896882494005,0.000699440447641887,9.99200639488409e-05,0,0,0,0.00639488409272582,0.000799360511590727,0,0.00799360511590727,0,9.99200639488409e-05,0,0,0,0,0,0,0,0,0,0,0,0.00789368505195843,0,0,0,0,0,0,0.0108912869704237,0,0,0,0.000299760191846523,0,0,9.99200639488409e-05,0,0,0,9.99200639488409e-05,0,0.00109912070343725,0,0,0.00579536370903277,0,0.000199840127897682,0,0.00469624300559552,0,0,0.00159872102318145,0,0.0021982414068745,0.00729416466826539,0,0,0,0,0,9.99200639488409e-05,0,0,0,0,0,0,0,0.00119904076738609,0.325539568345324,0,0,0,0,0,9.99200639488409e-05,0,9.99200639488409e-05,0,0,0.00269784172661871,0,0,0,0,9.99200639488409e-05,0.00269784172661871,0,0,0,0,0,0,9.99200639488409e-05,0,0.000199840127897682,0,0,9.99200639488409e-05,0,0,0,0.000999200639488409,0,0,0,0,0,0,0,0,0,0.000499600319744205,0.000699440447641887,0,0,0,0,0,0,0,0.000199840127897682,9.99200639488409e-05,0,0,0.00919264588329336,0,0,0,0,0,0,0.000299760191846523,0,0,0,0,0,0.000299760191846523,0.000399680255795364,0.0082933653077538,0,0,0,0,0,9.99200639488409e-05,0,0,0,0,0,0,0.00179856115107914,9.99200639488409e-05,0,0,0,0,0,0,0,0,0,0,0,0,0.000799360511590727,0,0,0,0.00949240607513989,0,0,0,9.99200639488409e-05,0.000699440447641887,0,0.0021982414068745,0.00109912070343725,0.00939248601119105,0,0.00279776179056755,0,0,0,0,0,0,0,0.000499600319744205,0.000399680255795364,0.00289768185451639,0,0,0.0364708233413269,0,0,0,0,0,0,9.99200639488409e-05,0,0,0,0,0,0,9.99200639488409e-05,0,0,0.00339728217426059,9.99200639488409e-05,0.000399680255795364,0,0.000199840127897682,0.00409672262190248,0,0,9.99200639488409e-05,0,0.000299760191846523,0,0,9.99200639488409e-05,0,0,0,0,0,0.205835331734612,0,9.99200639488409e-05,0.0021982414068745,0,0,0,0,0,9.99200639488409e-05,0.000299760191846523,9.99200639488409e-05,0,0.00899280575539568,0,0,0,0,0,0.00149880095923261,0.000499600319744205,0,0,0,0,0.000499600319744205,0,0.00119904076738609,0,0,0.00519584332533973,0
0,0,0,0,0,0,0.000200060018005402,0,0,0,0,0,0,0,0.00160048014404321,0,0,0,0,0,0,0,0,0,0,0.340702210663199,0,0,0,0,0,0,0,0.0266079823947184,0,0,0,0,0,0,0,0,0,0,0,0.00380114034210263,0,0,0,0,0,0,0,0,0,0,0,0,0,0,0,0,0,0,0,0,0.0245073522056617,0,0,0,0,0,0,0,0,0,0,0,0,0.0531159347804341,0,0,0,0,0,0,0,0,0,0,0,0,0.0444133239971992,0,0,0.000400120036010803,0,0,0,0,0,0.00610183054916475,0,0,0,0,0,0.167250175052516,0,0.00610183054916475,0,0,0,0,0,0,0,0,0.0259077723316995,0,0,0,0,0.000100030009002701,0.0395118535560668,0.0180054016204861,0,0,0,0,0,0,0,0,0,0,0.00120036010803241,0,0,0,0.00310093027908373,0,0,0,0,0,0,0,0,0.000100030009002701,0,0,0,0,0,0,0,0,0,0,0,0,0,0,0,0,0,0,0,0,0.00170051015304591,0,0,0,0,0,0,0,0,0,0,0,0,0,0,0,0,0,0,0,0,0.00470141042312694,0,0,0,0,0,0,0,0,0,0,0,0.024407322196659,0,0,0,0,0,0,0,0,0,0,0,0,0.0102030609182755,0,0.010703210963289,0,0,0,0,0,0,0,0,0,0,0,0,0,0,0,0,0,0,0,0,0,0,0,0,0,0,0.0695208562568771,0,0,0,0,0,0,0,0,0,0,0,0,0,0,0.000400120036010803,0,0,0,0,0,0,0,0,0,0,0,0.0164049214764429,0,0,0,0,0,0,0,0,0,0.0972291687506252,0,0,0,0,0,0,0,0,0,0,0,0,0,0.00200060018005402,0,0,0,0
0,0,0,0,0,9.9940035978413e-05,9.9940035978413e-05,0,0,0,0,0,0,0.0128922646412153,0.000299820107935239,0,0,0,0,0.000299820107935239,0,0.00329802118728763,0,0.000799520287827304,0,0.242554467319608,0,0,0.00679592244653208,0.0109934039576254,0.253347991205277,0,0,0.00569658205076954,0,0,0,0.00859484309414351,0.000599640215870478,0,0,0.000199880071956826,0,0,0,0.0500699580251849,0,0,0,0,0.000799520287827304,0,0,0,0,0,0,0,0,0,0,0,0,0,0,0,0.0198880671597042,0,0.000499700179892065,0,0,9.9940035978413e-05,9.9940035978413e-05,0,0.000299820107935239,0,0,0,0,0,0,0,0,9.9940035978413e-05,0,0.000699580251848891,0,9.9940035978413e-05,0,0.0124925044973016,0,0.00629622226664002,9.9940035978413e-05,0,0,0.000499700179892065,0,0.000599640215870478,0.00189886068358985,0,0,0.00109934039576254,0,0.00129922046771937,9.9940035978413e-05,0,0.00219868079152508,0.01888866679992,0,0,0,0,0,0.0339796122326604,0,0,0.00969418348990606,0,0.00509694183489906,0,0,0,0,0.000399760143913652,0.0264841095342794,0,0,0,0,0,0.0190885468718769,0.0257845292824305,0,0,0,9.9940035978413e-05,0.00689586248251049,0,0,0,0,0,0,0,0,0,0,0.00169898061163302,0,0,0.00439736158305017,0,0,0,9.9940035978413e-05,0,0,0,0,0,0,0,0.000299820107935239,0,0,9.9940035978413e-05,0.000199880071956826,0,0,0.000199880071956826,0,0,9.9940035978413e-05,0,0,0,0,0.00129922046771937,0,0.000499700179892065,0,0,0,0,0,0,0,0.0140915450729562,0,0.000699580251848891,0,0.0360783529882071,0,0,0,0,0,0,0,0,0,0,0,0,0,0,0,0,0,0.00329802118728763,0,0,0,0,0,0,0,0,0.0442734359384369,0,0,0,0,0,0,0,0,0,0.00139916050369778,0,0,0,0,0,0,0.000299820107935239,0,0,0,0,0,0,0,0,0,0,0.0022986208275035,0,0,0,0,0.000399760143913652,0.00369778133120128,0,0,0,0,0.00109934039576254,0.000999400359784129,0.00529682190685589,0,0,0,0,0,0,0,0,0,0,0.00139916050369778,0.00879472316610034,0.0168898660803518,0,0,0,0,0,0,0.0117929242454527,0,0.0138916650009994,0.0262842294623226,0,0,0,0,0,0,0,0,0,0,0,0,0,0.000799520287827304,0,0,0.00509694183489906,0
0,0,0,0.000199900049975012,0,0,0.00179910044977511,0,0,9.99500249875062e-05,0,0,0,0,0.000699650174912544,0,0,0,0,0,0.00079960019990005,0.0108945527236382,0,0,0,0.207396301849075,0,0,0.032383808095952,0,0,0,0,0.0215892053973013,0,0,0.000199900049975012,0.0145927036481759,9.99500249875062e-05,0,0,0,0,0.00129935032483758,0,0.0188905547226387,0.00839580209895052,0,9.99500249875062e-05,0,0,0,0,0,0,0,0,0,0,0,9.99500249875062e-05,0,0,0.000199900049975012,0,0,0.0506746626686657,0,0,0,0,0,0,0.000599700149925037,0,0,0,0,0,0.000499750124937531,0,0,0.00459770114942529,0.00079960019990005,0.000599700149925037,0.000199900049975012,0.0184907546226887,0.0789605197401299,0,0.00659670164917541,0,0.00719640179910045,0,0,0,0,0,0,0.00929535232383808,0,0,0,0,0,0.000199900049975012,0,0.0349825087456272,9.99500249875062e-05,0,0,0,0,0,0.00329835082458771,0,0,0,9.99500249875062e-05,0.00379810094952524,0,0,0,0,0.0015992003998001,0.00499750124937531,0,0,0,0,0,0.0177911044477761,0.000299850074962519,0,0,0,0,0.00279860069965018,0,0,0,0.000999500249875062,0,0,0,0,0,0,0.000199900049975012,0,0,0.0015992003998001,0,0,0.00279860069965018,0,0,0,9.99500249875062e-05,0,0.0204897551224388,0,0,0,0,0,0,0,9.99500249875062e-05,0,0,0,0,9.99500249875062e-05,0,0,0.000499750124937531,0,0.00279860069965018,0.0529735132433783,0,0,0,0,0,0.00129935032483758,0,0,0,0,0,0,0.00819590204897551,0,0,0,0,0,0,0,0,0,0,0,0,0,0.00299850074962519,0,0,0.000199900049975012,0.00229885057471264,0,0,0,0.000399800099950025,0.00119940029985007,9.99500249875062e-05,0,0.00449775112443778,0.00139930034982509,0.000399800099950025,0,0.00389805097451274,0,0,0,0,0,0,0.00849575212393803,0,0.00649675162418791,0,0,0.0657671164417791,0,0,0,0,9.99500249875062e-05,0,0,0,0,0,0.000499750124937531,0,0,0,0,0,0.00399800099950025,0.000599700149925037,0,0,0.00149925037481259,0,0.000199900049975012,0,0,0,0,0,0,0.000299850074962519,0,9.99500249875062e-05,0,0,0,0,0,0,0.0135932033983008,0,0,0,0,0,0,0.0788605697151424,0,0,0.100649675162419,0,0,0,0,0.000299850074962519,0,0,0,0,0,0,0,0,9.99500249875062e-05,0,0,0.040679660169915,0
0,0,9.99000999000999e-05,0,0,0,0.0004995004995005,0.00599400599400599,0,9.99000999000999e-05,0,0.0003996003996004,0,0,9.99000999000999e-05,0,0,0,0,0,0.0106893106893107,0.0028971028971029,9.99000999000999e-05,0.0001998001998002,0.0002997002997003,0.0400599400599401,9.99000999000999e-05,0,0.0001998001998002,0.000599400599400599,0.0117882117882118,0,0,0.004995004995005,0,0,0.0002997002997003,0.0233766233766234,0,0,0,0.001998001998002,0.0273726273726274,0.0153846153846154,0,0.0272727272727273,0,0.0003996003996004,0,0,0.0002997002997003,0,0.0002997002997003,0,0.016983016983017,0.0003996003996004,0,0,0.0001998001998002,0.0155844155844156,9.99000999000999e-05,0.0018981018981019,0,0.0001998001998002,0,9.99000999000999e-05,0.000799200799200799,0,0,0,0.0297702297702298,0,0.0001998001998002,0.0157842157842158,0,0,0,9.99000999000999e-05,0,0.0242757242757243,0.0001998001998002,0.0003996003996004,0.00949050949050949,0,0.0026973026973027,0,0.0567432567432567,0,0,0.0136863136863137,0,9.99000999000999e-05,9.99000999000999e-05,0.0003996003996004,0,0.0002997002997003,0,0,0,0,0.0026973026973027,0,0,0,0,0.0003996003996004,0.0118881118881119,0.0047952047952048,0,0,0,0,0,0.0046953046953047,0.000699300699300699,0.0003996003996004,0,0,0.00619380619380619,0,0,0,0,0,0,0,0,0.000599400599400599,9.99000999000999e-05,0.00789210789210789,0.00829170829170829,0.0405594405594406,0,9.99000999000999e-05,0.0037962037962038,0,9.99000999000999e-05,9.99000999000999e-05,0.0003996003996004,9.99000999000999e-05,0.0001998001998002,0,0,0,0,0,0.0034965034965035,0.00519480519480519,9.99000999000999e-05,0,0.004995004995005,0.00599400599400599,0,0.0010989010989011,9.99000999000999e-05,0,0,0.0020979020979021,0,0.00889110889110889,0,0.0002997002997003,0.0003996003996004,0.162137862137862,0,0,0,0,0,0,0.0013986013986014,0,0,0,0,0,0.0003996003996004,0.0102897102897103,0.00669330669330669,0.0017982017982018,9.99000999000999e-05,0,9.99000999000999e-05,0,0.0026973026973027,0,0,0,0,0,0,0.0116883116883117,9.99000999000999e-05,0,0.000899100899100899,0,0,9.99000999000999e-05,0,0,0,0,0,0.0012987012987013,0,0.0045954045954046,0.0013986013986014,0,0,9.99000999000999e-05,0.0048951048951049,0,0,0,0.00699300699300699,0.000599400599400599,0.0035964035964036,0.0118881118881119,0,0.0003996003996004,0.0017982017982018,0.0015984015984016,0,0.0002997002997003,0,0,0.0210789210789211,0,0.0114885114885115,0.0003996003996004,0.0145854145854146,0.0004995004995005,0.0004995004995005,0.00539460539460539,0,0,0.0002997002997003,0,0.000599400599400599,0.0010989010989011,9.99000999000999e-05,0.000599400599400599,0,0.0021978021978022,0,0,0,0,0,0,0,0.002997002997003,0.0013986013986014,0,0.0015984015984016,0.0001998001998002,0.0004995004995005,0,0.004995004995005,0.0145854145854146,9.99000999000999e-05,0,0,0.0016983016983017,0.0106893106893107,0,9.99000999000999e-05,0,0,9.99000999000999e-05,0,0.00759240759240759,0.0010989010989011,0,0.0012987012987013,9.99000999000999e-05,0,0,0.0013986013986014,0.107592407592408,9.99000999000999e-05,0,0.0202797202797203,0,0,0.015984015984016,0,0,0.0046953046953047,0,0,0,0,0,0.0003996003996004,0.0011988011988012,9.99000999000999e-05,0,0,0.00949050949050949,0
0,0,0,0,0,0,0.000199940017994602,0,0,0,0,0,0,0.00459862041387584,0.00189943017094872,0,0,0,0,0,0.000499850044986504,0.00229931020693792,0,0.000299910026991902,0.000199940017994602,0.258622413276017,0,0,0.000299910026991902,0,0,0,0,0.00599820053983805,0,0,9.99700089973008e-05,0,0,0,0,0,0,0,0,0.015295411376587,0,0,0,0,0,0,0,0,0,0,0,0,0,0.00169949015295411,0,9.99700089973008e-05,0,0,0.000399880035989203,0,0.0196940917724683,0,0,0.0134959512146356,0,0,9.99700089973008e-05,0,0,0,0,0,0,0,0,0,0.0119964010796761,0,9.99700089973008e-05,0,0,0,0,0.000299910026991902,0,0.000399880035989203,9.99700089973008e-05,0,0,9.99700089973008e-05,0,0,0.00289913026092172,0,0,0,0,0,9.99700089973008e-05,9.99700089973008e-05,0.00699790062981106,0.377986604018794,0,0.00149955013495951,0,0,0,0.00949715085474358,0,0,0,0,0.0105968209537139,0,0.000199940017994602,0,0,0.000199940017994602,0,0,0,0,0,0,0,0.000299910026991902,0,9.99700089973008e-05,0,0,0.0256922923123063,0,0,0,0.0555833250024993,0,0,0,0,0,0,0,0,0,0,0,0,0.000899730080975707,9.99700089973008e-05,0,0,0,0.000899730080975707,0.000299910026991902,0,0,0,0,0,0,0,0,0,0,0.000699790062981106,9.99700089973008e-05,0.00379886034189743,9.99700089973008e-05,0,0,0,0,0.0100969709087274,0,0,0,0,0,0,0,0,0,0,0,0,0.00329901029691093,9.99700089973008e-05,0,0,0,0,0,0,0,0,0,0,0,0,0.00819754073777867,0.000699790062981106,0,0,9.99700089973008e-05,0,0,0.000299910026991902,0,0,0,0.00229931020693792,0,0,0.000199940017994602,0,0,0,0,0,0,0,0,0,9.99700089973008e-05,0.00149955013495951,0,0,0.00329901029691093,0,0,0,0,0,0,0,0,0,0,0,0,0,0,0,0,0,0,0,0,0,0,0,0,0,0,0.000399880035989203,0,0.000199940017994602,0,0,0,0,0,0,0.00989703089073278,0,0,0.000799760071978406,0,0,0,0,0,0,0.0901729481155653,0,0,0.00319904028791363,0,0,0,0,0,0.000499850044986504,0,0,0,0,0,9.99700089973008e-05,0,0.0262921123662901,0,0,0.000799760071978406,0
0,0,0,0.00179874088138303,0,0,9.9930048965724e-05,0.000199860097931448,0,0.00049965024482862,0,0.000199860097931448,0,0.0155890876386529,0.00629559308484061,0,0,0,0,0,0.00219846107724593,0.00349755171380034,9.9930048965724e-05,0.00149895073448586,0.00049965024482862,0.257319876086739,0.000199860097931448,0,0.00729489357449785,0.00169881083241731,0.0178874787648646,0,0,0.0122913960227841,0.000599580293794344,0.00189867093034876,0,0,0,0,0,0.00099930048965724,0.0150894373938243,0.00409713200759468,0,9.9930048965724e-05,0,0.00099930048965724,0,0,0,9.9930048965724e-05,0.00049965024482862,0,0,0.000199860097931448,0,0,0,0.000599580293794344,0,0.00319776156690317,0,0.0116918157289897,0,0.00359748176276606,0.00219846107724593,0.00379734186069751,0,0.000199860097931448,0.00099930048965724,0,0,0.00149895073448586,0,0,0,0,0,0.000699510342760068,0,0.000199860097931448,0.000199860097931448,0.000599580293794344,0.0049965024482862,0,0.016288597981413,9.9930048965724e-05,0,0.00529629259518337,0,0.00229839112621165,0,0.0020985310282802,0,0,0,0,0.00099930048965724,0,0.00109923053862296,0.00099930048965724,0,0.000599580293794344,0,0,0,0.0314779654242031,0.000699510342760068,0.00189867093034876,0.00199860097931448,0,0,9.9930048965724e-05,0,0,0,0,0.0099930048965724,0,0,0.002897971420006,0,0,0.0258818826821225,0.00219846107724593,0,0,9.9930048965724e-05,0.0134905566103727,0.00049965024482862,0.00269811132207455,0,0,0,0,0.0396722294393924,0,0,0,0,0.00049965024482862,0.000899370440691516,0,0.00119916058758869,0,0.00099930048965724,0.00099930048965724,0,0,0.000899370440691516,0,0,0.00159888078345158,9.9930048965724e-05,0,0,0,0.000399720195862896,0.00189867093034876,9.9930048965724e-05,0.000699510342760068,0.00169881083241731,0,0,0,0.000399720195862896,0,0,0.000399720195862896,0.00279804137104027,0,0.00589587288897772,0,0,0.000199860097931448,0,0,0.00239832117517738,0.000199860097931448,0,0,0,0,0.000599580293794344,0,0,0,9.9930048965724e-05,0,0,0.00119916058758869,0,0,0,0,0,0,0,0,0,0,0,0.0160887378834816,0.0279804137104027,0.000399720195862896,0,0,0,0,0.000299790146897172,0,0.000199860097931448,0.000699510342760068,0.00329769161586889,0,0.00309783151793744,0.00719496352553213,0,0.000299790146897172,0,0.00449685220345758,0.00939342460277806,0.00129909063655441,0,0,0,0,0.00199860097931448,9.9930048965724e-05,0.00889377435794944,0,0.00339762166483462,0.128410112920955,0,0,0.000399720195862896,0,0.00119916058758869,0,0,0,0,0,0,0.000199860097931448,0,0,0.00049965024482862,0.00109923053862296,0.00239832117517738,0.000399720195862896,0.00409713200759468,0,0.00449685220345758,0,0.00129909063655441,0,0.000399720195862896,0.000399720195862896,0.000399720195862896,0.00439692215449186,0,0,0,0,0,0.00449685220345758,0.0020985310282802,0.0100929349455381,0,0.00299790146897172,0.00569601279104627,0,0,0,0,0.000699510342760068,0.00389727190966324,0.124412910962326,0,0,0.0172878984710703,0,0,0,0,0,0.00919356450484661,0.000599580293794344,0,0,0,0,0,9.9930048965724e-05,0,0.00139902068552014,0,0,0
0,0,0,0,0,0,5e-04,0,0,0,0,0,6e-04,0,0.0041,0,3e-04,2e-04,0,0,0,0,0,0,0,0,0,0,0.0051,0,0.0223,0,0,0,0,0,0,0,0,2e-04,0,0,0,0,0,0,0,0,0,3e-04,0,0,0,0,0,0,0,0,0,0,0,0,3e-04,0,0,3e-04,0.0354,5e-04,0,0,0,0,0,0,0,0,0,0,0,0,0,0,0,0,0,0,0.0531,0,0,0.0065,0,0.0151,0.0206,0,0,0.0076,0,0,0,0,0,0.0175,0,0,0.0066,0,0,0,0,0,0,0,0,0.0239,0,1e-04,4e-04,0,0.0836,0,0,0,0,0.001,0,0,0,0,7e-04,0,0,6e-04,0,0,0,0,0.0994,0,0,0,0.0178,0,0,0,0,0,0.0031,0,0,0,0.0014,0,0,0.0022,6e-04,0,0,0,0,0,0,0,0,0,3e-04,0,0,0,0,0,0,0,2e-04,0,0,0,0,0,0,0,0,0,0.0016,0,0,0.0012,0,0,0,0,0,0,0,0,0,3e-04,0,0,0,0,0,5e-04,0,0,0,0.0015,0.0011,0.0024,0,5e-04,0,0,0,9e-04,0,0,0.0214,0,0.0499,0,0,0,0,0.0054,0,5e-04,0,0.0866,0,0,0,0,0,0,0,0,0,0,0,0,0,0,0,0,0,0,0,0,0,0,0,0,0.0079,5e-04,0,4e-04,6e-04,0,0,0,0,0,0,0,0,0,0,0,0,0.0073,0,0,0.2547,0.0051,0.0028,0,3e-04,0.0021,0,0,0,0.056,0,0,0.0066,0,0,0,0,0,0,0,0,0,0.0117,0,0.0033,0,0,0.0345,0
0,0,0,0.0001000100010001,0,0,0,0,0,0,0,0.0003000300030003,0,0,0.0105010501050105,0.0097009700970097,0.0093009300930093,0,0,0,0,0.002000200020002,0,0,0,0.359035903590359,0,0,0.0003000300030003,0.0001000100010001,0,0.0041004100410041,0,0.0211021102110211,0,0,0,0.0001000100010001,0,0,0,0.0008000800080008,0,0,0,0.0132013201320132,0,0.0002000200020002,0,0,0.0007000700070007,0,0,0,0,0.0002000200020002,0,0,0,0.0001000100010001,0.0001000100010001,0,0,0.0007000700070007,0,0.0016001600160016,0.0021002100210021,0,0,0.0003000300030003,0,0,0,0,0.163816381638164,0,0,0,0,0.0004000400040004,0,0,0.0125012501250125,0,0,0.0014001400140014,0,0,0,0,0,0,0,0,0,0,0.0004000400040004,0,0,0,0,0.0006000600060006,0,0,0,0,0,0.0033003300330033,0,0,0.0055005500550055,0,0,0.0019001900190019,0,0,0,0,0.0018001800180018,0,0,0,0,0.0003000300030003,0.0308030803080308,0.0009000900090009,0,0,0,0,0,0,0,0,0,0,0,0,0.0183018301830183,0,0.0025002500250025,0.0004000400040004,0.0007000700070007,0,0,0,0.0005000500050005,0,0,0,0.0018001800180018,0,0,0.0007000700070007,0,0,0,0.0004000400040004,0,0,0,0.0004000400040004,0,0.0007000700070007,0,0,0.0003000300030003,0,0,0,0.0002000200020002,0,0.0001000100010001,0,0,0,0,0.0015001500150015,0.0003000300030003,0.0002000200020002,0,0,0,0,0.0003000300030003,0,0,0,0,0,0,0.0006000600060006,0.0002000200020002,0,0,0,0,0,0,0,0,0,0,0.0004000400040004,0.0035003500350035,0.0006000600060006,0,0,0,0.0007000700070007,0.0005000500050005,0,0,0,0.0001000100010001,0,0.0023002300230023,0.0006000600060006,0.0053005300530053,0,0.0014001400140014,0.0002000200020002,0,0,0,0,0,0,0,0,0,0,0.001000100010001,0.161716171617162,0,0,0.0012001200120012,0,0.0031003100310031,0,0,0,0,0,0.0134013401340134,0.0029002900290029,0,0,0,0,0,0.0001000100010001,0.0009000900090009,0,0.0008000800080008,0.005000500050005,0.0001000100010001,0,0,0.0008000800080008,0.0003000300030003,0,0,0.0001000100010001,0.0001000100010001,0,0,0,0.0004000400040004,0.0025002500250025,0,0.0011001100110011,0.0158015801580158,0,0,0,0,0,0,0.0635063506350635,0,0,0.0112011201120112,0,0,0,0,0,0,0.0005000500050005,0,0,0,0,0,0,0,0,0,0.0075007500750075,0
0,0,0,0,0,0,0,0,0,0,0,0.000399760143913652,0,0,0.00189886068358985,0.000899460323805717,0.000399760143913652,0,0,0,0,0.00499700179892065,0,0,0,0.36398161103338,0,0,0.00189886068358985,0.000199880071956826,0.00839496302218669,0,0.00219868079152508,0.0182890265840496,0,0,0.000999400359784129,0.0099940035978413,0,0,0,0.00449730161902858,0,0.00779532280631621,0,0.0333799720167899,0,0,0,0,0,0,0.000999400359784129,9.9940035978413e-05,0,0,0,0,0,0,0,0,0,0,0,0,0,0,0.00179892064761143,0,0.00249850089946032,0,0,0,0,0,0,0,0,0.00529682190685589,0,0.0109934039576254,0.0155906456126324,0,0,0.000199880071956826,0,0,0.000299820107935239,0.0022986208275035,0.00159904057565461,0,0.0559664201479113,0,0,0,0,0,0.00569658205076954,0,0,0,0,0,0,0,0,0.0586648011193284,0,0,0.00159904057565461,0,0,0,0,0,0,0.000299820107935239,0.000499700179892065,0,0,0,0,9.9940035978413e-05,0.00389766140315811,0,0,0,0,0,0,0,0.0416749950029982,0,0,0,9.9940035978413e-05,0,0.0195882470517689,0,0.00339796122326604,0,0,0.000199880071956826,0,0,0,0,0.000199880071956826,0,0.000699580251848891,0,0,0,0.000199880071956826,0,0.000199880071956826,0,0,0,0,0,0,0,0,9.9940035978413e-05,0.000799520287827304,0,0,0,0,0,0.00139916050369778,0,0.00159904057565461,0,0,0.000199880071956826,0,9.9940035978413e-05,0,0,0,0,0.00799520287827304,0.000299820107935239,0,0,0,0,0,0.00419748151109334,0,0,0,0,0,0,0,0,0,0,0,0,0.0634619228462922,0.00409754147511493,0.00139916050369778,0.000899460323805717,9.9940035978413e-05,0.0226863881670997,0,0,0,0.000899460323805717,0.000499700179892065,0.000999400359784129,0,0.00389766140315811,0.0638616829902059,0,0,0,0,0,0,0,0,0,0.0135918448930642,0,0.0139916050369778,0,0.00109934039576254,0.012092744353388,0,0,0,0,0.00599640215870478,0.000899460323805717,0,0.00249850089946032,0,0,0.000199880071956826,9.9940035978413e-05,0,0,0,0,0,0,0,0,0.000899460323805717,0.00169898061163302,0,0,0,0.000599640215870478,0,0,0,0,0,0,0,0,0,0.0169898061163302,0,0.000599640215870478,0.00569658205076954,9.9940035978413e-05,0,0,0,0,0,0.000299820107935239,9.9940035978413e-05,0,0.0327803318009195,0,0,0,0,0,0,0.00109934039576254,0.00509694183489906,0,0,0,0.00319808115130921,0,0.000899460323805717,0,0,0.00509694183489906,0
0,0,0,0,0,0,0.0030981411153308,0,0,0,0.000199880071956826,0.000399760143913652,0,0,0.000399760143913652,0.000699580251848891,0.00129922046771937,0,0,0,0,0.00189886068358985,0,0,0,9.9940035978413e-05,0.000199880071956826,0,0.000199880071956826,0.000599640215870478,0.00279832100739556,0,0,0.00699580251848891,0.00109934039576254,0,0.000999400359784129,0.004597241655007,0,0,0,0.00199880071956826,0.000399760143913652,0.00339796122326604,0,0.000799520287827304,0,0,0,0,0.000299820107935239,0,0.00119928043174096,0,0.00279832100739556,0.000399760143913652,0,0,0,0.0153907655406756,0.000199880071956826,0,9.9940035978413e-05,0.000399760143913652,0.000299820107935239,0,0.0184889066560064,0,0,0,0.00219868079152508,0,0,0.00209874075554667,0,0,0,0,0,0.0348790725564661,0,0.00369778133120128,0.000699580251848891,0,0.00169898061163302,0,0.000399760143913652,0,0,0.000599640215870478,0,0.000399760143913652,0.0226863881670997,0,0.00349790125924445,0,0,0,0.000399760143913652,0,0.00239856086348191,0,0,0.00119928043174096,0,0.00219868079152508,0,0.400059964021587,0.000699580251848891,0,0.00709574255446732,9.9940035978413e-05,0,0.000799520287827304,0,0,0,0,0.00959424345392764,0,0,0,0,0.000399760143913652,0.000999400359784129,0.0127923246052369,0,0,0.00149910053967619,0,0.00109934039576254,0,0,0,0,0,0.000599640215870478,0.00139916050369778,0,0,0,0,0,0,0.00299820107935239,0,0.00399760143913652,0,0,0,0,0.00189886068358985,0,0,0.00879472316610034,0,0,0,0.00559664201479113,0.0106935838496902,0,0.00139916050369778,0,9.9940035978413e-05,0,0,0.000599640215870478,0,0,0,0,0,0,0,0,0,0.00369778133120128,0.00359784129522287,0.000999400359784129,0.000599640215870478,0,0,0,0,0.00199880071956826,0,0,0,0,0,0,0.00149910053967619,9.9940035978413e-05,0,0.000299820107935239,0,0,0,0,0,0,0,0,0.0277833300019988,0,0.00409754147511493,0.000999400359784129,0,0,9.9940035978413e-05,0,0,0,0.000299820107935239,0.000199880071956826,0,0,0.0030981411153308,0,0.00109934039576254,0,0.000599640215870478,0,0,0,0,0.000399760143913652,0,0.0109934039576254,0,0.00509694183489906,0,0.00169898061163302,0.0374775134919049,0,0,0,0,0.0022986208275035,0.0254847091744953,0,0.0030981411153308,0,0,0,0,0,0,0,0,0,0.000799520287827304,0.000399760143913652,0,0.00569658205076954,0.000799520287827304,0,0,0.000799520287827304,0.00179892064761143,0,0,0,0.000199880071956826,0,0,0,0.00589646212272636,0,0.105936438137118,0,0.00869478313012193,0.00889466320207875,0,0.000899460323805717,0,0,0,9.9940035978413e-05,0.0437737357585449,0,0,0.033879672196682,0,0,0,0,0,0.00179892064761143,0.000299820107935239,0,0,0,0,9.9940035978413e-05,0,0.00629622226664002,0.00899460323805717,0.000899460323805717,0.00139916050369778,0
0,0,0,0,0,0,9.99900009999e-05,0,0,0,0,0,0,0,0.0053994600539946,0,0,0,0,0,0,0.0008999100089991,0,0.0001999800019998,0,0.24007599240076,0,0,0.0080991900809919,0,0,0,0,0.0057994200579942,0,0,0.0066993300669933,0.0011998800119988,0,0,0,0,0.0304969503049695,0,0,0,0,0,0.0026997300269973,0,0,0,0,0,0,0,0,0,0,9.99900009999e-05,0,0.0116988301169883,0,0,0,0,0.0260973902609739,9.99900009999e-05,0,0,0,0,0,0,0,0,0,0,0,0.0014998500149985,0,0,0,0,0,0.0041995800419958,0.0003999600039996,0,0,0.0022997700229977,0,0.0003999600039996,0,0,0,0,0,0,0,0,0,0,0,0,9.99900009999e-05,0,0,0.141485851414859,0,0,0,0,0,0.0001999800019998,0,0,0,0,0.0037996200379962,0,0,0,0.0128987101289871,0.0002999700029997,0.0382961703829617,0,0,0,0,0,0,0,0,0.0004999500049995,0,0,0.0141985801419858,0.0004999500049995,0,0,0.0898910108989101,0,0,0,0,0,0.0023997600239976,0,0,0,0,0,0,0,9.99900009999e-05,0,0,0,0,0,0,0,0,0.0001999800019998,0,0,0,9.99900009999e-05,0,0,0,0,0,0,0,0,0,0,0.0157984201579842,0,0,0,0,0,0,0,0,0,0,0,0,0.0020997900209979,0,0,0,0,0,0,0,0,0,0,0,0,0,0.0006999300069993,0,0,0,0,0,0,0,0,0,0,0,0,0.0858914108589141,0,0,0.0028997100289971,0,0,0,0,0,0,0,0,0.0027997200279972,0,0,0.0212978702129787,0,0,0,0,0,0,0,0,0,0,0,0,0,0,0,0,0,0,0,0,0,0,0,0,0,0,0,0,0,0,0,0,0,0,0,0.0537946205379462,0,0,0.149085091490851,0,0,0,9.99900009999e-05,0,0,0.0006999300069993,0,0,0.010998900109989,0,0,0,0,0,0,0,0,0,0,0,0,0,0.0003999600039996,0,0,0,0
0,0,0,0,0,0,0.003,0,0,0,4e-04,0,0,0,1e-04,5e-04,2e-04,0,0,0,0,8e-04,0,6e-04,0,0.1179,0,0,9e-04,3e-04,0,0,0,0.0243,4e-04,0,0,0,0,0,1e-04,5e-04,0,0,0,0.0215,0,0,0,0,0,0,0,0,0,2e-04,0,0,0.0019,0,2e-04,0.0101,1e-04,5e-04,0,8e-04,7e-04,4e-04,0,0,0,0,0,3e-04,0,0,0,0,0,0,0,0.0028,0,0,0.0063,0,0.0064,0,4e-04,0.0022,0,7e-04,0.0136,0,0,0,0,0,0,0,0,0.0013,0,0,0.0036,0,0.0185,0.0205,0,0,0.003,0,0,0.0013,0,0,0,0,0.0029,0,0,0,0.002,2e-04,0.0027,0,0,0,0,0,0,1e-04,0,0,0,0,3e-04,0,0,0,1e-04,0,0.0022,0,0,0,6e-04,0,0,0,7e-04,0,0,0,1e-04,0,0,0,0.0017,0,0,0,0,0,0,0,0,3e-04,0,7e-04,0,0,0,0,0,0,0.002,0.0157,0.0725,0,0,0,0,0,0,0.0021,0,0,0,0,0,7e-04,3e-04,0,0,0,0,0,0,0,0,0,0,0,0,4e-04,0,0,2e-04,0,0,0,0,0,4e-04,0,0,0,0.0012,0,0,0,0,0,0,0,0,0,0.0042,0,0.0119,0,0.001,0.0167,0,0,0,0,0.0013,0,0,0,0,0,0,0,0,1e-04,0,0,0.0239,0,0,0,0,1e-04,1e-04,0,0.001,0,0,0,0,0,0,4e-04,0,0,0,0.3369,0,0,0.0076,0,0,0,4e-04,0,6e-04,0.205,0,0,0.0092,0,0,0,0,0,0,4e-04,0,0,0,0,6e-04,0,6e-04,0,0,6e-04,0
0,0,0,0,0,0,9.9930048965724e-05,0,0,0,0,0.00109923053862296,0.000199860097931448,0,0.00219846107724593,0,0,0,0,0,0,0,0,0.000299790146897172,0,0.142200459678225,0,0,0.00139902068552014,0.00049965024482862,0.00199860097931448,0,0,0.00509643249725192,0,0,0.000399720195862896,0.0128909763165784,0,0,0,0.00179874088138303,0,0,0,0.0194863595483162,0,0,0,0,0,0.0020985310282802,0,0,0,0,0,0,0,0,0,0,0,0.00139902068552014,0,0,0.0024982512241431,0,0.000399720195862896,0,0,0,0,0,0,9.9930048965724e-05,0,0,0,0,0,0,0.000699510342760068,0,0,0.000699510342760068,9.9930048965724e-05,0.00169881083241731,0,0,0.0701508943739382,0,0.00269811132207455,0,0,0,0,0,0,0,0,9.9930048965724e-05,0,0,0,0,0,0.0134905566103727,0,0,0.00179874088138303,0,0,0,0,0,0.00119916058758869,0,0.00639552313380634,0.000199860097931448,0,0,0,0.000299790146897172,0,0,0,0,0,0.000799440391725792,0.00659538323173778,0.033676426501449,0.000199860097931448,0,0,9.9930048965724e-05,0.00149895073448586,0.00159888078345158,0.000299790146897172,0,0,0,0,0,0,0,0.000899370440691516,0,0,0,0.00269811132207455,0,0,0,0,0,0,0,0,0.00679524332966923,0,0.00049965024482862,0,0.0448685919856101,0,0,0.00049965024482862,0.000599580293794344,0,0.000699510342760068,0,0,9.9930048965724e-05,0,0,0,0,0,0,0,0,0.000299790146897172,0,0,0.000599580293794344,0.00389727190966324,0,0,0,0,0,0.00469671230138903,0.00049965024482862,0,0.0184870590586589,0,0,0,0,0,0,0.00529629259518337,0,9.9930048965724e-05,0.0537623663435595,0.000699510342760068,9.9930048965724e-05,0,9.9930048965724e-05,0,0,0,0,0,0,0,0,0,0,0,0,0,0,0,0,0,0,0,0,0,0,0,0.00129909063655441,0.0751473968222244,0,0,0,0,0.00099930048965724,0,0,0,0.0124912561207155,0,9.9930048965724e-05,0,0,0,0,0,0,0,0.00269811132207455,9.9930048965724e-05,0.00099930048965724,0.000699510342760068,0,0,0.000299790146897172,0.00179874088138303,0,0,0,0,0.000399720195862896,0,0,0,0.00369741181173179,0.00629559308484061,0,0,0.0285799940041971,9.9930048965724e-05,0,0,0,0,0.000299790146897172,0.342859998001399,0,0,0.000799440391725792,0,0,0.00279804137104027,0,0,0.00719496352553213,0,0,0,9.9930048965724e-05,0,0,0,0,0,0,0.0235834915559109,0
0,0.0005000500050005,0,0,0,0,0.0002000200020002,0,0,0,0,0.0007000700070007,0.0003000300030003,0,0.0001000100010001,0,0,0,0.0036003600360036,0,0,0,0,0.0001000100010001,0.0004000400040004,0.0286028602860286,0,0,0,0.0002000200020002,0.0535053505350535,0,0,0,0,0,0.0001000100010001,0,0.0002000200020002,0,0,0,0.078007800780078,0,0,0,0,0,0,0.0001000100010001,0,0.0006000600060006,0.0002000200020002,0,0,0.0004000400040004,0,0.0002000200020002,0.0002000200020002,0,0,0,0,0.0075007500750075,0,0,0.0204020402040204,0,0,0,0,0,0,0,0,0.0024002400240024,0,0.0003000300030003,0,0.0167016701670167,0,0,0,0,0,0.0001000100010001,0.0001000100010001,0,0,0,0,0.0002000200020002,0.0004000400040004,0,0,0,0,0,0,0,0,0.0001000100010001,0.0012001200120012,0,0,0,0,0.0187018701870187,0,0,0.0056005600560056,0,0,0,0,0,0,0.0021002100210021,0,0,0,0,0,0,0,0,0,0,0,0,0,0,0,0,0.0003000300030003,0,0.0001000100010001,0.0002000200020002,0.0005000500050005,0,0.0002000200020002,0.0008000800080008,0.0007000700070007,0,0,0,0,0,0,0,0.0052005200520052,0,0,0,0,0,0,0,0,0,0,0.0013001300130013,0,0,0,0.0001000100010001,0.0006000600060006,0,0,0.0006000600060006,0,0,0,0,0,0,0.0022002200220022,0.0148014801480148,0,0,0,0,0,0.002000200020002,0,0,0,0,0,0,0,0,0.0001000100010001,0,0,0,0,0,0,0,0,0.0048004800480048,0,0,0,0.0012001200120012,0.0001000100010001,0,0,0.0001000100010001,0.0001000100010001,0,0,0,0,0,0,0,0.024002400240024,0,0,0.0056005600560056,0,0,0,0,0,0,0,0,0,0,0.0011001100110011,0.0043004300430043,0.0001000100010001,0,0,0,0.0009000900090009,0,0,0.0046004600460046,0,0,0,0,0.0095009500950095,0,0,0,0,0,0,0,0,0.0001000100010001,0.0016001600160016,0,0,0,0,0,0,0,0,0.0002000200020002,0,0,0.0075007500750075,0.0002000200020002,0.0007000700070007,0,0.0095009500950095,0.0011001100110011,0,0,0,0,0,0.536653665366537,0,0.0002000200020002,0,0,0.111011101110111,0,0,0.0003000300030003,0,0,0,0,0,0,0,0,0.0008000800080008,0,0,0,0
0,0,0,0,0,0,0.0012998700129987,0,0,0,0,0,0,0,0,0,0,0,0,0,0,0,0,0.0006999300069993,0,0,0,0,0.0010998900109989,0,0.0914908509149085,0,0,0.0104989501049895,0,0,0.0247975202479752,0.0012998700129987,0,0,0,0,0,0,0,0,0,0,0,0,0,0,0,0,0,0,0,0,0,0.0023997600239976,0,0,0,0,0,0,0.0012998700129987,0,0,0,0,0,0,0,0,0,0,0,0,0.0023997600239976,0,0,0,0,0,0,0.0203979602039796,0,0.0001999800019998,0.0200979902009799,0,0.0027997200279972,0.0018998100189981,0,0,0.0003999600039996,0,0,0,0,0,0.0204979502049795,0,0,0,0,0,0.0624937506249375,0,0.0072992700729927,0,0,0,0.0121987801219878,0,9.99900009999e-05,0,0,0,0.0001999800019998,0,0,0,0.0002999700029997,0.0955904409559044,0,0,0,0,0,0,0,0,0.0002999700029997,0,0,0.0051994800519948,0,0,0,0,0,0.0003999600039996,0,0,0,0,0,0,0,0.0052994700529947,0,0,0,0.0001999800019998,0,0.0001999800019998,0,0,0,0,0,0,0,0,0,0,0,0,0,0.000999900009999,0.0001999800019998,0,0,0.0012998700129987,0,0,0,0.0010998900109989,0,0,0,0,0,0,0,0,0,0,0,0,0.0053994600539946,0.0040995900409959,0.0041995800419958,0,0.0003999600039996,0.0003999600039996,0,0,0,0,0,0,0,0.0100989901009899,0.0012998700129987,0,0,0.0004999500049995,0.0051994800519948,0,0,0,0,0,0.0001999800019998,9.99900009999e-05,0,0.0410958904109589,0,0,0,0,0,0,0,0,0,0,0,0,0,0,0.022997700229977,0,0,0,0,0,0,0,0,0,0,0.0001999800019998,0,0,0,0,0,0,0,0,0,0,0.0050994900509949,0,0,0.0024997500249975,0,0,0,0,0,0,0,0,0,0,0.115288471152885,0,0,0.16008399160084,0,0,0,0,0,0,0.055994400559944,0,0,0.134686531346865,0,0,0,0,0,0,0,0,0,0,0,0.0090990900909909,0,0.0008999100089991,0,0,0.0231976802319768,0
0,0,0,0,0,0,0.004000400040004,0,0,0,0.0013001300130013,0,0.0007000700070007,0,0.0082008200820082,0,0.0009000900090009,0.0018001800180018,0,0,0,0.0059005900590059,0,0,0,0.100610061006101,0,0,0.0193019301930193,0,0,0,0,0.0071007100710071,0,0,0.0002000200020002,0,0.0001000100010001,0,0,0,0,0,0,0,0,0,0,0,0.0004000400040004,0,0,0,0.0103010301030103,0.0026002600260026,0,0,0,0,0.0004000400040004,0,0.0001000100010001,0,0,0,0.0341034103410341,0,0,0,0.0095009500950095,0,0,0,0,0.0176017601760176,0,0,0,0.0098009800980098,0,0.004000400040004,0,0,0.0075007500750075,0.0004000400040004,0.0005000500050005,0,0,0.0067006700670067,0,0,0,0,0,0,0,0,0,0,0,0,0.0024002400240024,0,0.0007000700070007,0,0,0,0,0,0,0,0,0.0053005300530053,0.0009000900090009,0.0008000800080008,0,0,0.0555055505550555,0,0,0,0,0.0003000300030003,0,0.0101010101010101,0,0.0039003900390039,0.0007000700070007,0,0,0,0,0,0,0,0,0,0,0,0,0,0,0,0.0425042504250425,0,0.0015001500150015,0,0,0,0.002000200020002,0,0,0.0005000500050005,0,0,0,0.0037003700370037,0,0.0077007700770077,0,0,0,0,0,0,0,0,0,0,0.001000100010001,0,0,0,0,0,0.0001000100010001,0,0.0121012101210121,0,0,0,0,0,0.0025002500250025,0,0,0,0,0,0,0.0453045304530453,0.0002000200020002,0,0,0,0,0,0,0,0,0,0,0.0009000900090009,0,0.0104010401040104,0.0001000100010001,0.0004000400040004,0,0.002000200020002,0.0207020702070207,0,0,0,0.0032003200320032,0,0.0099009900990099,0.0055005500550055,0.0134013401340134,0,0,0.0036003600360036,0,0,0,0,0,0,0.0009000900090009,0,0,0,0,0.018001800180018,0,0,0.0011001100110011,0,0,0.0233023302330233,0.0001000100010001,0,0,0,0,0.0132013201320132,0,0,0,0,0,0.0001000100010001,0.001000100010001,0,0,0.0023002300230023,0,0,0.0008000800080008,0,0,0,0,0.0004000400040004,0.0333033303330333,0,0,0,0,0.0672067206720672,0,0.0096009600960096,0.0336033603360336,0,0.0011001100110011,0,0,0,0,0.172017201720172,0,0,0.0438043804380438,0,0,0,0,0,0,0.0067006700670067,0,0,0,0,0,0,0.0012001200120012,0,0,0.0464046404640464,0
0,0,0,0,0,0,0,0,9.99700089973008e-05,0,0,0.000599820053983805,0,0,9.99700089973008e-05,0.000299910026991902,0.000499850044986504,0,0,0,0.000599820053983805,0.00239928021593522,0,9.99700089973008e-05,0,0.0876736978906328,0,0,0.000199940017994602,0.00139958012596221,0.00229931020693792,0.00489853044086774,0,0.0110966709987004,0,0,0.000499850044986504,9.99700089973008e-05,0,0,0,0.00199940017994602,0.103069079276217,0.00629811056682995,0,0.00799760071978406,0,0,9.99700089973008e-05,0,0,0,0,0,0,0,0,0,0.000899730080975707,0,0.000299910026991902,0,0,0,0,0.000199940017994602,0.00209937018894332,0,0,0.0138958312506248,0,0,0,0.000699790062981106,0,0,0,0,0,0.00249925022493252,0,0,0.000399880035989203,0,0,0.000599820053983805,0.0134959512146356,0,0.000499850044986504,0.00139958012596221,0,9.99700089973008e-05,0.0226931920423873,0,0,0.000199940017994602,0,0,0.0155953214035789,0,0,0,0,0,0,0,0,0.0233929821053684,0,0,0.00439868039588124,0,0,0.0277916625012496,0,0,0,0,0.000599820053983805,0,0,0,0,0.000399880035989203,0.0151954413675897,0.0396880935719284,0,0,0,0,0,0.0212936119164251,0,0,0,0,9.99700089973008e-05,0.00229931020693792,0.00109967009897031,0,0.183045086474058,0.000999700089973008,0.00149955013495951,0,0,0.00179946016195141,0,0.00349895031490553,0,0.000499850044986504,0.000599820053983805,0,0,0,9.99700089973008e-05,0,0,0,0.00119964010796761,0.0164950514845546,0,0,0,0.0307907627711686,0,0,0.000799760071978406,9.99700089973008e-05,0,0,0,0,9.99700089973008e-05,0,0,0,0,0.000199940017994602,0.000199940017994602,0.000199940017994602,0,0,0,0.000199940017994602,0,0,0.00109967009897031,0,0,0,0,0.00849745076477057,0.000199940017994602,9.99700089973008e-05,0,0,0,0.000199940017994602,0,0,0,0,0,0.000599820053983805,9.99700089973008e-05,0.00639808057582725,0,0,0.000199940017994602,0,0,0,0,0,0.000499850044986504,0,0.00869739078276517,0,0.0258922323303009,0,0,0,0,0,0,0,0,0,0,0,0.000899730080975707,0,0.00289913026092172,0.0222933120063981,0,0,0,0,0.000999700089973008,0.00749775067479756,0,0.00309907027891633,0,0,0.0176946915925222,0.000199940017994602,0,0,0,0,0.00289913026092172,0,0,0.000199940017994602,0,0.0137958612416275,0,0,0,0.00249925022493252,0.000399880035989203,0,0,0.000799760071978406,0,0,0,0,0,0.000199940017994602,0,0,0.139758072578227,0,0,0,0,0,0.000299910026991902,0.000799760071978406,0,0,0.00699790062981106,0,0,0,0,0,0.00309907027891633,0.000499850044986504,0,0,0,0,0.0289913026092172,0,0.00109967009897031,0,9.99700089973008e-05,0.00229931020693792,0.000699790062981106
0,0.0003999600039996,9.99900009999e-05,0.0003999600039996,0,0,9.99900009999e-05,0,0,0,0,0.0003999600039996,0,0,0.0018998100189981,0.0001999800019998,0,0,0,0.0007999200079992,0,0,0,0,0,0.244475552444756,9.99900009999e-05,0,0.000999900009999,0.0008999100089991,0,0,0,0,0,0,0.0006999300069993,0.0025997400259974,0,0,0,0.0010998900109989,0,0,0,0.0011998800119988,0,0,0,0,9.99900009999e-05,0,0,0,0.0006999300069993,0,0,0,0,0,0,0,0,0,0,0,0.0054994500549945,0,0,0,0,0,0,0,0.0377962203779622,0.0240975902409759,0,0,0,0.0040995900409959,0,0,9.99900009999e-05,0,0,9.99900009999e-05,9.99900009999e-05,0,0,0,0.0005999400059994,0,0.0250974902509749,0,0,9.99900009999e-05,9.99900009999e-05,0,0.0074992500749925,0,0.001999800019998,0.004999500049995,0,0,0,0,0,0.0364963503649635,0,0,0.0166983301669833,0,0,0,0,0,0,0,0.0026997300269973,0,0,0,0,0,0.0043995600439956,0,9.99900009999e-05,0,0,0,0.0001999800019998,0.0038996100389961,0,0,0,0.0001999800019998,0,0.0002999700029997,0.0063993600639936,0,0.0004999500049995,0,0,0,0,0,0,0,0.0001999800019998,0,0.0014998500149985,0,0,0,0,0,0,0,0,0.0010998900109989,0,0.0002999700029997,0.0011998800119988,0,0,9.99900009999e-05,0.0002999700029997,0,0,0.0006999300069993,0.0001999800019998,0,9.99900009999e-05,0,0,0,0,0.0007999200079992,0,0,0,0,0,0,9.99900009999e-05,0,0,0,0,0,0,0.0033996600339966,0.0001999800019998,0,0,0,0,0,0,0,0,0,0,9.99900009999e-05,0,0.0013998600139986,9.99900009999e-05,0,0,0.0001999800019998,0,0,0,0,0,0,0,0,0.0037996200379962,0,0,0.0010998900109989,0,0,0,0,0,0,0,0,0,0,0.0011998800119988,0.0652934706529347,0,0,0.0001999800019998,0.0016998300169983,0.0015998400159984,0,0,0.0021997800219978,0,0,0,0,0.0242975702429757,0,0,0,0,0,0.0008999100089991,0,0,9.99900009999e-05,0.0018998100189981,0.0002999700029997,0,9.99900009999e-05,0,0,0,9.99900009999e-05,0.003999600039996,0,0,0,0,0.0862913708629137,0.0006999300069993,0.0008999100089991,0.022997700229977,0,0,0,0,0,9.99900009999e-05,0.307769223077692,0,0,0.0002999700029997,0,0,0.0001999800019998,0,9.99900009999e-05,0,0.0018998100189981,0,0,0,0,0.0053994600539946,0,0.0022997700229977,0,0,0.008999100089991,0
0,0,0,0.0026,0,0,6e-04,0,0,0,0,0.0011,0,2e-04,7e-04,0,0,0,0,0,0,0,0,0,0.0053,0.209,0,0,6e-04,0.0169,0,0,0,0.0035,0.0015,9e-04,9e-04,1e-04,0,0,4e-04,0.0066,0.0285,0.0239,0,0,0.0079,0,0,0,1e-04,0,0,0,0,0,0,0,0.0032,0.0095,0,0.0056,1e-04,8e-04,0,0,0.0165,0.0019,0,0,0,0,3e-04,0,0,0.0489,0,0,0,0,0,3e-04,9e-04,0.001,5e-04,0.0079,0,0,6e-04,0,0.0633,1e-04,0.0012,0,0,2e-04,0,0,0,0,8e-04,0,0.0017,0,0,0,0,0,0.0051,0,0.014,3e-04,0,0,0,0,0,4e-04,0.0094,0,0,0,0,4e-04,0,0,0,0.0032,0,7e-04,0.0146,0.0116,0,0,3e-04,0,5e-04,0.002,0.0218,0,9e-04,0,0,0,0,0,0.0039,0,0,0,0.0026,0,0,0,2e-04,0,0,6e-04,0,0.0156,0,0.0011,0.001,0,0,2e-04,4e-04,0,0,0.0065,0,0,0,0,0,0,0.0013,0,0,0,0,0,0,0,0.0078,0,0,0,0,0,0,0,4e-04,0,0.0032,0,0,0,0,0,0,0.0237,0,0.0896,0,7e-04,1e-04,0,0,0.0025,0,0,0,0,0,0,0.0038,0,0,0,0,0.0013,0,0,0,0,0.0145,0,0,0,0.0018,0,0.0063,0,0,6e-04,0,0,0.001,0,0,0.0507,0,0.0043,0,0,0.0012,0,0,0,0,0,0,0,0,0.0148,0,0.0014,0.0012,0,0,0,0,0.0054,0,0,0,0,3e-04,8e-04,0,0.0039,0.0988,4e-04,0,0,0,0,5e-04,0.039,0,0,0,0,0,0,0,0.0235,0.0013,0,0,0,0,0,0,0,0,0,0,0,0
0,0.0023997600239976,0,0.0005999400059994,0,0,0.0001999800019998,0,0,0,0,0,0,0,0.0067993200679932,0,0,0,0,0,0,0,0,0,0,0.0002999700029997,0,0,0.0007999200079992,0.0003999600039996,0,0,0,0.0017998200179982,0,0,0.0013998600139986,0,0.0002999700029997,0,0,0,0.0156984301569843,0,0,0,0,0,0,0,0,0.0013998600139986,0,0,0,0,0,0,0,0,0,0,0,0,0,0,0,0,0.0002999700029997,0,0,0,0.0004999500049995,0,0,0,0,0.0033996600339966,0,0,0,0,0,0,0,0.0002999700029997,0,0,0.0007999200079992,0,0,0,0.0474952504749525,0,0,0,0,0,0,0,0,0.002999700029997,0,0,0,0,0,0.0706929307069293,0,0,0.0098990100989901,0,0,0,0,0,0,0,0,0,0,0,0,0.0004999500049995,0,0,0,0,0,0,0.0001999800019998,0,0,0,0,0,0.0001999800019998,0,0.0003999600039996,0,0.002999700029997,0.0003999600039996,0,0,0,0,0,0,0,0,0,0,0,0,0,0,0,0,0,0,0,0.0022997700229977,0,0,0,0,0,0,0,0,0,0,0,0,0,0,0.0033996600339966,0,0,0,0,0,0,0,0,0,0,0,0,0,0,0,0,0,0,0,0,0,0,0,0,0.0085991400859914,0,0,0,0,0,0.0002999700029997,0,0.0014998500149985,0,0,0,0,0,0.0207979202079792,0,0,0.0391960803919608,0,0,0,0,0,0,0,0,0,0,0,0,0,0.0098990100989901,0,0,0,0,0,0.0021997800219978,0,0,0.0311968803119688,0,0,0,0,0,0,0,0,0,0,0,0,0,0,0,0,0,0,0,0,0,0,0,0,0,0,0,0.556344365563444,0,0,0.102689731026897,0,0,0,0,0,0,0.0441955804419558,0,0.0010998900109989,0.0001999800019998,0,0,0.0001999800019998,0,0,0,0,0,0,0,0,0,0,0.0026997300269973,0,0,0,0
0,0,0,0,0,0,9.99600159936026e-05,9.99600159936026e-05,0,0,0,0.00039984006397441,0,0.00299880047980808,0.00429828068772491,0,0,9.99600159936026e-05,0,0,0.00149940023990404,0.00269892043182727,0,0.000999600159936026,0.000599760095961615,0.38484606157537,0,0,0.00109956017592963,0.00209916033586565,0.00159936025589764,0,0,0.0037984806077569,0,0,0.000499800079968013,0.00739704118352659,0,0,0,0.000699720111955218,0.0294882047181128,0.000899640143942423,0.00139944022391044,0.00979608156737305,0,0,0,0,0,0,0,0,0,0.000999600159936026,9.99600159936026e-05,0,0,0.00179928028788485,0,0.00129948020791683,0,0,0,0.000999600159936026,0.00419832067173131,0.00299880047980808,0.000299880047980808,0,0.00149940023990404,0,0,0.00159936025589764,0,0,0,0,0,0,0,0,0.00209916033586565,0,0.00829668132746901,0,0,0,0.000699720111955218,0.00299880047980808,0.04828068772491,0.00209916033586565,0.00259896041583367,0,0,0.00109956017592963,0,0,0,0,0,0,0,0,0.000299880047980808,0.00189924030387845,0.00979608156737305,9.99600159936026e-05,0,0,0.00509796081567373,0,0,0.00159936025589764,0,0,0,0,0.00549780087964814,0,0.000899640143942423,0,0,9.99600159936026e-05,0.0114954018392643,0,0,0,0,0,0.00239904038384646,0.0460815673730508,0,0,0,0,0.00409836065573771,0,0.00659736105557777,0,0,0.000499800079968013,0.00129948020791683,0,0.000299880047980808,0,0,0,0,9.99600159936026e-05,0.00129948020791683,0,0,0,9.99600159936026e-05,0,0,0,0.000499800079968013,0.0111955217912835,0,0.000299880047980808,0,0,0,0,0.00079968012794882,0.00039984006397441,0,0.000599760095961615,0,0,0,0,0.00079968012794882,0,0.00309876049580168,0.00139944022391044,0.00229908036785286,0,0,0,0,0,0,0.00249900039984006,0.00079968012794882,0,0,0,0,0.00179928028788485,0,0,0.00159936025589764,0,0,0,0,0,0,0,0,0,0,0,0,0,0,0,0,0,0,0,0,0,0.00429828068772491,0,0,0,0,0,0,0,0,0.00149940023990404,0,0,0.00169932027189124,0,0.0181927229108357,0,0.00119952019192323,0,0,9.99600159936026e-05,0,0,0,0,0,0.00159936025589764,0,0,0,0,0,0,0.000299880047980808,0,0,0.000699720111955218,0,9.99600159936026e-05,0,0,0,0,0,0.000599760095961615,0.000899640143942423,0,0,0,0,0,0,0,0,0.00499800079968013,0,0,0.0800679728108756,0.0402838864454218,9.99600159936026e-05,0,0,0,0,0.132746901239504,0,0,0.0103958416633347,0,0,0,0,9.99600159936026e-05,0.0123950419832067,0,0,0,0,0,0.0110955617752899,0,0.00129948020791683,0.00119952019192323,0,0.00509796081567373,0
0,0,0,9.99200639488409e-05,0.000399680255795364,0.00309752198241407,9.99200639488409e-05,0.000299760191846523,0,0,0,0.00109912070343725,0,0,0,0.00239808153477218,0,0,0,0.000199840127897682,0.00449640287769784,0.0060951239008793,0.000399680255795364,9.99200639488409e-05,0,0,9.99200639488409e-05,0,0.00119904076738609,0.00139888089528377,0.00929256594724221,9.99200639488409e-05,0,0.0203836930455636,0,0,0.000199840127897682,0.00769384492406075,0,0,0,0.00729416466826539,0,0.00119904076738609,0,0.00489608313349321,0,0.000199840127897682,0,9.99200639488409e-05,0.000199840127897682,0,0.000299760191846523,0,0.00369704236610711,0,0,0,0.000299760191846523,0.00229816147082334,0,0.000699440447641887,9.99200639488409e-05,0,0,0.000299760191846523,0.00819344524380496,0,0.000199840127897682,0.00479616306954436,0,0,0.000299760191846523,0.00259792166266986,0,0.0116906474820144,0,0.000399680255795364,0,0.00139888089528377,0,0.00129896083133493,0.00269784172661871,0,0.000399680255795364,0.00119904076738609,0.00869304556354916,0,0.000399680255795364,0.00549560351718625,9.99200639488409e-05,0.000399680255795364,0.00419664268585132,0.00409672262190248,0.000299760191846523,0.0277777777777778,0,0,0.00599520383693046,0,0,0,0,0,0,0.000999200639488409,0.0119904076738609,0.00689448441247002,0,0,0.0126898481215028,0,0,0.0115907274180655,0.000299760191846523,0.00279776179056755,0,0.00329736211031175,0.00209832134292566,0,0,0,0,0.00159872102318145,0.0121902478017586,0,0,0,0,0,0.0273780975219824,0.0163868904876099,0,0,0,0,9.99200639488409e-05,0.000499600319744205,0.0210831334932054,0,0.0547561950439648,0.000699440447641887,0.00239808153477218,0.00119904076738609,0,0,0,0.00529576338928857,0,0,0.000499600319744205,0.000999200639488409,0,0.000399680255795364,0.000199840127897682,9.99200639488409e-05,0,0.000999200639488409,0,0.00539568345323741,0.00409672262190248,0.00129896083133493,0.00149880095923261,0.112210231814548,0,0,0.000399680255795364,0,0,0,0.000799360511590727,0,0.000199840127897682,0,0,0.00209832134292566,0.00129896083133493,0.00109912070343725,0,0.000499600319744205,0,0,0,0.000199840127897682,0.0016986410871303,0.00199840127897682,0,0,0,0,0,0.0241806554756195,9.99200639488409e-05,0.00199840127897682,0,0.000199840127897682,0,0,0,0,0,0,0,9.99200639488409e-05,0.0267785771382894,0.00409672262190248,0.000699440447641887,0,0,9.99200639488409e-05,0,0.00749400479616307,0,0,0.00199840127897682,0.000999200639488409,0.00269784172661871,0.000499600319744205,0.00299760191846523,0,9.99200639488409e-05,0,0,0,0,0.000899280575539568,0.00419664268585132,0,0,0,0.00229816147082334,0.00349720223820943,0,0.0316746602717826,0,0,0,0,0.000799360511590727,0.000199840127897682,0.000899280575539568,0.011290967226219,0,0.000499600319744205,0.000299760191846523,0,0,0,0,0,0,0,0.00239808153477218,0,0.000499600319744205,0.000799360511590727,0.00269784172661871,0,0,0,9.99200639488409e-05,0,0,0.000699440447641887,0.00299760191846523,0,0,0,0.0432653876898481,0.076638689048761,0,0.00569544364508393,0.0328737010391687,0,9.99200639488409e-05,0,0,9.99200639488409e-05,0.000399680255795364,0.150079936051159,9.99200639488409e-05,0,0.0331734612310152,0,0,0,9.99200639488409e-05,0,0,0.0016986410871303,0,0.000399680255795364,0.00149880095923261,0,0.000699440447641887,0.000299760191846523,0.00289768185451639,0,0.000399680255795364,0,0.000199840127897682
0,0,0.000100030009002701,0,0,0,0,0,0,0,0,0,0,0,0,0.00160048014404321,0.00140042012603781,0,0,0,0,0.00340102030609183,0,0,0,0.271081324397319,0,0,0.00180054016204861,0,0,0,0,0,0,0,0,0,0,0,0,0,0,0,0,0,0,0,0,0,0,0,0,0,0,0,0,0,0,0,0,0,0.000400120036010803,0,0,0,0,0,0,0.000500150045013504,0,0,0,0,0,0,0,0,0,0,0,0,0,0,0,0.000600180054016205,0,0,0,0,0,0.00760228068420526,0.000100030009002701,0,0,0,0.00170051015304591,0,0,0,0,0,0.00230069020706212,0,0,0,0,0.0750225067520256,0,0,0,0,0,0,0,0.000100030009002701,0,0,0.0184055216564969,0,0,0,0,0.000100030009002701,0,0,0,0,0,0,0,0.0651195358607582,0,0.000600180054016205,0,0,0,0,0,0,0.00310093027908373,0,0,0,0,0,0.00510153045913774,0,0.000500150045013504,0,0,0,0,0.00930279083725117,0,0,0,0,0,0,0,0,0,0,0,0,0,0,0,0,0,0,0,0,0,0,0,0,0,0,0,0,0,0,0.0110033009902971,0,0,0,0,0,0,0.025407622286686,0,0,0,0,0,0,0,0,0,0,0,0,0,0.0191057317195159,0,0,0,0,0,0,0,0,0,0,0,0,0,0,0.0126037811343403,0,0,0,0,0,0,0,0,0,0,0,0,0.0237071121336401,0,0,0.0120036010803241,0,0,0.000800240072021606,0,0,0,0,0.00900270081024307,0,0,0,0,0,0,0,0,0,0,0.00440132039611884,0.00350105031509453,0,0,0,0,0,0.000800240072021606,0.00220066019805942,0,0,0,0,0,0.00100030009002701,0,0,0.0104031209362809,0,0,0,0,0,0,0.317495248574572,0,0,0.0576172851855557,0,0,0,0,0.000200060018005402,0,0,0,0,0,0,0,0,0.000200060018005402,0,0,0.0186055816745023,0
0,0.000199940017994602,0,0,0,0,0.00779766070178946,0,0,0,0,0,0,0,0.0356892932120364,9.99700089973008e-05,0,0,0,0,0,0,0,0,0,0.324602619214236,0.000199940017994602,0,0,0,0,0,0,0,0,0,0.0103968809357193,0.0138958312506248,0,0,0,0,0,0,0,0,0,0,0,0,0.00199940017994602,0,9.99700089973008e-05,0,0,0,0,0,0,0.0379886034189743,0,0,9.99700089973008e-05,9.99700089973008e-05,0,0,0.00509847045886234,0,0,0,0,0,0,0,0,0,0,9.99700089973008e-05,0,0.00389883035089473,0,0,0.00219934019794062,0,0.00759772068379486,0,0.000299910026991902,0,0,0,0,0.00169949015295411,0.00209937018894332,0,0,0,0,0,0,0,0,0,0,0,0,0,0,0.0539838048585424,0,0,0,0,0.000999700089973008,0,0,0,0,0,0.00329901029691093,0,0,0,0,0.000199940017994602,0,0,0,0,0,0,0,0.00459862041387584,0,0,0,0,0.00199940017994602,0.000299910026991902,0.000299910026991902,0,0.000699790062981106,0,0,0,0,0,0,0,0,0,0,0.000299910026991902,0.000199940017994602,0,9.99700089973008e-05,0,0,9.99700089973008e-05,0,0,0,0,0,0,0,0,0,0,0,0,0,0,0,0,0,0,0,0.00519844046785964,0,0,0,0,0,0.00309907027891633,0,0,0,0,0,0,0,0,0,0,0,0,0,0,0,0.0957712686194142,0,0,0,0,0,0.000799760071978406,9.99700089973008e-05,0,0,0,0,0,0,0.000199940017994602,0,0,0,0,0.0118964310706788,0,0.00559832050384884,0,0,0,0,0,0,0,0.0171948415475357,0,0.00329901029691093,0,0,0.0333899830050985,0,0,0,0,0,0,0,0,0,0,0,0,0,0,0,0,0,9.99700089973008e-05,0,0,0.00189943017094872,0.00289913026092172,0.000299910026991902,0,0,0,0,0,0,0,0,0,0,0,0,0.00209937018894332,9.99700089973008e-05,0,0,0,0,0,0,0,0,0.286713985804259,9.99700089973008e-05,0,0,0,0,0,0,0,0,0,0,0,0,0,0,0,0.00219934019794062,0,0,0.00379886034189743,0
0,0,0,0,0,0,0.000899640143942423,0,0,0,0,0,0,0,9.99600159936026e-05,0,0.00109956017592963,0,0,0,0,0.000699720111955218,0,0.00999600159936026,0,0.514794082367053,0,0.000699720111955218,0.0282886845261895,0,0.00199920031987205,0,0,0.00509796081567373,0,0,0.000699720111955218,0,0,0,0,0,0.00819672131147541,0,0,9.99600159936026e-05,0,0,0,0,0,0,0,0,0,0,0,0,0.000499800079968013,0,0,0,0,0,0,0,0.00349860055977609,0,0,0,0,0,0,0,0,0,0,0,0,9.99600159936026e-05,0,0,0,0,0,0.00039984006397441,0.0136945221911235,0,0,0,0.0799680127948821,0,0.017093162734906,0,0,0.00729708116753299,9.99600159936026e-05,0,0,0,0,0.000199920031987205,0,0,0,0,0,0.00309876049580168,0,0,0,0,0,0,0,0,0,0,0.00749700119952019,0,0,0,0.00319872051179528,0.000499800079968013,0.0037984806077569,0,0,0,0,0,0,9.99600159936026e-05,0,0,0,0,0.0122950819672131,0.00039984006397441,0.000299880047980808,0,0,0,0,0,0,0,0,0,0,0,0,0,0,0,0,0,0,0.000499800079968013,0,0,0,0,0,0,0,0,0,0,0,0.000599760095961615,0,0,0,0,0,0,0,0,0.00579768092762895,0,0,0,0,0,0,0,0,0,0,0,0,0.00129948020791683,0,0,0,0,0,0,0,0,0,0,0,0,9.99600159936026e-05,0.00149940023990404,0,0,9.99600159936026e-05,0,0,0,0,0,0,0,0.00369852059176329,0,0.0168932427029188,0,0,0,0,0,0,0,0,0,9.99600159936026e-05,0,0,0,0,0.0487804878048781,0,0,0,0,0,0,0,0.00429828068772491,0,0,0,0,0,0,0,0,0.00109956017592963,0,0,0,0,0,0,0,0,0,0,0,0,0,0,0,0,0,0,0.0122950819672131,0,0,0.0362854858056777,0,0,0,0,0,0,0.116553378648541,0,0,0.0183926429428229,0,0,0,0,0,0,0,0,0,0,0,0,0,9.99600159936026e-05,0,0,0.00489804078368653,0
0,0,0.00019974033756117,0,0.000798961350244682,0,0,0.00209727354439229,0,9.98701687805852e-05,9.98701687805852e-05,0,0,0,0.00179766303805053,0.00019974033756117,0,0,9.98701687805852e-05,9.98701687805852e-05,0.011085588734645,0.00299610506341756,0,0,0,0.14331369220014,9.98701687805852e-05,9.98701687805852e-05,0.000299610506341756,0.00359532607610107,0,0,0,0,0,0,0,9.98701687805852e-05,0,0,0,0,0,0,0,0.0167781883551383,0,0.00019974033756117,0,0,0.000299610506341756,0,0.00019974033756117,0,0.000399480675122341,9.98701687805852e-05,0,0,0,0,9.98701687805852e-05,0.00139818236292819,0,0,0,0.00019974033756117,0.0258663737141716,0,0,0,0.00319584540097873,9.98701687805852e-05,0,0.00868870468391092,9.98701687805852e-05,0.000299610506341756,0,0,0,0.00838909417756916,0,0.000399480675122341,0.0104863677219615,0,0.00659143113951863,0.000599221012683511,0,0,0,0,0,9.98701687805852e-05,0,0,0,0,0.0383501448117447,0,0,0,0,0,0.00109857185658644,0.00019974033756117,0,0.000299610506341756,0.00649156097073804,0,0,0,0,0.000898831519025267,0,0.0115849395785479,0,0,0,0,0.00479376810146809,0,0,0,0,0,0,0,0,0,0.00109857185658644,0.000699091181464097,0.00019974033756117,0.032757415360032,0,0,0.000998701687805852,0,0,0,0.00019974033756117,0,0.00379506641366224,9.98701687805852e-05,0,9.98701687805852e-05,0,0,0.00389493658244282,9.98701687805852e-05,9.98701687805852e-05,0,0.000798961350244682,0.00159792270048936,0,0.00439428742634575,9.98701687805852e-05,0,0.000898831519025267,9.98701687805852e-05,0,0,0,0.000399480675122341,0,0,0,0,9.98701687805852e-05,0,9.98701687805852e-05,0.000299610506341756,0.00129831219414761,0,9.98701687805852e-05,0,0,0,0.000399480675122341,0.011085588734645,0,0.000299610506341756,0,0,0,0.00109857185658644,0.00279636472585639,0,0,0,0,0,0.000898831519025267,0.00739039248976331,0,0,0.000299610506341756,0,0,9.98701687805852e-05,0,0.00109857185658644,0,0,0,0.0467392389893139,0,0.00259662438829522,0.00019974033756117,0,9.98701687805852e-05,9.98701687805852e-05,0,0,0,0.0019974033756117,0.00019974033756117,9.98701687805852e-05,0,0.00729052232098272,0.00519324877659043,0,0,0.0124837710975732,0.00279636472585639,0,9.98701687805852e-05,0,0.00569259962049336,0,0.00759013282732448,0,0.00179766303805053,9.98701687805852e-05,9.98701687805852e-05,0.0359532607610107,0.000998701687805852,0,0.000499350843902926,0,0,0.00309597523219814,0,0,0,0,0.000299610506341756,0,0,0,0,0,0,0.000599221012683511,0,0.000399480675122341,0.000798961350244682,0.000898831519025267,0.00179766303805053,0,0.00019974033756117,0.000798961350244682,0,0,0,0.000699091181464097,0.000699091181464097,0,0,0,0,9.98701687805852e-05,9.98701687805852e-05,0,0.0677119744332368,0,0,0,0.000599221012683511,0.000299610506341756,0,0.371716768201338,0,0,0.00419454708878458,0,0,0,0,0,0.00729052232098272,0.000798961350244682,0,0.00149805253170878,0.000699091181464097,0,0,0.00019974033756117,0,0,0,0.0067911714770798,9.98701687805852e-05
0,0,0,0,0,0,0.00569886022795441,0,0,0,0,0,0,0,0,0,0.00909818036392721,0,0,0,0,0.00639872025594881,0,0.000399920015996801,0,0.214357128574285,0,0,0.00399920015996801,0,0,0,0,0.027994401119776,0,0,0,0,0,0,0.0002999400119976,0,0,0.0128974205158968,0,0,0,0,0,0,0,0,0,0,0,0,0,0,0,0.0001999600079984,0,0.00579884023195361,0.000399920015996801,0,0.000399920015996801,0,0.000999800039992002,0.0001999600079984,0,0,0,0,0,0,0,0,0,0,0,0,0,0,0,0,0,0.0011997600479904,0,0,0,0,0,0.000499900019996001,0,0,0,0,0,0,0.00589882023595281,0,0,0,0,0,0,0,0.0115976804639072,0,0,0,0,0,0,0,0,0,0,0.000399920015996801,0.0022995400919816,0,0,0,0,0.0002999400119976,0,0,0,0,0,0,0,0,0,9.99800039992002e-05,0,0,0.0236952609478104,0,0,0,0,0,0,0,0,0,0.000399920015996801,0,0,0.0001999600079984,0,0,0.00879824035192961,0,0,0,0,0,0,0.00449910017996401,0,0,0,0,0,0,0,0,0,0,0,0,0,0,0,0,0,0,0.000799840031993601,0,0,0,0,0,0,0,0.00679864027194561,0,0,0,0,0,0,0,0,0,0,0,0,0,0,0,0,0,0,0.000399920015996801,0,0,0,0,0,0,0.0145970805838832,0,0,0,0,0,0,0,0,0,0,0,0,0,0,0,0,0,0.0178964207158568,0,0,0.117876424715057,0,0,0,0,0,0.000399920015996801,0,0,0,0,0,9.99800039992002e-05,0,0,0,0,0,0,0,0,0,0.0012997400519896,0,0,0,0.00439912017596481,0,0,0,0.000399920015996801,0,0,0,0,0.000699860027994401,0.180763847230554,0,0,0.193061387722456,0,0,0,0,0,0.000399920015996801,0.0571885622875425,0,0,0.0434913017396521,0,0,0,0,0,0.000399920015996801,0,0,0,0,0,0.0026994601079784,0,0.00429914017196561,0,0,0.002999400119976,0
0,0,0,0,0,0,9.99600159936026e-05,0,0,0,0,0,0,0.0127948820471811,0.00159936025589764,0,0,0,0,0,0,0,0,0,0,0.0637744902039184,0,0,0.000299880047980808,0,0,0,0,0,0,0,0,0,0,0,0,0,0,0,0,0,0,0,0,0,0,0,0,0,0,0,0,0,0,0,0,0,0,0,0,0,0.0348860455817673,0,9.99600159936026e-05,0,0,0,0,0.0252898840463814,0,0,0,0,0,0.0164934026389444,0,0,0,0,0,9.99600159936026e-05,0,0,0,0.00109956017592963,0,0,0.00239904038384646,0,0,0,0,0,0.00199920031987205,0,0,0,0,0,0,0,0,0.488004798080768,0,0,0,0,0,0,0,0,0,0,0.0107956817273091,0,0,0,0,0,0.00189924030387845,0,0,0,0,0,0,0.0473810475809676,0,9.99600159936026e-05,0,9.99600159936026e-05,0,0,0,0,0.0168932427029188,0,0,0,0,0,0,0,0,0,0,0,0,0,0,0,0,0,0,0.00569772091163535,0,0,0,0.0387844862055178,0,0,0,0,0,0,0,0,0,0,0,0,0,0,0.00359856057576969,0,0,0,0,0,0,0,0,0,0,0,0.00039984006397441,0,0,0,0,0,0,0,0,0,0,0,0,0.00509796081567373,0,0,0,0,0,9.99600159936026e-05,0,0,0,0,0,0,0,0,0.000899640143942423,0,0,0,0,0,0,0,0,0,0,0,0,9.99600159936026e-05,0,0.0118952419032387,0,0,0,0,0,0.00509796081567373,0,0,0,0,0.000599760095961615,0.00189924030387845,0,0,0,0,0,0,0,0,0.00909636145541783,0,0,0,0,0,0,0,0,0.000299880047980808,0,0,0,0,0,0,0,0,0.0116953218712515,0,0,0,0,9.99600159936026e-05,0,0.145441823270692,0,0,0.0122950819672131,0,0,0,0,0,0.0173930427828868,0,0,0,0,0,0.00139944022391044,0,0.00199920031987205,0,0,0,0
0.000400080016003201,0,0,0,0,0,0.0002000400080016,0.00340068013602721,0,0,0.000500100020004001,0,0,0,0.120724144828966,0.0002000400080016,0,0,0,0.000400080016003201,0.0019003800760152,0.002000400080016,0,0.000500100020004001,0,0.0181036207241448,0,0.0001000200040008,0.00660132026405281,0.0016003200640128,0.00780156031206241,0,0,0.00990198039607922,0,0,0.00420084016803361,0.00860172034406881,0,0,0.0001000200040008,0,0,0.001500300060012,0,0.001500300060012,0,0.0001000200040008,0,0,0.001000200040008,0,0,0,0.00440088017603521,0,0,0,0,0.00500100020004001,0,0.00360072014402881,0,0,0,0,0,0,0.001500300060012,0,0.0018003600720144,0.000600120024004801,0,0.0014002800560112,0,0.0224044808961792,0.0001000200040008,0,0,0.00510102020404081,0.000700140028005601,0.0001000200040008,0.0017003400680136,0,0.026505301060212,0,0,0,0,0.00710142028405681,0,0.00370074014802961,0.0348069613922785,0.0027005401080216,0,0,0.000600120024004801,0,0.0016003200640128,0,0,0.011002200440088,0,0,0,0.000400080016003201,0,0,0,0.00450090018003601,0,0,0,0.0013002600520104,0,0,0,0,0.00600120024004801,0,0,0,0,0.0001000200040008,0.0435087017403481,0,0,0,0,0.000900180036007201,0.00450090018003601,0.0424084816963393,0,0,0,0,0.0024004800960192,0,0,0,0.0760152030406081,0,0,0,0,0,0.0013002600520104,0.0003000600120024,0,0,0,0.000800160032006401,0,0.0022004400880176,0,0,0,0,0,0.00840168033606721,0,0.000500100020004001,0.000500100020004001,0.0001000200040008,0,0,0,0.000500100020004001,0,0,0,0.0003000600120024,0,0,0,0,0.0003000600120024,0.0001000200040008,0.000400080016003201,0,0,0.0001000200040008,0,0,0.000400080016003201,0.0001000200040008,0,0,0,0,0.000600120024004801,0.00680136027205441,0.0002000400080016,0,0,0,0,0.0002000400080016,0,0,0,0,0,0.0029005801160232,0,0.0024004800960192,0,0.0012002400480096,0,0.000600120024004801,0,0,0,0,0.0001000200040008,0.0001000200040008,0.00740148029605921,0.00350070014002801,0.0380076015203041,0,0.0001000200040008,0,0,0.0002000400080016,0,0,0.00630126025205041,0,0,0.000800160032006401,0,0,0,0.0405081016203241,0,0,0,0,0,0.0029005801160232,0,0,0.0021004200840168,0,0,0,0,0,0.0002000400080016,0.0016003200640128,0.0003000600120024,0.0002000400080016,0,0,0.000800160032006401,0,0.003000600120024,0,0,0.0002000400080016,0.0002000400080016,0,0.000600120024004801,0.0003000600120024,0.0001000200040008,0,0.0001000200040008,0,0.000600120024004801,0.0569113822764553,0,0.0018003600720144,0.0435087017403481,0.0001000200040008,0,0.0001000200040008,0.0002000400080016,0.0002000400080016,0,0.18873774754951,0,0,0.0214042808561712,0,0.000400080016003201,0.00250050010002,0,0,0.00640128025605121,0.0011002200440088,0,0,0,0,0.017003400680136,0.0016003200640128,0,0,0,0.00450090018003601,0.0023004600920184
0,0,0,0,0,0,0,0,0,0,0,0,0,0,0.0114988501149885,0,0.010998900109989,0,0,0,0,0.0040995900409959,0,0.0002999700029997,0.0004999500049995,0.164783521647835,0,0,0.0023997600239976,0.0014998500149985,0.0332966703329667,0.0277972202779722,0,0.0323967603239676,0,0,0,0,0,0,0,0.0006999300069993,0.0203979602039796,0,0,0,0,0,0,0,0,0,0,0.0003999600039996,0,0,0,9.99900009999e-05,9.99900009999e-05,0.0070992900709929,0,0,0,0,0.0026997300269973,0,0.0017998200179982,0,0,0.0174982501749825,0,0,0,0,0,0,0,0,0,0.0016998300169983,0,0.0001999800019998,0,0,0.0028997100289971,0,0,0,0.0006999300069993,0,0,0,0,0,0,0.0002999700029997,0.0002999700029997,0,0,0,0,0.0004999500049995,0,0,0,0,0,0.0048995100489951,0,0,0.0030996900309969,0,0,0,0,0,0,0,0.0100989901009899,0,0,0,0,0,0,0.0008999100089991,0,0,0,0,0,0,0,0,0,0,0,0,0,0,0.0003999600039996,0.0006999300069993,0.001999800019998,0,0,0,0,0,0,0.0006999300069993,0.0012998700129987,0,0,9.99900009999e-05,0,0,0,0,0,0,0,0.0010998900109989,0,0,0,0,0,0,0.0001999800019998,0.0023997600239976,0,0,0,0,0,0,0.0020997900209979,0,0.0156984301569843,0,0,0.0005999400059994,0,0.0002999700029997,0,0,0,0,0,0,0,0,0,0,0,0,0,0,0,0,0,0,0,0.0250974902509749,0,0.0018998100189981,0,0,0,0,0.0045995400459954,0.0114988501149885,0.017998200179982,0,0,0.0028997100289971,0.0108989101089891,0,0.0063993600639936,0,0.0098990100989901,0.0041995800419958,0,0.0097990200979902,0,0,0,0,0.0093990600939906,0,0,0,0.0022997700229977,0.0663933606639336,0,0,0,0,0,0.0003999600039996,0,0.0022997700229977,0,0.0018998100189981,0,0.0025997400259974,0,9.99900009999e-05,0,0,0,0,0,0,0,0,0.0002999700029997,0,0,0,0,0,0,0,0,0,0,0,0,0.0157984201579842,0,0,0.11018898110189,0,0,0,0,0.0010998900109989,0,0.138386161383862,0,0,0.0737926207379262,0,0,0,0,0,0.0003999600039996,0,0.0005999400059994,0,0,0,0.0351964803519648,0,0.0006999300069993,0,0,0.0393960603939606,0
0,0,0,0,0,0,0,0.00199860097931448,0,0.000199860097931448,0,0,0,0,9.9930048965724e-05,0,0,9.9930048965724e-05,0,0.00179874088138303,0,0.00179874088138303,0,0.00149895073448586,9.9930048965724e-05,0.157389827121015,0,0,0.000399720195862896,0.00099930048965724,0.00119916058758869,0,0,0.00559608274208054,0,0,0.000599580293794344,0.000599580293794344,9.9930048965724e-05,0,0,0.000699510342760068,0,0,0,0.095233336664335,0,9.9930048965724e-05,0,0,0.000199860097931448,0,0,0,0,9.9930048965724e-05,0,0,0,0.0226841211152193,0,0,0,0,0,0,0.00699510342760068,0,0,0.00099930048965724,0,0,0,0.00279804137104027,0.10142899970021,0,0,0,0,0.00879384430898371,0,0.00099930048965724,0,0,0.000699510342760068,0,0.00129909063655441,0,0,0.000899370440691516,0.0811431997601679,9.9930048965724e-05,0,0,0,0,0,0,0.00419706205656041,0,0,0,0,0,0,0.00049965024482862,0.00919356450484661,0.0246827220945338,0,0,0,0,0,0.00399720195862896,0,0,0,0,0.00369741181173179,0.00109923053862296,0,0.00439692215449186,0,9.9930048965724e-05,0.00319776156690317,0.0513640451683821,0,0,0,0,0.00199860097931448,0.000799440391725792,0,0,0,0,0.000299790146897172,0,0,0,0.000899370440691516,0,0,0,0,0,0.000299790146897172,0,0,0,0.000299790146897172,0.00269811132207455,0,0.000399720195862896,0,0,0,0,0.0120915359248526,0.00439692215449186,0,0,0,0,0,0,0,0,0,0,0.0024982512241431,0,0,0,0,0,0,0,0.00399720195862896,0,0.00049965024482862,0,0,0,0,0,0,0.0369741181173179,0,0.00159888078345158,0,0.0106925152393325,9.9930048965724e-05,0,0,0,0,0,0,0,0,0,0,0.0268811831717798,0,0.000399720195862896,0,0,0,0,0.00109923053862296,0,0.000399720195862896,0,0.000699510342760068,0,0.00869391426001799,0.00449685220345758,0,0,0,0.00239832117517738,0,0,0,0,0,0,0.00559608274208054,0.00349755171380034,0.00909363445588088,0,0,0.0340761466973119,0,0,9.9930048965724e-05,0,0,0,0,0,0,0,0,0,0,0,0,0.00129909063655441,0,0.000199860097931448,0.000799440391725792,0,0.00099930048965724,0,0.0020985310282802,0,0,0.0020985310282802,0,0,0,0,9.9930048965724e-05,0,0,0.00619566303587489,0,0.00119916058758869,0,0.002897971420006,0.0053962226441491,0.000199860097931448,0,0,0,0,0,0.177275906865194,9.9930048965724e-05,0,0.00829419406415509,0,0,0,0,0.00049965024482862,0.00309783151793744,0,0,0,0,0,0,0.00099930048965724,0,0,0,0.00219846107724593,0
0,0,0,0,0,0,0.00339728217426059,0.00289768185451639,0,0,9.99200639488409e-05,0.000699440447641887,0,0.0507593924860112,9.99200639488409e-05,0,0.000399680255795364,0,0,0,0.00899280575539568,0.000999200639488409,0,0,0,0.144984012789768,0.000199840127897682,0,0.0132893685051958,0.000199840127897682,0.0120903277378098,0,0,0.00509592326139089,0,0,0.000199840127897682,0.0646482813749001,0.000399680255795364,0,0.00189848121502798,0.00179856115107914,0.00119904076738609,0.00649480415667466,0,0.00959232613908873,0,9.99200639488409e-05,0,0,0.000199840127897682,0,0.000399680255795364,0,0.00119904076738609,0.000199840127897682,0,0,0,0.00889288569144684,0.000399680255795364,0.00479616306954436,0,0.000199840127897682,0,0.000499600319744205,0.00159872102318145,0.000499600319744205,0.000399680255795364,0,0.00179856115107914,0,0,0.00319744204636291,0,0,0,0,0,9.99200639488409e-05,0,0.000299760191846523,9.99200639488409e-05,0,0.0774380495603517,9.99200639488409e-05,0.000199840127897682,0,0,0.015087929656275,0.0538569144684253,0.0208832933653078,0.00779376498800959,0,0,0,0,0,0.00309752198241407,0,0.00739408473221423,0,0,0,0.000299760191846523,0.00199840127897682,0.0159872102318145,9.99200639488409e-05,0,0,0.00369704236610711,0,0,0.00289768185451639,0.000199840127897682,0,0,0,0.00449640287769784,0,0,0,0,0.000499600319744205,0.000399680255795364,0.00259792166266986,0,0,0,0.021382893685052,0.008792965627498,0.0206834532374101,0,0,0,0,0.00399680255795364,0.000699440447641887,0,0,0.000299760191846523,0.000199840127897682,0,0,0.00989208633093525,0,0.000699440447641887,0.011290967226219,0,0,0.00159872102318145,0.00819344524380496,0,0,9.99200639488409e-05,0,0,0.000899280575539568,0,0.00579536370903277,0,9.99200639488409e-05,0.000199840127897682,0.0374700239808154,0,0,0.000299760191846523,0,0,0,0.000199840127897682,0,0,0,0,0,0.00319744204636291,0.000799360511590727,0.000999200639488409,0.000199840127897682,0,0,0,0,0.000199840127897682,0,0,0,0,0,0,0.00999200639488409,0.000799360511590727,0,0.000299760191846523,0,0,0.000299760191846523,0,0,0,0,0,9.99200639488409e-05,0,0.000499600319744205,0,0,9.99200639488409e-05,0.00109912070343725,0,0,0,0.000699440447641887,0.00349720223820943,0.000899280575539568,0.00519584332533973,0.00519584332533973,9.99200639488409e-05,0,9.99200639488409e-05,0.00109912070343725,0,0,0,0.000699440447641887,0.00579536370903277,0,0.00549560351718625,0.000799360511590727,0.00189848121502798,0,0.0021982414068745,0.00689448441247002,0,0,0,0,0,9.99200639488409e-05,0,0.00239808153477218,0,0,0,0,0,0,0.000899280575539568,0,0.0333733013589129,0.000199840127897682,0.000999200639488409,0,9.99200639488409e-05,9.99200639488409e-05,0.000199840127897682,0.000299760191846523,0.000999200639488409,0.00129896083133493,9.99200639488409e-05,0,0.000599520383693046,0.000199840127897682,0.000199840127897682,0,0,0,0.000599520383693046,0.000599520383693046,0,0.000799360511590727,0.0082933653077538,0,0,0,0,0,0.000399680255795364,0.146782573940847,0,0,0.00149880095923261,0,0,0,0,9.99200639488409e-05,0.0129896083133493,0.000899280575539568,0,0,9.99200639488409e-05,0,0.00109912070343725,0,0.000399680255795364,0,0,0.0170863309352518,0
0,0.000100030009002701,0,0,0,0,0.000300090027008102,0,0,0,0,0,0,0,0.00350105031509453,0,0.0149044713414024,0,0,0,0,0,0,0,0,0.00900270081024307,0.000300090027008102,0,0.00160048014404321,0.000800240072021606,0,0,0,0.0406121836550965,0,0,0.000900270081024307,0,0,0,0,0,0,0,0,0,0,0,0,0,0,0,0,0,0,0,0,0.000100030009002701,0,0,0,0,0,0.00280084025207562,0,0,0,0,0,0,0,0.000300090027008102,0,0,0,0.000100030009002701,0,0,0,0.00570171051315395,0,0.00140042012603781,0,0,0,0.000700210063018906,0,0,0,0.00450135040512154,0,0,0,0,0,0,0,0,0,0,0,0.00390117035110533,0.00190057017105132,0,0,0,0,0.037111133340002,0,0,0.00490147044113234,0,0,0,0,0,0,0.000400120036010803,0.0372111633490047,0,0,0,0,0,0.0696208862658798,0,0,0,0,0,0.00130039011703511,0,0,0,0.00130039011703511,0.000100030009002701,0.0813243973191958,0,0.00150045013504051,0,0.000800240072021606,0.00490147044113234,0.00270081024307292,0.000600180054016205,0,0.0764229268780634,0.00650195058517555,0,0,0.00470141042312694,0.00120036010803241,0,0,0,0,0,0.00350105031509453,0,0,0,0,0.00180054016204861,0,0.000200060018005402,0,0,0.00200060018005402,0,0,0,0,0.000100030009002701,0.00220066019805942,0,0,0,0,0,0,0.00290087026107832,0,0.00320096028808643,0,0,0.000600180054016205,0.00220066019805942,0,0,0,0,0,0.00130039011703511,0.000100030009002701,0,0,0,0,0,0,0,0,0,0,0.000600180054016205,0.04481344403321,0.00100030009002701,0.000100030009002701,0,0.000100030009002701,0.000400120036010803,0,0,0,0,0,0,0,0,0.05851755526658,0,0,0,0,0,0,0,0,0,0,0,0.0130039011703511,0.00180054016204861,0.00280084025207562,0.00390117035110533,0,0,0,0,0.00230069020706212,0.00190057017105132,0,0,0,0,0.00140042012603781,0.00460138041412424,0,0,0,0,0,0,0.00860258077423227,0,0.0156046814044213,0.000200060018005402,0.000300090027008102,0,0,0,0,0,0,0.00210063018905672,0,0,0,0,0.0102030609182755,0.0241072321696509,0,0,0.0328098429528859,0,0,0,0,0,0.00530159047714314,0.133640092027608,0,0.00570171051315395,0.135440632189657,0,0,0.000400120036010803,0,0,0,0.0187056116835051,0,0,0,0,0,0,0.00280084025207562,0,0,0.0207062118635591,0
0,0,0,0.000700280112044818,0,0,0.000100040016006403,0.00220088035214086,0,0,0,0.000300120048019208,0,0.0213085234093637,0.00240096038415366,0,0,0,0,0,0.00530212084833934,0.00470188075230092,0,0,0,0.289315726290516,0,0,0.00140056022408964,0,0,0,0,0.00210084033613445,0,0,0.00170068027210884,0.000100040016006403,0,0,0,0.00330132052821128,0.0287114845938375,0.00470188075230092,0.00350140056022409,0.0112044817927171,0,0,0,0,0,0.000100040016006403,0,0,0,0,0,0.00140056022408964,0,0.00300120048019208,0,0.0039015606242497,0,0,0,0.000900360144057623,0.000700280112044818,0.0038015206082433,0.00160064025610244,0,0,0,0,0.00570228091236495,0,0,0,0,0,0.00340136054421769,0,0.000500200080032013,0,0,0.007703081232493,0,0.000100040016006403,0,0.000700280112044818,0.00160064025610244,0,0.000200080032012805,0.0200080032012805,0,0,0.000300120048019208,0,0,0.00140056022408964,0,0.00170068027210884,0.000600240096038415,0,0,0.00040016006402561,0,0.00160064025610244,0.0715286114445778,0.0079031612645058,0.000800320128051221,0.00490196078431373,0,0,0.000700280112044818,0,0,0,0.00040016006402561,0.00130052020808323,0.00120048019207683,0,0,0,0.000200080032012805,0.00200080032012805,0,0,0,0,0,0,0.01640656262505,0,0,0,0.00700280112044818,0.00670268107242897,0,0,0,0.00100040016006403,0.000500200080032013,0.000800320128051221,0,0.00830332132853141,0,0,0,0,0,0.00040016006402561,0,0,0.00350140056022409,0,0,0,0,0,0.00360144057623049,0.000100040016006403,0.00040016006402561,0,0,0,0,0,0,0,0,0,0,0,0,0,0,0,0,0.00570228091236495,0,0,0,0,0,0,0,0,0,0,0,0,0.00040016006402561,0,0,0,0,0,0,0,0,0.00990396158463385,0,0,0,0,0.00300120048019208,0,0,0.000200080032012805,0,0,0,0,0,0,0.000800320128051221,0.0079031612645058,0,0.00190076030412165,0.000800320128051221,0,0.00100040016006403,0,0,0,0,0,0,0.00660264105642257,0,0.0129051620648259,0,0.00100040016006403,0.0373149259703882,0,0,0,0,0,0,0,0.0162064825930372,0,0,0,0,0,0.000500200080032013,0,0,0.137454981992797,0,0,0,0,0,0.000300120048019208,0,0,0,0,0,0,0,0,0,0,0,0,0.00600240096038415,0,0.00110044017607043,0.0039015606242497,0,0.000100040016006403,0,0,0,0.000200080032012805,0.146758703481393,0,0,0.00440176070428171,0.00180072028811525,0,0,0,0,0.000300120048019208,0,0,0,0,0,0.00250100040016006,0,0.000800320128051221,0,0,0.00420168067226891,0
0,0,0,0,0,0,9.99000999000999e-05,0,0,0,0.0001998001998002,9.99000999000999e-05,0.0001998001998002,0.0102897102897103,0.0001998001998002,0,0,0,0,0,0.0017982017982018,0.0015984015984016,0,0,0,0.0002997002997003,0,0,0.000599400599400599,0.00519480519480519,0.135464535464535,0,0,0.0030969030969031,0.0004995004995005,0,0.00949050949050949,0,0.0001998001998002,0,9.99000999000999e-05,0.000599400599400599,0.0001998001998002,0.0004995004995005,0,0.0004995004995005,0,0.0002997002997003,0,0,0.0023976023976024,0,0,0,0,9.99000999000999e-05,0,0,0,0.0174825174825175,0,0.0025974025974026,9.99000999000999e-05,0,0,0.0010989010989011,0.00979020979020979,0,0,0,0.0002997002997003,0,0,0.00579420579420579,0,0,0,0,0,0.012987012987013,0,0.0017982017982018,0.0014985014985015,0,0.0015984015984016,0.0001998001998002,0,0,0.000799200799200799,0.0113886113886114,9.99000999000999e-05,0.0047952047952048,0.0145854145854146,0,0,0.000799200799200799,0,0,0.0003996003996004,0,0,9.99000999000999e-05,0,0.0002997002997003,0.0023976023976024,0.0013986013986014,9.99000999000999e-05,0.0651348651348651,0,0,0.00979020979020979,0,0,0.0028971028971029,0,0,0,0.000999000999000999,0.0036963036963037,0,0,0.0010989010989011,0,0.0001998001998002,0.0022977022977023,0,0,0,0,0,0.0010989010989011,0.0013986013986014,9.99000999000999e-05,0,0.0011988011988012,0,9.99000999000999e-05,0,0.0002997002997003,0,0,0.0003996003996004,0.0014985014985015,0,0.00889110889110889,0,0,0,0,0.0003996003996004,0,0.00539460539460539,0.0033966033966034,0,0,0,0,0,0.0001998001998002,0,0,0.0011988011988012,0,0,0,0,0.000799200799200799,0,0,9.99000999000999e-05,0,0,9.99000999000999e-05,9.99000999000999e-05,0,0,0.0023976023976024,0.0105894105894106,0.00849150849150849,0,0,0,0,0,0,9.99000999000999e-05,0.0017982017982018,0,0.000799200799200799,0,0,0.00729270729270729,0,0,0.0016983016983017,9.99000999000999e-05,0,0,0,0,0,0,0,0.0001998001998002,0,0.000599400599400599,0,0,0.0001998001998002,0.000599400599400599,0,0,0,0,0.0001998001998002,0,0.0242757242757243,0.0003996003996004,0.0378621378621379,9.99000999000999e-05,0,0.0014985014985015,0,0,0.000699300699300699,9.99000999000999e-05,9.99000999000999e-05,0,0.0018981018981019,0,0.0016983016983017,0,0.0011988011988012,0.0121878121878122,0,9.99000999000999e-05,0,0,0,0,0,0.0012987012987013,0,0,0,0,0,0.0003996003996004,0,0,0.000699300699300699,0,0.0011988011988012,0,0.000899100899100899,9.99000999000999e-05,0.0010989010989011,0,0.0001998001998002,0.000599400599400599,0,0,0,9.99000999000999e-05,0.00559440559440559,9.99000999000999e-05,0,0,0,0.0345654345654346,0,0.0020979020979021,0.0300699300699301,0,0,0,0.0809190809190809,0.0001998001998002,9.99000999000999e-05,0.312787212787213,0,0,0.00619380619380619,0,0,0,9.99000999000999e-05,0,0,0.0033966033966034,0,0,0,0,0.00899100899100899,0,0.0017982017982018,0,0,0.0100899100899101,0
0,0,0,0,0,0,0,0,0,0,0,0,9.99500249875062e-05,0,0.000499750124937531,0,0,0,0,0,0,0,0,0.000499750124937531,0,0.212093953023488,0,0,0.000299850074962519,0,0,0,0,0,0,0,9.99500249875062e-05,0.0337831084457771,0,0,9.99500249875062e-05,0,0,0,0,0,0,0,0,9.99500249875062e-05,0,0,0,0,0,0,0,9.99500249875062e-05,0,0,0,0,0,0,0,0,0,0,0,0,0,0,0,0,0,0,0,0,0,0,0,0,0,0,0,0,0.0814592703648176,0,0,0,0,0,0.000199900049975012,0,0,0.000399800099950025,0.0063968015992004,0,0.0129935032483758,0,0,0.00129935032483758,0,0,0,0,0,0.00859570214892554,0,0,0,0,0,0,0,9.99500249875062e-05,0,0,0,0,0,0,0,9.99500249875062e-05,0,0,0,0,0,0,0,0.00309845077461269,0,0,0,9.99500249875062e-05,0.0108945527236382,0,0,0,0.000399800099950025,0,0,0,0,0,0,0,0,0,0,0,0,0,0.000199900049975012,9.99500249875062e-05,0,0.000299850074962519,0,0,0,0,0,0,0,0,0,0,0,0,0,0,0,0,0,0,0,0,0,0,0,0,0,0,0,0,0,0,0,0,0,0,9.99500249875062e-05,0,0,0.000199900049975012,0,0,0,0,0,0,0,0,0.205697151424288,0,0,0,0,9.99500249875062e-05,0,0,0,0,0,0,0,0,0,0,0,0,0,0,9.99500249875062e-05,0,0,0,0.0175912043978011,0,0,0,0,0.0149925037481259,0,0,0,0,0,0,0,0,0,0,0,0,0,0,0,0,0,0,0,0,0,0,0.000299850074962519,0,0,0,0,0,0,0,0.000199900049975012,0,0,0,0,0.000999500249875062,0,0,0.0536731634182909,0.000499750124937531,0,0,0,0,0,0.303248375812094,0,0,0,0,0,9.99500249875062e-05,0,9.99500249875062e-05,0,0,0,0,0,0,0,0,0,0,0,0.0277861069465267,0
0,0,0,0,0,0,0.0001999800019998,0,0,0,0.0004999500049995,0,0.0001999800019998,0.0393960603939606,0.0181981801819818,0,0,0,0.0001999800019998,0,0,0.0001999800019998,0,0.0004999500049995,0,0.0061993800619938,0,0,0.0121987801219878,0.0005999400059994,0,0,0,0,0,0,0,0.0016998300169983,0,0,0,0,0,0,0,0.0013998600139986,0,0,0,0,0,0,0,0,0,0.0001999800019998,0,0.0002999700029997,0,0,0,0,0,0,0,0,0,0,9.99900009999e-05,0,0.0014998500149985,0.0002999700029997,0,0.0001999800019998,0,0,0,0,0,0,0,0,9.99900009999e-05,0,0.0001999800019998,0,0,0,0,0.0057994200579942,0,0.0001999800019998,0,0,0,0,0,0,0.0008999100089991,0,0,0,0,0,0,0,0,0,0,0,0,0,0,0.0096990300969903,0,0,0,0.0003999600039996,0.0005999400059994,0,0,0,0.0051994800519948,0,0.0112988701129887,0,0,0,0,0,0,0.0381961803819618,0,0.0008999100089991,0,9.99900009999e-05,0,0,0,0,0.0104989501049895,0,0,0,0,0,0.0002999700029997,0.0002999700029997,0,0.0012998700129987,0,0,0,0.0001999800019998,0,0,0,0,0,9.99900009999e-05,0,0,0,0.162083791620838,0,0,0,0,0,0.0395960403959604,0,9.99900009999e-05,0.245975402459754,0,0,0,0,0,0.000999900009999,9.99900009999e-05,0,9.99900009999e-05,0,0,0.0003999600039996,0,0,0,0,0,0,0.0061993800619938,0.0005999400059994,0,0,0,0,0,0,0.0002999700029997,0,0,0,0,0,0.0085991400859914,9.99900009999e-05,0,0,0.0052994700529947,0,0,0,0,0,0,0,0,0.0087991200879912,0,0,0,0,0,0,0,0,0,0,0,0.0002999700029997,0,0,0,0,0,0.0001999800019998,0,0,0,0.0001999800019998,0,0,0,0,0,0,0,0,0,0,0.0001999800019998,0,0,0,0,0.0003999600039996,0,0,0,0.0001999800019998,0,0,0.0007999200079992,0.0001999800019998,0,0,0,0,0.090990900909909,0,0.0028997100289971,0,0,0.0012998700129987,0,0.0001999800019998,0.0011998800119988,0.000999900009999,0.245475452454755,0,0,0,0,0,0,0,0,0,0.0015998400159984,0,0,0,0,0,0,0.0014998500149985,0,0,0.0016998300169983,0
0,0,0,0,0,0,9.99900009999e-05,0.0002999700029997,0,0,0,0.0010998900109989,0,0.0091990800919908,0.0141985801419858,0,0.0012998700129987,0,0,0,0,0.0006999300069993,0,0.0003999600039996,0,0.153784621537846,0,0,0.0046995300469953,0.0010998900109989,0.0001999800019998,0,0,0.0398960103989601,0,0,0.0006999300069993,0.0222977702229777,0.0005999400059994,0,0,0.0007999200079992,0,0.0015998400159984,0,0.023997600239976,0,0,0,0,0,0,0,0,0,0.0004999500049995,0,0.0001999800019998,0,9.99900009999e-05,9.99900009999e-05,0,0,0,0,0,9.99900009999e-05,0,0,0.0033996600339966,0.0007999200079992,0,0,0,0,0,0,0,0,0.0043995600439956,0,0.0002999700029997,0.0033996600339966,0,0.0001999800019998,0,0.0011998800119988,0,0.0014998500149985,0.0152984701529847,0,0.0032996700329967,0.0905909409059094,0,0,0,0,0,0.0117988201179882,0,0,0,0,0.000999900009999,0.0002999700029997,0.0005999400059994,0.0171982801719828,0.020997900209979,0,0,0.0124987501249875,0,0,0.003999600039996,9.99900009999e-05,0.0021997800219978,0,0,0.0011998800119988,0,0,0.0002999700029997,0,0,0.0360963903609639,0,0,9.99900009999e-05,0,0,0.0130986901309869,0.0044995500449955,9.99900009999e-05,0,0,0,0.0011998800119988,0,0,0,0.001999800019998,0,0.0014998500149985,0,0.000999900009999,0,0.0003999600039996,0.0028997100289971,0,0.0078992100789921,0.0005999400059994,0.0012998700129987,0,0,0,0,0,0,0,0.0051994800519948,0,0,0,0.10958904109589,0,9.99900009999e-05,0,0,0,0,0.0004999500049995,0,0,0.0003999600039996,9.99900009999e-05,0,0.0004999500049995,0.0007999200079992,0.0063993600639936,0,0,0,0,0,0.000999900009999,0,0,0,0,0,9.99900009999e-05,0.0011998800119988,0.0005999400059994,0,0,0,0,0,0,0,0,0,0,9.99900009999e-05,0,0.0025997400259974,0,0,0.0002999700029997,0.0016998300169983,0,0,0,0,0.0004999500049995,0.0027997200279972,0.0038996100389961,9.99900009999e-05,0.0013998600139986,0,9.99900009999e-05,0,0,0,0,0,0,0,0.0100989901009899,0.0007999200079992,0.0071992800719928,0,0.0010998900109989,0.0478952104789521,0,0,0,0,0,0,0,0.0452954704529547,0,0,0,9.99900009999e-05,0,9.99900009999e-05,0,0,0,0.0004999500049995,0.0008999100089991,0,0.0017998200179982,0.0011998800119988,0,0,0.0006999300069993,0.0015998400159984,0,0,0,9.99900009999e-05,0,0,0,0,0,0.0021997800219978,0,0.0010998900109989,0.0261973802619738,0,0,0,9.99900009999e-05,0,0.0031996800319968,0.115488451154885,0,0,0.0225977402259774,0,0,0,0,9.99900009999e-05,0.0002999700029997,0.000999900009999,0,0.0001999800019998,0,0,0.0176982301769823,0,0.0001999800019998,0,0,0.002999700029997,0
0,0,0,0,0,0,0,9.9930048965724e-05,0,0,0,9.9930048965724e-05,0,0.000399720195862896,0.0024982512241431,0,0,0,0,0,0.00369741181173179,0.00309783151793744,0,0,0,0.205755970820426,0,0,0.000399720195862896,0,0,0,0,9.9930048965724e-05,0,0,0,0,0,0,0,0,0,0.002897971420006,0,0.0108923753372639,0,0,0,0,0,0,0,0,0,0,0,0,0,9.9930048965724e-05,0,0.00149895073448586,0,0,0,0,0.0095932847007095,0,0,0,0.000899370440691516,0,0,0.000899370440691516,0,0,0,0,0,0.00099930048965724,0,9.9930048965724e-05,0,0,0.0024982512241431,0,9.9930048965724e-05,0,0,0.00239832117517738,0,0,0,0,0,0,0,0,0.000699510342760068,0,0.000599580293794344,0,0,0,0.000199860097931448,0,0.00049965024482862,0.102628160287799,0,0.00329769161586889,0,0,0,0.000899370440691516,9.9930048965724e-05,0,0,0,0,0,0,0.000699510342760068,0,0.00419706205656041,0.00419706205656041,0.00399720195862896,0,0,0,0,0.00099930048965724,0.0264814629759169,0,0,0,0,0,0,0,0,0,0,0,0,0.0320775457179974,0,0.00169881083241731,0.000199860097931448,0,0,0.000199860097931448,0,0,0.00319776156690317,9.9930048965724e-05,0,0,0,9.9930048965724e-05,0.00109923053862296,0,0,0,0.00099930048965724,0,9.9930048965724e-05,0,0,0,0,0,0,0,0,0,0,0,0,0.002897971420006,0,0,0,0,0,0,0,0,0,0,0,0,0.00129909063655441,9.9930048965724e-05,0,0,0,0,0,0,0,0,0,0,0.221744778654942,0,0.000799440391725792,0,0,0,0,0,0,0.00319776156690317,0,9.9930048965724e-05,0,0.00429699210552613,0,0,0.000199860097931448,0,0.00629559308484061,0,0,0,0,0,0,0.00149895073448586,0.000399720195862896,0.0137903467572699,0,0,0.0392725092435295,0,0,0,0,0,0,0,0,0,0,0,9.9930048965724e-05,0,0,0,0.00529629259518337,0.000199860097931448,0,0.00239832117517738,0,0.00049965024482862,0,0.000399720195862896,0,9.9930048965724e-05,0.0024982512241431,0,0,0,0,0,0,0,0,0.000899370440691516,0.0496652343359648,0,0,0.0442690116918157,0,0,0,0,0.000799440391725792,0.000399720195862896,0.14349955031478,0,0,0.000699510342760068,0,0,0,0,9.9930048965724e-05,0.000299790146897172,0.00259818127310882,0,0,0,0,0.00659538323173778,0,0,0.00449685220345758,0,0,0
0,0,0,0,0,0,0,0,0,0,0,0.000499900019996001,0,0.00499900019996001,0.0001999600079984,0,0,0,0,0,0.00609878024395121,0.0015996800639872,9.99800039992002e-05,0,0,0.28244351129774,0,0,0.000699860027994401,0,0.0442911417716457,0,0,0.00519896020795841,0,0.0017996400719856,0.00419916016796641,0.00829834033193361,0,0,0,0,0.0141971605678864,0.0030993801239752,0,0.00349930013997201,0,0,0,0,0,9.99800039992002e-05,0,0,0,0,0,9.99800039992002e-05,0,0,0,0,9.99800039992002e-05,0,0.0002999400119976,0,0.00819836032793441,0,9.99800039992002e-05,0.00479904019196161,0,0,0,0,0,0,0,0,0,0,0,0.0002999400119976,0,0,0.0031993601279744,0,0,0,0.0011997600479904,0,0,0,0.0012997400519896,0,0,0.000699860027994401,0,0,0.000599880023995201,0,0,0,0,0,9.99800039992002e-05,0,0.0112977404519096,0.0140971805638872,0.0001999600079984,0,0.0031993601279744,0,0,0,0,0,0,0.000399920015996801,0.00689862027594481,0,0,0.0026994601079784,0,0,0.0002999400119976,0,0,0,0,0,0,0,0,0,0,0.0018996200759848,0,0,0,0,9.99800039992002e-05,0,0.000399920015996801,0,0,0,0,0,0,0.000799840031993601,0.0001999600079984,0,0,0,0,0,0,0,0,0.000999800039992002,0,0,0,0.262947410517896,0,9.99800039992002e-05,0,0,0,0,0,0,0,9.99800039992002e-05,0,0,0,0,0.0317936412717457,0,0,0,0,0,0,0.0018996200759848,0,0,0.00709858028394321,0.0002999400119976,0,0,0,0,0.0021995600879824,0.000399920015996801,0,0,0,0,0,0,0,0,0,0.0002999400119976,0,0,0,0.0015996800639872,0,0,0.000399920015996801,0,0,0.000599880023995201,0,0,0,0.0002999400119976,0.018496300739852,0.0002999400119976,0,0,0,0,0.00969806038792242,0,0.000699860027994401,0,0,0,0,0.0026994601079784,0,0,0,0,0.000499900019996001,0,0,0.0025994801039792,0,0,0,0,0,0,0,0,0.0156968606278744,0,0,0,0,0,0,0,0,0,0,0,0,0,0,0,0,0.0823835232953409,0,0.00779844031193761,0,0.0027994401119776,0.000599880023995201,0,9.99800039992002e-05,0,0,0,0.0002999400119976,0.0837832433513297,0,0,0.00389922015596881,0,0,0,0,0,0.0030993801239752,0,0,0,0,0,0.0016996600679864,0,0,0.00399920015996801,0,0.002999400119976,0
0,0,0,0,0.0001999800019998,0,0.0002999700029997,0,0,0,0,0,9.99900009999e-05,0,0.0017998200179982,0,0,0,0,0,0,0,0,0,0,0.640635936406359,0,0,0.0002999700029997,0.0008999100089991,0,0,0,0,0,0,0,0,0,0,0,0,0,0.0020997900209979,0,0.0201979802019798,0,0.0001999800019998,0,0,0,0,0,0.0005999400059994,0,0,0,0,0,0,0,0,0,0,0,0,0,0,0.0037996200379962,0.0142985701429857,0,0,0,0,0,0,0,0,0,0,0,0,0.001999800019998,0,0,0,0,0,0,0,0,0.0007999200079992,0.0001999800019998,0,0,0,0.0003999600039996,0,0,0,0,0.0020997900209979,0,0,0.0008999100089991,0,0,0.153884611538846,0,0,0,0,0.0004999500049995,0,0,0,0,0,0.0053994600539946,0,0,0,0,0.0002999700029997,0.0036996300369963,0,0.027997200279972,0,0,0,0.0008999100089991,0,0,0,0,0,0.0005999400059994,0.0002999700029997,0,0,0.0070992900709929,0,0,0,0,0,0,0,0,0,0,0,0.0010998900109989,0,9.99900009999e-05,0,0,0,0,0.0075992400759924,0,0,0,0,0,0,0,0,0,0.0003999600039996,0,0,0,0,0,0,0.0001999800019998,0,0,9.99900009999e-05,0,0,0.000999900009999,0,0,0,0,0,0,0,0,0,0,0,0,0,0,0,0,0,0,0,0,0,0,0.0025997400259974,0,0,0.0003999600039996,0.0006999300069993,9.99900009999e-05,0,0,0,0,0,0.0046995300469953,0,0.005999400059994,0,0,0,0,0,0,0,0,0,0.0031996800319968,0,0,0,0,0,0,0,0,0,0,0,0,0,0,0,0.0005999400059994,0,0,0,0,0,0,0,0,0,0.0010998900109989,0.0007999200079992,0,0,9.99900009999e-05,0,0,0,0,0,0.0001999800019998,0,0,0,0,0,0.0002999700029997,0,0.0668933106689331,0,0,0,0,0,0,0,0,0,0,0,0,0,0,0,0,0,0,0,0,0,0.008999100089991,0,0.0002999700029997,0,0,0,0
0,0,0,0.00120084058841189,0,0,0.000800560392274592,0,0,0,0,0,0,0,0.0274191934354048,0,0,0,0,0,0,0,0,0.00100070049034324,0.000600420294205944,0.0482337636345442,0,0,0.0164114880416291,0.00430301210847593,0,0,0,0,0,0,0.00620434304012809,0,0,0,0,0,0,0,0,0.0374261983388372,0,0.000100070049034324,0,0.000300210147102972,0,0,0,0,0,0,0,0,0,0.0029020314219954,0,0,0,0,0,0,0.00240168117682378,0,0,0,0,0,0,0.0025017512258581,0,0,0,0,0,0.00300210147102972,0,0,0,0,0,0,0,0,0,0,0,0,0,0,0,0.000800560392274592,0,0.000200140098068648,0,0,0,0.00360252176523566,0,0,0,0,0,0.0203142199539678,0,0,0,0,0,0,0,0,0,0,0,0,0,0,0,0,0,0,0,0,0.000300210147102972,0,0,0.0419293505453818,0,0.00150105073551486,0,0,0.000400280196137296,0,0,0,0,0,0,0,0,0,0,0,0,0,0.00240168117682378,0.00570399279495647,0,0,0.000200140098068648,0,0,0,0,0,0,0,0,0,0,0,0,0,0,0,0.000100070049034324,0.00170119083358351,0.000600420294205944,0,0,0,0,0,0,0,0,0,0,0.00050035024517162,0,0,0,0,0,0,0,0.00200140098068648,0.00400280196137296,0,0,0.00150105073551486,0,0,0,0,0,0,0,0.000100070049034324,0,0,0,0,0,0.0079055338737116,0,0,0,0.00130091063744621,0,0,0,0,0.0670469328529971,0,0,0,0,0,0,0.00190133093165216,0,0,0.0132092464725308,0,0,0.000100070049034324,0,0.0379265485840088,0.00720504353047133,0,0,0,0.00050035024517162,0,0,0,0,0,0,0,0,0,0,0,0,0,0,0,0,0.000200140098068648,0,0,0,0.00900630441308916,0,0,0,0,0,0,0,0.01110777544281,0,0.414590213149204,0,0.0138096667667367,0.0457320124086861,0,0.000100070049034324,0,0,0,0,0.0904633243270289,0,0,0.021014710297208,0,0,0,0.000600420294205944,0,0,0,0,0,0,0,0,0,0,0,0,0.0136095266686681,0
0,0,1e-04,2e-04,0,0,1e-04,0,0,0,0,0,0,0,0.0179,0,0,0,0,0,0,8e-04,0,3e-04,0,0.4704,0,0,0,0,0,0,0,0.0201,0,0,0.001,0,0,0,0,0,0,0,0,0,0,0,0,0,5e-04,0,0,0,0,0.0013,9e-04,1e-04,0,5e-04,5e-04,0,0,3e-04,0,0,0,0,0.0043,0,0,0,0,0,0.1576,0,0,0,0,0,0,0,0,0,0,0,0,0,0,0,0,0.0124,0.0031,0,0,0,3e-04,0,0,0,0,0,1e-04,0,0,0,0,0.0439,0,0,0,0,0,0,0,0,0,0,0.0249,0,7e-04,0,0,0.0036,0,0,0.0073,0,0,0,0,0,0,0,0,3e-04,0,0,0,0,0.001,0,0,0,0,0,0,0,0,0,0,0,0,0,0,0,0,0,0,0.0068,0,0,0,0,0,0,0,0,0,0,0,0,0,0,0,0,0,0,0,0,0,0,0,0,0,0,0,0,0,0,0,0.0107,0,0,0,0,0,0,0,0.0548,0,0,0,0,0,0,0,0,0,0,0,0,0,0,0,0,0,0,0,0,0,0,0,0,0,0,0,0,0,0,0,0,0,0,0,0,0,0,0,0,0,0,0,0,0,0,2e-04,0,0,0,0,0,0,0,0,0,0,0,0,0,2e-04,0,0,0,0,0,0,0,0,0,0,0,0,0,0.0047,0,0,0,0,0.1471,0,0,0,0,0,0,0,0,0,0,0,0,0,0,0,0,0.001,0,0,0,0
0,0,9.98801438274071e-05,0.000199760287654814,0,0,0,0.00399520575309628,0,0,0.00149820215741111,0,0,0,9.98801438274071e-05,0.00589292848581702,0,0,0.000799041150619257,0,0.00359568517778666,0.00159808230123851,0,0.00169796244506592,0,0.0322612864562525,0,0,0.00069916100679185,0.00069916100679185,0.0373551737914503,0,0,0,0.000599280862964443,0,0.0244706352377147,0.0202756691969636,0,9.98801438274071e-05,0,0.00219736316420296,0.000799041150619257,0.0101877746703955,0,0.000599280862964443,0,0,0,0,0,0,0.000499400719137036,0,0,0.00149820215741111,0,0,0.000799041150619257,0.0204754294846185,0.000399520575309628,0,0,0.000399520575309628,0,0,0.000799041150619257,0.000199760287654814,0,0,0.00219736316420296,0,0,0.00209748302037555,0,0,0,0,0,0.00409508589692369,0,0.00549340791050739,0.00299640431482221,0,0,9.98801438274071e-05,0.00229724330803036,9.98801438274071e-05,0,0.0114862165401518,0,0.00998801438274071,0.000898921294446664,0,0,0.000199760287654814,0,0,0,0,0,9.98801438274071e-05,0,0.00289652417099481,0,0,0,0.00709149021174591,0,0,0.000898921294446664,0,0,0.0769077107471035,0,0,0,0.00109868158210148,0.00109868158210148,0,0,0,0,0.000199760287654814,0.0842988413903316,0.0463443867359169,0,0,0,0,0.000199760287654814,0.00159808230123851,0,0,0,0,0.000299640431482221,0,0,0,9.98801438274071e-05,0.000299640431482221,0.00129844186975629,0.000499400719137036,0.011785856971634,0,0,0,0.00069916100679185,0.000399520575309628,0.00269676388333999,0,0.000299640431482221,0.00249700359568518,0,0,0,0.000199760287654814,0,0.00729125049940072,0,0.000199760287654814,0,0,0,0,0.000399520575309628,0,0.000299640431482221,0,0.000199760287654814,0,9.98801438274071e-05,0,0,0,0.00119856172592889,0,0.00549340791050739,0.000998801438274071,0,0,0,0,0.000599280862964443,0,0,0,0,0,0,0.0217738713543748,9.98801438274071e-05,0,0,0,0,0,0,0,0,0,0,0.112564922093488,0,0.00429484618457851,0,0,0.000199760287654814,0.00069916100679185,9.98801438274071e-05,0,0,0,0.00569316819816221,0.00489412704754295,0,0,0.0469436675988813,0,0.0423491809828206,0.00179784258889333,0,0,0,0,0,0,0.0200759089093088,0,0.0307630842988414,0,0.000799041150619257,0.00609268877347183,0,0,0,0,0.000399520575309628,0.00858969236915701,0,0.0105872952457052,0,0,9.98801438274071e-05,0,0,0.00489412704754295,0,0,0,0.000399520575309628,0,0,0.00109868158210148,0.000199760287654814,0.000199760287654814,0,0,0,0.000199760287654814,0,0,0.000299640431482221,0.000299640431482221,0,0,0,0,9.98801438274071e-05,0,0.00868957251298442,0.00519376747902517,0,0,0,0,0.000199760287654814,0,0.126648022373152,9.98801438274071e-05,0,0.0282660807031562,0,0,0,9.98801438274071e-05,9.98801438274071e-05,0,0.00689172992409109,0,0,0,0,0.00729125049940072,0,0.000399520575309628,0,0,0.0122852576907711,0
0,0,0,0,0,0,0.0250974902509749,0,0,0,0,0,0,0,0,0,0.0265973402659734,0,0,0,0,0,0,0,0,0,0,0,0,0.0881911808819118,0,0,0,0,0,0,0,0,0,0,0,0,0,0,0,0,0,0,0,0,0,0,0,0,0,0,0,0,0,0,0,0,0,0,0,0,0,0,0,0,0,0,0,0,0,0,0,0,0,0,0,0,0,0,0,0.0036996300369963,0,0,0,0,0,0,0,0,0,0,0,0,0,0,0,0,0.0305969403059694,0,0,0,0,0,0,0,0,0,0,0,0,0,0,0,0.212778722127787,0,0.0006999300069993,0,0,0,0.0770922907709229,0,0,0,0,0,0,0,0,0,0,0.0143985601439856,0,0,0,0,0,0,0,0,0,0,0,0,0,0,0.0164983501649835,0,0,0,0.0152984701529847,0,0,0,0,0,0,0,0,0,0,0,0,0,0,0.133386661333867,0,0,0.013998600139986,0,0,0,0,0,0,0,0,0,0,0,0.0363963603639636,0,0,0,0,0,0,0,0.0033996600339966,0,0,0,0,0,0,0,0,0.0011998800119988,0,0,0,0,0,0,0,0,0,0,0,0,0,0,0,0,0,0,0,0,0,0,0,0,0,0,0,0,0.270872912708729,0,0,0,0,0,0,0,0,0,0,0,0,0,0,0,0,0,0,0,0,0,0.0273972602739726,0.0004999500049995,0,0,0,0,0,0,0,0,0,0,0,0,0,0,0,0.0018998100189981,0,0,0,0,0,0,0,0,0,0,0,0,0,0,0,0,0,0,0,0,0,0,0,0,0,0,0,0,0,0,0
0,0,0,0,0,0,0.0062,0.0131,0,0,0,0,0,0,0,0,0,0,0,0,0.0381,0,0,0.0015,0,0,0,0,0.0085,0.0051,5e-04,0,0,0.0476,0,0,0.1229,0,0,0,0,0,0,0,0,0,0,0,0,0,0,0,0,0,0,0,0,0,0,0.0146,0,0,0,0,0,0,1e-04,0,0,0.0213,0,0,0,0.0408,0,0,0,0,0,0,0,0,0,0,0,0,0,0,0,0,0,0.0027,0.0078,0,0,0.0103,0,0,0,0,0,0,0,0,0,0,0,0.2007,0,0,0,0,0,0,0,0,0,0,0.059,0.0035,0,0,0,2e-04,0.0094,0,0,0,0,0,0,0,0,0.0022,0,0,0.0037,0,0,0,9e-04,0,0,0,0.0028,0,0,0,0,0.0052,0,0,0,0.0023,0,0,0,0,0,0.0311,0,0,0,0,0,0,0,0,0,0,6e-04,0,0,0,0,0,0,0,0.0387,0,0,0,0,0,0,0,0,0,0,0,0,0.011,0,0,0,0,0,0,0,0,0,0,0,0,0,0,0,0,0,0.0042,0,0,0,0,0,0,7e-04,0,0.0917,0,0,0,0,0,0,0,0,0,0,0.001,0,4e-04,0,0,0,0,0,0,0,0,0,0,0,0,0,0.0016,0,2e-04,0,0,0,0,0,0,0,0,0,0,0,0,0,0,0,0,0,0,0,0,0,0,0,0,0.1262,0,2e-04,0,0,0,0,0,0,0.0011,0,0,0,0,0,0,0.0055,0,0,0,0,0,0.0047,0,0.0027,0,0,0.0474,0
0,0,9.9930048965724e-05,0,0,0,9.9930048965724e-05,0.00839412411312082,0,0,0,0,0,0,9.9930048965724e-05,0,0,0,0,0,0,0.0111921654841611,0,9.9930048965724e-05,0,0,0,0,0.000399720195862896,0.000199860097931448,0.0415709003697412,0,0,0,0,0,0.000399720195862896,0,0.000299790146897172,0,0.000199860097931448,0,0,0,0,0,0,0,0,0,0,0,0,9.9930048965724e-05,0,0,0,9.9930048965724e-05,0,0.0253822324372939,0,0,9.9930048965724e-05,9.9930048965724e-05,0,0,0.00739482362346358,0,0,0.00439692215449186,0.0400719496352553,0,9.9930048965724e-05,0.0195862895972819,0,0,9.9930048965724e-05,0,0,0,0,0.00189867093034876,0,0,0.0571599880083941,9.9930048965724e-05,9.9930048965724e-05,0,0,0.00759468372139502,0,9.9930048965724e-05,0.000599580293794344,0,0,9.9930048965724e-05,0,0,0.0526631358049365,0,0,0,0.000599580293794344,0,0,0.000399720195862896,0,0,0,0,0,0,0,0.00529629259518337,0.000199860097931448,9.9930048965724e-05,0,0.0243829319476367,0.0245827920455681,0,0,0.000699510342760068,0,9.9930048965724e-05,0,0,0,0.000899370440691516,0,0,0,0.0511641850704507,0,9.9930048965724e-05,0,0,0.000699510342760068,0,0,0,0.00149895073448586,0,0,9.9930048965724e-05,0.00339762166483462,0,0.00449685220345758,0.000899370440691516,0,0,0.00309783151793744,0,0,0.00179874088138303,9.9930048965724e-05,0,0,0,0,0,0,0,0,0.243029879084641,0,0,0,0,0,0.00159888078345158,0.000699510342760068,0,0,9.9930048965724e-05,0,0,0.000399720195862896,0,0,0.0020985310282802,0,0,0,0,0.00339762166483462,0,0,0,0,0,9.9930048965724e-05,0.00529629259518337,9.9930048965724e-05,0,0,0,0,0.000299790146897172,0,0,0,0,0,0.00929349455381233,0,0.00849405416208654,0,0,0,9.9930048965724e-05,0,0,0,0,0.00229839112621165,9.9930048965724e-05,0.0295792944938543,0.0239832117517738,0,0,0,0.00129909063655441,0,0,0,0,0.0279804137104027,0,0,0.00179874088138303,0,0,0,0.000299790146897172,0,0,0.000599580293794344,0,0,0.00309783151793744,0,0.000899370440691516,0,0,9.9930048965724e-05,0.000299790146897172,0,0,0,0,0,0,0,0,0.00719496352553213,0.000599580293794344,0.000899370440691516,0.000399720195862896,0.00599580293794344,0,0.00139902068552014,0,0,0.000199860097931448,0,0.000299790146897172,0,0,0,9.9930048965724e-05,0,0,0.00689517337863496,0,0,0,0,0,0,0.139002698111322,0,0,0.0358748875786949,0,0,0,0,9.9930048965724e-05,0.013390626561407,0,0,0,0,0,0,0.00159888078345158,9.9930048965724e-05,0,0,0.0131907664634756,0
0.000599700149925037,0,0,0,0,0,0,0,0,0,0,0,9.99500249875062e-05,0,0.00369815092453773,0,0,0,0,0,0,0,0,0.000699650174912544,0,0.181609195402299,0,0,0.000499750124937531,0,0.0298850574712644,0,0,0.00919540229885057,0,0,0.00209895052473763,0,0.00339830084957521,9.99500249875062e-05,0,0,0,0,0,0,0,0,0,0,0,0,0,0,0,0,0,0,0,0,0,0,0,0,0,0,0,0,0,0,0,0,0,0,0,0,9.99500249875062e-05,0,0,9.99500249875062e-05,0,0,9.99500249875062e-05,0,0,0.000399800099950025,0.000899550224887556,0,0,0,0,0.0047976011994003,0.0102948525737131,0,0,9.99500249875062e-05,0,0,0.000299850074962519,0,0,0.00789605197401299,0,0,0.000199900049975012,0,0,0.206196901549225,0,0.00149925037481259,0,0,0.000899550224887556,0,0,0,0,0.000599700149925037,0,0,0,0,0,0.000199900049975012,0,0,0.00109945027486257,0,0,0,0,0,0,9.99500249875062e-05,0,0,0.0503748125937031,9.99500249875062e-05,0,0,0.00429785107446277,0,0,0,0,0,0,0,0,0,0,0,9.99500249875062e-05,0,0,0,0,0,0,0.0015992003998001,0,0,0,0,0,0,0,0,0,0,0.000399800099950025,0,0,0,0,0,0,0,0.024487756121939,0,0,0,0,0,0,0,0,0,0,0.00219890054972514,9.99500249875062e-05,0,9.99500249875062e-05,0.00079960019990005,0,0,0,0,0,0,0,0,0,0,0,0.000299850074962519,0,9.99500249875062e-05,0.000399800099950025,0.000699650174912544,0,0,0,0,0,0,0,0,9.99500249875062e-05,0,0,0,0,0,9.99500249875062e-05,0,0,0,0,0,0,0,0,0.163018490754623,0,0,0,0,0,0,0,0,0,0,0.00079960019990005,0,0,0,0,0,0,0,0.000299850074962519,0,0.000699650174912544,0.00179910044977511,0.000399800099950025,0,0,0,9.99500249875062e-05,0,0,0,9.99500249875062e-05,0,0,0,0,0,0,0,0.032183908045977,0,9.99500249875062e-05,9.99500249875062e-05,0,9.99500249875062e-05,0,0.223488255872064,0,0,0.00489755122438781,0.000299850074962519,0,9.99500249875062e-05,0,0,0,0,0,0,0,0.000699650174912544,0.00889555222388806,0,0.00229885057471264,0,0,0.00569715142428786,0
0,0,0,0,0,0,0.0237047409481896,0,0.000600120024004801,0,0,0,0,0,0.00980196039207842,0,0,0,0,0,0,0,0,0.000900180036007201,0,0.000400080016003201,0,0,0,0.00410082016403281,0,0,0,0.00980196039207842,0,0,0.000400080016003201,0,0.0003000600120024,0,0,0,0.0709141828365673,0,0,0,0,0,0,0.0002000400080016,0,0,0,0,0.00540108021604321,0,0,0,0,0.0001000200040008,0,0.014002800560112,0,0,0.00780156031206241,0,0.000600120024004801,0,0,0,0,0,0,0.0014002800560112,0,0,0,0,0,0.00380076015203041,0,0,0,0,0,0.000800160032006401,0.0001000200040008,0,0.000600120024004801,0,0,0.000900180036007201,0.0001000200040008,0,0,0,0,0,0.00660132026405281,0.000700140028005601,0,0,0,0,0,0,0,0.0031006201240248,0.001000200040008,0,0,0,0,0,0,0,0,0,0.00430086017203441,0,0,0,0,0,0.00890178035607121,0,0,0,0,0.0179035807161432,0.00870174034806961,0,0,0,0,0,0.0016003200640128,0,0,0,0,0,0,0,0,0,0,0,0,0,0,0,0,0,0.0003000600120024,0,0,0,0,0,0,0,0.000500100020004001,0.225545109021804,0.000400080016003201,0,0,0,0,0,0.0003000600120024,0,0.0001000200040008,0,0,0,0,0.00980196039207842,0.0113022604520904,0,0.0019003800760152,0,0,0,0.0018003600720144,0,0,0,0,0,0,0.0028005601120224,0,0.0001000200040008,0,0,0,0,0,0,0,0,0,0.0001000200040008,0,0.0003000600120024,0,0,0.0002000400080016,0,0,0,0,0,0.0003000600120024,0,0,0.0111022204440888,0.0001000200040008,0.0014002800560112,0,0.0001000200040008,0,0,0,0,0,0,0.00760152030406081,0,0.0163032606521304,0.0001000200040008,0,0.0767153430686137,0,0,0,0,0,0,0,0,0,0,0,0,0,0,0,0,0,0,0,0,0.000700140028005601,0.0012002400480096,0.0002000400080016,0,0.0001000200040008,0.0024004800960192,0,0,0,0,0,0,0,0,0,0.180336067213443,0,0,0.0788157631526305,0,0,0,0,0,0.000700140028005601,0.145329065813163,0,0,0.0029005801160232,0,0,0,0,0,0.000800160032006401,0.00420084016803361,0,0,0,0,0.001500300060012,0,0,0,0,0.0021004200840168,0
0,0.000399920015996801,0,0,0,0,9.99800039992002e-05,0,0,0,0,0,0,0,0.00679864027194561,0,0,0,0,0,0,0,0,0,0,0.261047790441912,0,0,0.001499700059988,0,0,0,0,0.0133973205358928,0,0,0,0,9.99800039992002e-05,0,0,0,0,0,0,0,0,0,0,0,0,0,0,0,0,0,0,0,0,0,0,0,0,0,0,0,0,0,0,0,0,0,0,0,0,0,0,0,0,0.000899820035992801,0.0001999600079984,0,0,0,0,0,0.0141971605678864,0,0,0.00439912017596481,0,0.000899820035992801,0.0333933213357329,0,0,0,0,0,0,0,0,0.0023995200959808,0,0,0,0,0.0150969806038792,0.264047190561888,0,0,0,0,0,0,0,0,0,9.99800039992002e-05,0.00439912017596481,0,9.99800039992002e-05,0,0,0.0001999600079984,0.00799840031993601,0,0,0,0,0,0,0,0,0,0,0,0.151669666066787,0,0,0,0.0339932013597281,0,0,0,0,0,0,0,0,0,0.0011997600479904,0,0,0,9.99800039992002e-05,0,0,0,0,0,0,0,0,0,0,0,0,0,0,0,0,0,0.0030993801239752,0,0,0,0,0,0.000799840031993601,0,0,0,0,0,0,0,0,0,0,0,0,0,0,0,0,0,0,0,0,0,0,0,0,0.00609878024395121,0,0.00899820035992801,0,0.000399920015996801,0.0001999600079984,0,0,0,0,0,0,0,0,0,0.0409918016396721,0,0,0,0,0,0,0,0,0,0,0,0,0,0,0,0,0,0,0.0001999600079984,0,0,0,0,0,0,0,0,0,0,0,0,0,0,0,9.99800039992002e-05,0,0,0,0,0,0.00659868026394721,0,0,0,0.0001999600079984,0,0,0,0,0.001499700059988,0.000799840031993601,0,0,0.0250949810037992,0,0,0,0,0,0,0.0834833033393321,0,0,0,0,0,0,0,0,0,0.000799840031993601,0,0,0,0,0.0016996600679864,0,0.0002999400119976,0,0,0,0
0,0,0,0,0,0,9.99900009999e-05,0,0,0,0,0.0015998400159984,0.0003999600039996,0,9.99900009999e-05,0,0,0,0,0,0.0032996700329967,0.0031996800319968,0,0.0001999800019998,0.0038996100389961,0.0686931306869313,0,0,0.0002999700029997,0,0.0078992100789921,0,0,0.0031996800319968,0,0,0.0031996800319968,0.0028997100289971,0.0002999700029997,9.99900009999e-05,9.99900009999e-05,0,0,0.008999100089991,0,0.0086991300869913,9.99900009999e-05,0,0,9.99900009999e-05,0,0,0.0001999800019998,0,0,0,0,0.0005999400059994,0.0017998200179982,0,0,0,9.99900009999e-05,0,0,0.0012998700129987,0.0128987101289871,0.0002999700029997,0,0.0010998900109989,0,0,0,0,0,0.0270972902709729,0,0,0,0.0171982801719828,0,0,0.016998300169983,0,0.0040995900409959,0.0077992200779922,0,9.99900009999e-05,0,0,0.0350964903509649,0.0012998700129987,0.0111988801119888,0,0,0,0,0,0.0051994800519948,0,0.0023997600239976,0,0,0,0.0002999700029997,0,0,0.238976102389761,0.0003999600039996,0,0.000999900009999,0,0,0.0022997700229977,0,0.0058994100589941,0,0.0077992200779922,0.0062993700629937,0,0,0,0.0002999700029997,0.0001999800019998,0.0337966203379662,0,0,0,0,0,0.0005999400059994,0,0,0,0,0,9.99900009999e-05,0.0004999500049995,0.0114988501149885,0,0.0013998600139986,0,0.0004999500049995,0,0,0,0,0,0,0,0.0016998300169983,0,0,0,0,0.0002999700029997,0,0,0,0,0,0,0,0,0,0,0.0033996600339966,0,0,0.0035996400359964,0,0,0.0024997500249975,9.99900009999e-05,0,0,0,0.0068993100689931,0.003999600039996,0,0,0,0,0,0,0,0,0,0,0,0,0.0033996600339966,0.0001999800019998,0,0,0,0,0,0,0,0,0,0,0,0,0.0007999200079992,0,0,0,0.0012998700129987,0,0,0.0018998100189981,0.0008999100089991,0.0002999700029997,0.0005999400059994,0.0077992200779922,0,0.0450954904509549,0.0001999800019998,0,0.0025997400259974,0,0,0,0,0,0,0.0055994400559944,0,0,0,0.0034996500349965,0.0296970302969703,0,0,0,0,0.000999900009999,0.0125987401259874,0,0.0008999100089991,0,0,0,0,9.99900009999e-05,0,0,0,0.0122987701229877,0,0,0,0,0.0012998700129987,0.0001999800019998,0,0,0,0.0010998900109989,0,0,0.0001999800019998,0,0,0,0,0,0.0086991300869913,0,0,0.0180981901809819,0,9.99900009999e-05,0,0,0,0,0.216478352164784,0,0,0.0121987801219878,0,0,0,0,0.0003999600039996,0,0,0,0,0,0,0,0,0.0002999700029997,0,0,0.0115988401159884,0
0,0,0.000600180054016205,0,0,0.00820246073822147,0,0.000400120036010803,0,0,0,0,0.000100030009002701,0.000100030009002701,0.00980294088226468,0.000300090027008102,0.0132039611883565,0,0,0.00120036010803241,0,0.00260078023407022,0,0.000600180054016205,0,0.0834250275082525,0,0,0.00130039011703511,0.022406722016605,0.0169050715214564,0,0,0.02740822246674,0,0,0.000400120036010803,0.0324097229168751,0.000200060018005402,0,0,0.00200060018005402,0,0,0,0,0,0.000200060018005402,0,0,0,0,0.000200060018005402,0,0,0,0,0,0,0.000900270081024307,0.000300090027008102,0,0,0.000400120036010803,0,0,0.000300090027008102,0,0,0,0,0,0,0.00100030009002701,0,0,0.000500150045013504,0,0,0,0,0,0.00350105031509453,0,0,0.0150045013504051,0,0,0.000400120036010803,0.00560168050415125,0,0.000500150045013504,0.0466139841952586,0,0,0.00620186055816745,0,0,0.00440132039611884,0,0,0.0653195958787636,0,0,0,0,0,0.0233069920976293,0,0,0,0,0,0,0,0.000200060018005402,0,0.000600180054016205,0.0176052815844753,0.00240072021606482,0,0,0,0.000400120036010803,0.0567170151045314,0,0,0,0,0,0,0.000700210063018906,0,0.000200060018005402,0,0,0.00220066019805942,0,0.000300090027008102,0,0.000600180054016205,0.000400120036010803,0,0.000400120036010803,0,0,0.00330099029708913,0.00500150045013504,0.00120036010803241,0,0,0,0,0,0.000100030009002701,0,0,0.00100030009002701,0,0,0,0,0,0.0496148844653396,0,0,0.00170051015304591,0,0,0,0,0,0,0,0,0,0.00170051015304591,0.00570171051315395,0,0.000500150045013504,0,0,0,0,0,0.00830249074722417,0,0,0,0,0,0.00180054016204861,0.000400120036010803,0,0,0,0.00950285085525658,0,0,0,0,0,0.00680204061218365,0.0293087926377913,0,0.00750225067520256,0,0,0,0.000100030009002701,0,0,0,0,0.00330099029708913,0,0.0101030309092728,0,0.00250075022506752,0,0,0,0,0,0,0,0,0,0,0,0,0,0.00250075022506752,0.0968290487146144,0,0,0,0,0,0,0,0.00270081024307292,0,0,0,0,0.00110033009902971,0.000600180054016205,0,0,0,0,0.00530159047714314,0,0.00650195058517555,0.0324097229168751,0.000400120036010803,0,0.000800240072021606,0,0.000600180054016205,0,0,0.00130039011703511,0,0,0,0,0,0.00680204061218365,0,0,0.0182054616384915,0.000100030009002701,0.000100030009002701,0,0,0,0.000200060018005402,0.10853255976793,0.000100030009002701,0,0.0524157247174152,0,0,0,0,0.000100030009002701,0,0.00260078023407022,0,0,0.000900270081024307,0,0.000700210063018906,0,0.00540162048614584,0,0,0.022406722016605,0
0,0,9.99100809271655e-05,0,0,0,0,0.00459586372264962,9.99100809271655e-05,9.99100809271655e-05,0,0.000199820161854331,0,0,0,0,9.99100809271655e-05,0,0.000799280647417324,9.99100809271655e-05,0.00269757218503347,0.014486961734439,0,9.99100809271655e-05,0,0.0356678988909981,0,0,0.000499550404635828,0.000299730242781497,0.11739434508942,0,0,0.00969127784993506,0,0,0.000299730242781497,0.0169847137576181,0.00349685283245079,0,0,0.000299730242781497,0,0.00419622339894095,0,0.0169847137576181,0.00689379558397442,0,0,0,0,0.00499550404635828,0,9.99100809271655e-05,0,9.99100809271655e-05,0,0,9.99100809271655e-05,0.0318713158157658,0.000199820161854331,0,0,0,0,0,0.0215805774802678,0,0,0.00449595364172245,0.0394644819662304,0,0,0.0025976621041063,0,0,0,0.000399640323708662,0,0.0310720351683485,0,0,0.0119892097112599,0,0,0.000299730242781497,0.00349685283245079,0,0,0.000999100809271655,0,0.0025976621041063,0.000699370566490159,0,0,0.000299730242781497,0,0,0.00779298631231891,0.00129883105205315,0.00089919072834449,0,0,0,0.000599460485562993,0,0,0.00239784194225197,0,0,0.00169847137576181,0,0,0.00239784194225197,0,0.00109901089019882,0,9.99100809271655e-05,0.00949145768808073,0,0,0.00249775202317914,0,0.000199820161854331,0.000999100809271655,0,0,0.000499550404635828,0.000399640323708662,0,9.99100809271655e-05,0,0,0.000399640323708662,0,0,0.000199820161854331,9.99100809271655e-05,0,0,0.00129883105205315,0,0,0,0,0,0,0,0.000199820161854331,0.000199820161854331,0.00139874113298032,0.0086921770406634,0,0.000999100809271655,0,0,0,0,0.0172844440003996,0.0187830952143071,0,9.99100809271655e-05,0,0.0179838145668898,0,0,0.000499550404635828,0,0,0.000299730242781497,0.00169847137576181,0,0,0,0,0,0.00219802178039764,0.040463582775502,0.0439604356079528,0.000199820161854331,0.000499550404635828,0,0.00109901089019882,0,0.00139874113298032,0,0,0,0,0,0.000399640323708662,0.00469577380357678,9.99100809271655e-05,0,0,0,0,0,0,9.99100809271655e-05,0,0.00969127784993506,0.016884803676691,0.00429613347986812,0,0.00139874113298032,0,0,0,9.99100809271655e-05,0.000199820161854331,0,0,0.000199820161854331,0.00129883105205315,0,0.0299730242781497,0.0225796782895394,0.033170146867819,0.00529523428913977,0.0263762613647717,0,0,0.000999100809271655,0,0,0,0,0.0057947846937756,0.000699370566490159,0.0113897492256969,0,0.00119892097112599,0.00189829153761615,0,0,0.00119892097112599,0,0.00119892097112599,0,0,0,0.0148866020581477,0,0.00109901089019882,0.00539514437006694,0,0.000199820161854331,0,0,0,0.000499550404635828,0.00429613347986812,0,0.00569487461284844,9.99100809271655e-05,9.99100809271655e-05,0,0.0060945149365571,0.000599460485562993,0.00189829153761615,0,0,9.99100809271655e-05,0,0,0,0,0,9.99100809271655e-05,0,0.00349685283245079,0.000499550404635828,0,0,9.99100809271655e-05,0.000199820161854331,0,0.00349685283245079,0.0758317514237186,0,0.0207812968328504,0.0444599860125887,0,0,0,0,0,0.0135877710060945,0.000399640323708662,0,0,0,0,0.00799280647417324,0,9.99100809271655e-05,0,0,0.0209811169947048,0
0,0,0,0,0,0,9.99700089973008e-05,0,0,0,0.000399880035989203,0,0,0.014295711286614,0.000499850044986504,0,0,0.000199940017994602,0,0,0.000599820053983805,0.00459862041387584,0,0.00289913026092172,0,0.0935719284214736,0,0,0.00189943017094872,0,0.0528841347595721,0.00239928021593522,0,0.0222933120063981,0,0,0,0,0,0,0,0,0,0.00149955013495951,0,0.0118964310706788,0,0,0,0,0,0,0,0,0,0,0,0,0,0,0,0,0,0,0,0,0.0282915125462361,0,0,0,0,0,0,0.00129961011696491,0,0,0,0,0,0.00709787063880836,0,0,0,0,0.0100969709087274,0,0.000299910026991902,0,0,0.000899730080975707,0,0.00279916025192442,0,0,0,0,0,0,0,0,0,0.000899730080975707,0,0.000399880035989203,0,0,0,0.0896730980705788,0,0,0,0.000299910026991902,0,0.0206937918624413,0,0,0,0,0,0.000199940017994602,0,0,0,0,0.00199940017994602,0,0,0,0,0,0.000499850044986504,9.99700089973008e-05,0,0,0,0,0.000899730080975707,0,0,0,0,0,0,0,0.0257922623213036,0,0,0,0,0,0.00119964010796761,0.000299910026991902,0,0,0.000199940017994602,0,0,0,0.0237928621413576,0,0,0,0,0,0,0,0,0,0,0.000699790062981106,0,0,0,0,0,0,0,0,0.0874737578726382,0.000299910026991902,0,0,0,0,0,0,0.000299910026991902,0,0,0,0,0.0158952314305708,0.000199940017994602,0,0,0,0,0,0,0,0.0335899230230931,0,0,0,0,0,0,0,0,0,0,0,0,0.00189943017094872,0,0,0.0128961311606518,0,0.0417874637608717,0,0,0,0,0,0,0,0,0,0.0117964610616815,0,0.00119964010796761,0,9.99700089973008e-05,0.0259922023392982,0,0,0.000499850044986504,0,0,0,0,0,0,0,0,0,0,0,0,0,0,0,0,0,0,0.00159952014395681,0,0,0,0.000299910026991902,0,0,0,0,0,0,0,0.000699790062981106,0,0.0158952314305708,0,0.00479856043187044,0,0,0,0,0,0,0.000499850044986504,0.2185344396681,0.000199940017994602,0.00629811056682995,0.0751774467659702,0,0,0,0,0,0,0.000799760071978406,0,0,0,0,9.99700089973008e-05,0,0.00379886034189743,0,0,0.00889733080075977,0
0,0,0,0.000100040016006403,0,0.00360144057623049,0.000300120048019208,0,0,0,0,0,0,0,0.0122048819527811,0.000800320128051221,0.00610244097639056,0.000100040016006403,0,0,0,0,0,0.00180072028811525,0,0.253301320528211,0,0,0.0142056822729092,0.00410164065626251,0.00280112044817927,0,0,0.0040016006402561,0.000700280112044818,0,0.00600240096038415,0,0,0.00110044017607043,0,0.000700280112044818,0,0,0,0.00530212084833934,0,0.000300120048019208,0,0.00120048019207683,0.00040016006402561,0,0.00100040016006403,0,0,0,0,0,0,0.0353141256502601,0,0,0,0.00190076030412165,0,0,0,0,0,0,0.00040016006402561,0,0,0,0,0.000100040016006403,0,0,0,0,0.00040016006402561,0.00160064025610244,0.0265106042416967,0,0,0.00160064025610244,0.00730292116846739,0,0.000700280112044818,0,0,0.00850340136054422,0.0295118047218888,0,0.000200080032012805,0.00290116046418567,0,0,0,0,0,0,0,0,0.000100040016006403,0,0,0.163765506202481,0,0,0.00290116046418567,0,0,0,0,0,0,0,0.00800320128051221,0,0,0,0,0.000200080032012805,0.00480192076830732,0,0,0,0,0.000600240096038415,0,0,0,0,0,0,0.0289115646258503,0.000300120048019208,0.0168067226890756,0,0.00040016006402561,0.000500200080032013,0,0,0,0,0,0,0.000200080032012805,0,0.000200080032012805,0.000200080032012805,0,0,0,0,0,0.000200080032012805,0,0.00120048019207683,0,0.000300120048019208,0,0,0,0.000100040016006403,0.000800320128051221,0,0,0.000200080032012805,0.000100040016006403,0,0.00800320128051221,0,0,0,0.00290116046418567,0.000100040016006403,0,0,0,0,0,0,0.000200080032012805,0.00290116046418567,0,0,0,0,0,0.00350140056022409,0,0,0,0.000600240096038415,0.000700280112044818,0,0,0.0330132052821128,0,0.00430172068827531,0,0.00130052020808323,0,0.00370148059223689,0.000100040016006403,0.000100040016006403,0.007703081232493,0.00190076030412165,0,0,0,0,0.00100040016006403,0,0,0.00190076030412165,0.0514205682272909,0,0.00130052020808323,0.00040016006402561,0,0,0,0.000200080032012805,0,0,0,0,0.00100040016006403,0.00170068027210884,0.00490196078431373,0.0175070028011204,0,0,0,0,0.000700280112044818,0,0,0.00210084033613445,0,0,0,0,0,0,0,0,0,0,0.00510204081632653,0.000200080032012805,0,0.0180072028811525,0.000100040016006403,0,0,0.000300120048019208,0,0,0.000200080032012805,0,0.000300120048019208,0,0,0,0,0.0223089235694278,0,0,0.00160064025610244,0,0.000100040016006403,0,0,0.000100040016006403,0.00280112044817927,0.113345338135254,0,0,0.00930372148859544,0,0,0.000100040016006403,0,0,0,0.000800320128051221,0,0,0,0,0,0,0,0,0,0.00230092036814726,0
0,0,0,0,0.0006999300069993,0,9.99900009999e-05,0.0005999400059994,0,0,0.0010998900109989,0.0002999700029997,0,0.0164983501649835,0.123687631236876,0,0,0,0,0,0.0006999300069993,0.0004999500049995,0,0.0041995800419958,0.0002999700029997,0.0745925407459254,0,0,0.0062993700629937,0.0015998400159984,0.0022997700229977,0,0,0.0038996100389961,0,0,0.0023997600239976,9.99900009999e-05,0,0,0,0.0036996300369963,0.0228977102289771,0,0,0.0082991700829917,0,0,0,9.99900009999e-05,0.0074992500749925,0,0.0007999200079992,0,0,0,0,0,9.99900009999e-05,0.0014998500149985,0,0.0003999600039996,0,0,0.0172982701729827,0,0.0057994200579942,0.0001999800019998,0,0,0.0015998400159984,0,0,0,0,0,0,0,0,0.0006999300069993,0,0,0,0,0.0107989201079892,0,0,0,0.0016998300169983,0.0035996400359964,0.0102989701029897,0.0062993700629937,0.0112988701129887,0,0,0,0,0,9.99900009999e-05,0,0,0,0,0,0,0,0,0.149485051494851,0,0,0.0012998700129987,0,0,0.0014998500149985,0,0,0,0.0005999400059994,0.0082991700829917,0,0,0.0001999800019998,0,0,0.0032996700329967,0,0,0,0,0,0.0010998900109989,0.0042995700429957,0,0,0,0,9.99900009999e-05,0,0.0160983901609839,0,0.0014998500149985,0.0004999500049995,0.0008999100089991,0,0,0,0,0,0,0,0.0003999600039996,0.0003999600039996,0,0,0,0,0,0,0,0.0002999700029997,0,0,0,9.99900009999e-05,0,0,0.0004999500049995,0,0,0,0,0,0,0,0,0,0.0023997600239976,0.0011998800119988,9.99900009999e-05,0.0004999500049995,0,0,0,0,0,0,0,0,0,0,0,0.0145985401459854,9.99900009999e-05,0,0,0,0,0,0,0,0,0,0,0,0,0,0,0,0,0,0,0,0,0.0004999500049995,0.0001999800019998,0,0.0066993300669933,0,0,0.0001999800019998,0,0,0,0,0,0,0,0,0.0073992600739926,0,0.0051994800519948,0,0.0010998900109989,0.010998900109989,0,0,0,0,0,0,0,0.0014998500149985,0,0,0,0,0,0,0,0,0,9.99900009999e-05,0.0006999300069993,0,0,0,0.0030996900309969,9.99900009999e-05,0.0001999800019998,0.0001999800019998,9.99900009999e-05,0,0,0,0.0014998500149985,0,0,0,0,0.0126987301269873,0,0.0062993700629937,0.0702929707029297,9.99900009999e-05,0,0,0,0,0,0.291670832916708,0,0,0.0090990900909909,0,0,0,0,0,0,0,0,0,0,0,0.0012998700129987,0,0.0040995900409959,0,0,0,0
0,0,0,0,0,0.000199880071956826,9.9940035978413e-05,0.00319808115130921,0,0,9.9940035978413e-05,0,9.9940035978413e-05,9.9940035978413e-05,0.00549670197881271,0.000199880071956826,0.000499700179892065,0,0,0,0.00829502298620828,0,0,0.00209874075554667,0,0.138217069758145,0.00109934039576254,0,0.0113931641015391,0.00209874075554667,9.9940035978413e-05,0,0,0.00169898061163302,0,0,0.000199880071956826,0.0750549670197881,0,0.000699580251848891,0,0,0,0,0,0,0,0.000799520287827304,0,0,0,0,0,0,0,0,0,0,0,0.0451728962622427,0,0.00129922046771937,0,0,0,0,0.010893463921647,0,0,0,0,9.9940035978413e-05,0.000199880071956826,0.00269838097141715,0,0.055666600039976,0,0,0,0,0.000199880071956826,0.00219868079152508,0.0114931041375175,0,0.00169898061163302,0.000499700179892065,0.0123925644613232,0,0,0.00269838097141715,0,0.0173895662602439,0.000999400359784129,0,0,0,0.000299820107935239,0,0.00119928043174096,0,0,0,0,0,0,0.00239856086348191,0.0155906456126324,0.0853487907255647,0,0,0,0,0,0.00319808115130921,0.000199880071956826,0.000199880071956826,0,0.000199880071956826,0.0486707975214871,0,0,0,0.00209874075554667,0.00149910053967619,0.00139916050369778,0,0,0,0,0,0,0.00519688187087747,0,9.9940035978413e-05,0,0,0.000899460323805717,0,0,0,0.0387767339596242,0,0,0,0,0,0.00589646212272636,0,9.9940035978413e-05,0,0,0.00729562262642415,0.000199880071956826,0.000499700179892065,0.000199880071956826,0,0,0,0,0.00829502298620828,0,0,0,0.000899460323805717,0,0,0,0,0,0,0,0,0,0,0,0,0.000999400359784129,0.000399760143913652,0,0.000399760143913652,0,0,0,0,0.00109934039576254,0,0,0,0,0,0.0030981411153308,0.0191884869078553,0.000299820107935239,0,0,0,0,0,0,0.000799520287827304,0,0,0,0,0,0.0174895062962223,0,0,0,0.00119928043174096,0,0,0,0,0,0.00139916050369778,0.00339796122326604,0,0.0352788327003798,0,0,0,0,0,0,0,0,0,0,0,0.00689586248251049,0.000399760143913652,0,0.00829502298620828,0,0,0,0,0,0,0,0,0,0,0,0,0,0,0,0,0,0.000799520287827304,0.000699580251848891,0,0.00369778133120128,0.00709574255446732,0.0030981411153308,0,0,0,0,0,0,0.00179892064761143,0.0365780531680991,0,0,0,0,9.9940035978413e-05,0,0,0.0101938836697981,0,0,0,0.00329802118728763,9.9940035978413e-05,0.000199880071956826,0.0865480711573056,0,0,0.0378772736358185,0,9.9940035978413e-05,0.00349790125924445,0,0,0.017189686188287,0.000899460323805717,0,0,0,0,9.9940035978413e-05,0,0.000599640215870478,0,0,0.0368778732760344,0
0,0,0,0,0,0,1e-04,0,0,0,0,0,0,0,3e-04,0,0,0,0,0,0,0,0,1e-04,0.0011,0.0606,0,0,3e-04,6e-04,0.0146,0.0013,0,0,0,0,0.0022,0.0085,0,1e-04,0,0,0,0,0,0.0012,0,0,6e-04,1e-04,1e-04,0.001,0,0,0,0,0,2e-04,0,1e-04,0,0,1e-04,0.0095,0,0,0.0083,9e-04,0,0,0,0,0,0,0,0,0,0,0,0.0018,0,0,0,0,5e-04,0,0,1e-04,6e-04,0,0,6e-04,0.0035,0,0,2e-04,0,0,0,0,0,0.002,0,0,0,0,0,0.0297,0,0.0035,0.0049,0,0,0.0106,0,0,0,0.0012,0.0042,5e-04,0,0,0,0,0.0653,0,0,0,0,0,0,0,0,0,0,0,0.0027,0,0,0,0.06,0.0048,9e-04,0,0,0.0014,0.0013,0,0,0,9e-04,0,0,0,0.008,0,0,0,0,0,0,0,0,0,0,1e-04,0,1e-04,0,0,0,0,1e-04,1e-04,0,0,0.0028,0.0013,0.0013,0,0,0,0,0,0,0.0042,0,0,0,6e-04,0,0.0126,1e-04,0,0,2e-04,0,0,0,0,0,0,0,0,0,0.0018,0,0,1e-04,1e-04,0,0,0,0,0,0,0.0192,0,0.0791,0,1e-04,0,0,0,0,0,0,0,0.0047,0,0,0,0.0029,0.0709,0,0,0,0.0024,0.001,4e-04,0,0.0031,0,0,0,0,0,2e-04,0,0,0,0,0.0029,0,0.0012,0.0014,0,0,0,0,0,0,0,7e-04,0,0,0,0,0.0011,2e-04,0,0,0.1232,0,1e-04,0,0,0,0.0018,0.2717,0,1e-04,0.0119,0,0,0,0,5e-04,0,0,0,0,0,0,0.0427,0,0.0012,0,0,0.0087,0
0,0,0,0,0,0,0,0,0,0,0,0,0,0,0.0471952804719528,0,0,0,0,0,0,0.0023997600239976,0,0,0,0.368063193680632,0,0,0.000999900009999,0,0,0,0,0,0,0,0,0,0,0,0,0,0,0.005999400059994,0,0.0183981601839816,0,0,0,0,0,0,0,0,0,0,0,0,0,0,0,0,0,0,0,0,0.0183981601839816,0,0,0,0,0,0,0,0,0,0,0,0,0,0,0,0,0,0,0,0,0,0,0,0,0,0,0,0,0,0,0,0.0022997700229977,0,0,0,0,0,0.0001999800019998,0,0,0.0878912108789121,0,0,0,0,0,0.0090990900909909,0,0,0,0,0.0044995500449955,0,0,0,0,0.0008999100089991,0,0.0287971202879712,0,0,0,0,0.0028997100289971,0.0010998900109989,0,0,0,0,0.0073992600739926,0,0,0,0.191780821917808,0,0,0,0,0,0,0,0,0,0,0,0,0.0011998800119988,0,0,0,0,0,0,0,0,0,0,0,0,0,0,0,0,0,0,9.99900009999e-05,0,0,0,0,0.0010998900109989,0,0.0003999600039996,0,0,0,0,0,0,0,0,0,0,0,0.0048995100489951,0,0,0,0,0,0,0,0,0,0,0,0,0,0.025997400259974,0,0,0,0,0,0,0,0,0,0,0,0,0,0,0,0.0091990800919908,0,0,0,0,0,0,0.013998600139986,0,0,0,0,0.0397960203979602,0,0,0,0,0,0,0,0,0,0,0,0,0,0,0,0,0,0,0,0,0,0.0328967103289671,0,0,0,0,0.0001999800019998,0,0,0,0,0,0,0,0,0.0208979102089791,0,0,0.0222977702229777,0,0,0,0,0,0,0.0001999800019998,0,0,0.0196980301969803,0,0,0,0,0.0007999200079992,0,0,0,0,0,0,0.0008999100089991,0,0,0,0,0.0070992900709929,0
0,0,0,0,0,0,0.0002999700029997,0,0,9.99900009999e-05,0.0012998700129987,0,0,0,0.197780221977802,0,0,0,0,0,0.0060993900609939,0.0034996500349965,0,0.0031996800319968,0,0.0683931606839316,0,0,0.0013998600139986,0.0001999800019998,0.0028997100289971,0,0,0.0136986301369863,0,0,0.0152984701529847,0.021997800219978,0,0,0,0,0,0.007999200079992,0,0.0098990100989901,0,0,0,0,0.0006999300069993,0,0,0,0,0,0,0,0,0.0002999700029997,9.99900009999e-05,0,0,0.0005999400059994,0,0,0,0,0.000999900009999,0,0,0,0.0035996400359964,0,0,0,0,0,0,0.0350964903509649,0,0,0.0177982201779822,0.0001999800019998,0,0,0,0,0,0,0,0,0.0248975102489751,0,0,0,0,0,0,0,0,0,0,0,0,0,0,0,0,0,0,0,0,0,0,0,0,0.0028997100289971,0.0191980801919808,0,0,0,0,9.99900009999e-05,0.0090990900909909,0,0,0,0,0,0,0,0,0,0,0,0.0082991700829917,0,0,0,0,0,0,0,0.0736926307369263,0,0.0024997500249975,9.99900009999e-05,0.0001999800019998,0,0.000999900009999,0,0,0,0,0,0,0,0,0,0,0,0,0,0,9.99900009999e-05,0,0,0,0,0,0,0.0002999700029997,0,0,0.000999900009999,0.0014998500149985,0,0.0020997900209979,0.0017998200179982,0,0,0,0,0,0,9.99900009999e-05,0,0,0,0,0.013998600139986,0,0,0,0,0,0,0,0,0,0,0,0,0,0,0.0002999700029997,0,0,0,0.0010998900109989,0,0,0,0.0006999300069993,0,0,0,0.0222977702229777,0,0,0.0061993800619938,0,0,0,0,0,0,0,0.0004999500049995,0.0210978902109789,9.99900009999e-05,0,0.0934906509349065,0,0,0,0,0,0,0,0,0,0,0,0,0,0,0,0,0,0.0006999300069993,0,0,0.0022997700229977,0,0,0,0.0004999500049995,0,0,0,0,0.0002999700029997,0.0001999800019998,0,0,0,0.00999900009999,0.0316968303169683,0,0,0.0052994700529947,0,0,0,0,0,0,0.186981301869813,0,0,0.0163983601639836,0,0,0,0,0,0,0.0057994200579942,0,0,0,0,0,0,0.0074992500749925,0,0,0.0101989801019898,0
0,0,9.99700089973008e-05,0,0,0,0,0,0,0,0,0,0,0,0,9.99700089973008e-05,0,0,0,0,0.000199940017994602,0.000299910026991902,0,0,0,0.480655803259022,0,0,0.00159952014395681,0.0232930120963711,0,0,0.000499850044986504,0,0,0,0,0.00159952014395681,0,0,0,0,0,0.00119964010796761,0,0,0,0,0,0,0,0,0,0,0.000399880035989203,0,0,0,0,0.000899730080975707,0,0.000799760071978406,0,0,0,0,0.00619814055783265,0,0,0.00519844046785964,0.000399880035989203,0,0,0,0.129161251624513,0,0,0,0,0,0,9.99700089973008e-05,0.0402879136259122,0,0.000199940017994602,0.00279916025192442,0,0.00179946016195141,0,0.000899730080975707,9.99700089973008e-05,0.00489853044086774,0,0,0,0,0,0,0.000799760071978406,0,0,0,0.000199940017994602,0,0,0,9.99700089973008e-05,0.0955713286014196,0,0,0,0.000199940017994602,0,0,0,0,0.000299910026991902,0,0.00469859042287314,0,0,0,0,0.000199940017994602,0,0,0,0,0,0,0.000299910026991902,0,0,0,9.99700089973008e-05,0,0,0,0,0,0,0,0,0,0,0,0,0.000199940017994602,0,0,0.000299910026991902,0.000199940017994602,0,0,0.000199940017994602,0,0,0,9.99700089973008e-05,0.00859742077376787,0,0,0,0,0,0,0,0,0,9.99700089973008e-05,0,0,0,0,0,0,0,0.0279916025192442,0.0125962211336599,9.99700089973008e-05,0,0,0,0,0,0,0,0,0,0,0,0.000199940017994602,0,0,0,9.99700089973008e-05,0,0.000199940017994602,0,0,0,0,0,9.99700089973008e-05,0.00479856043187044,0.00309907027891633,0,0,0,0,0,0,0,0,9.99700089973008e-05,0.00109967009897031,0.00329901029691093,0.000499850044986504,0,0,0,0.000299910026991902,0,0,0,0,9.99700089973008e-05,0,0.000699790062981106,0,0,9.99700089973008e-05,0,0.0196940917724683,0,9.99700089973008e-05,0,0,0,0.000399880035989203,0,0,0,0.00299910026991902,0,0.0134959512146356,0,0,0,0,0,0,0,0,0.00149955013495951,0.000499850044986504,0.00209937018894332,0,0.00149955013495951,0,0,0.00229931020693792,0,9.99700089973008e-05,0,0,0,0,0.000499850044986504,0.0267919624112766,9.99700089973008e-05,0,0,0,0,0,0.00449865040487854,0,0.000599820053983805,0.0293911826452064,0,0,0.00179946016195141,0,0,0,0,0,0,9.99700089973008e-05,0,0.00179946016195141,0,0,0.00429871038688393,9.99700089973008e-05,0,0.000399880035989203,0,0.0130960711786464,0.000599820053983805
0,0,0,0,0.000698951572641038,0,9.98502246630055e-05,0.000299550673989016,0,9.98502246630055e-05,0,9.98502246630055e-05,0,0.0647029455816276,0.00489266100848727,0,0,0,0,0,0.000199700449326011,9.98502246630055e-05,0,0,0,0.0262606090863704,0,0,0,0,0,0,0,0.00229655516724913,0,0.000299550673989016,0.00319520718921618,9.98502246630055e-05,0,0,0,0,0,0.000998502246630055,0,0.000299550673989016,0.000199700449326011,0,0,0,0.000299550673989016,0,0,0,0.00109835247129306,9.98502246630055e-05,0,0,0,9.98502246630055e-05,9.98502246630055e-05,0.000299550673989016,0,0,0,0.00469296055916126,0.0035946080878682,0,9.98502246630055e-05,0.000299550673989016,0.000599101347978033,0,0,9.98502246630055e-05,9.98502246630055e-05,0,0,0,0,0.000798801797304044,0.000299550673989016,0,0,0.000599101347978033,0.000199700449326011,0,0,0,0,0.00698951572641038,0.0493260109835247,0.00159760359460809,0,0,0,0,0,0,0.000599101347978033,0,0,0,0,0.000199700449326011,9.98502246630055e-05,0,9.98502246630055e-05,0.286969545681478,0,0,0,0,0,0.00778831752371443,0,0,0,0,0.00119820269595607,0,0,0.000199700449326011,0,0.00109835247129306,0.00389415876185721,0,0,0,0,0,9.98502246630055e-05,0.000599101347978033,0,0,0,0.000998502246630055,0.0231652521218173,0,0,0,0.00459311033449825,0,0,0,0.000199700449326011,0,9.98502246630055e-05,9.98502246630055e-05,0,0,9.98502246630055e-05,9.98502246630055e-05,0,0,0,0,0,0,9.98502246630055e-05,0.0018971542685971,0,0,0,9.98502246630055e-05,0,0,0,0,0,0,0.000199700449326011,0,0,0,0,0,0.000299550673989016,9.98502246630055e-05,0.00259610584123814,0,0.000199700449326011,0,0.00199700449326011,0,0,0,0.000199700449326011,0,0.00209685471792312,0,0,0,0,0,0.0135796305541687,0,0,0,0,0,0,0,0,0.00149775336994508,0,0.00119820269595607,0,0,0,0,0,0,0.000199700449326011,0,9.98502246630055e-05,0,0.00589116325511732,9.98502246630055e-05,0,0.000199700449326011,9.98502246630055e-05,9.98502246630055e-05,9.98502246630055e-05,0,0,0.000399400898652022,0,0,9.98502246630055e-05,9.98502246630055e-05,0.00139790314528208,0,0,0.112031952071892,0,9.98502246630055e-05,9.98502246630055e-05,0,0,0,9.98502246630055e-05,0,0.00599101347978033,0,0,0,0,0,0,0.0017973040439341,0.00469296055916126,9.98502246630055e-05,0.000299550673989016,0,0,0.00159760359460809,0,9.98502246630055e-05,0,0.000499251123315027,9.98502246630055e-05,0,0,0,0,9.98502246630055e-05,0,0,0,0.1554667998003,0.000399400898652022,0.000199700449326011,0.0445332001997005,0,0,0,0,0,0.000898652021967049,0.125711432850724,9.98502246630055e-05,0,0.00129805292061907,0,0,0,0,0,0.000199700449326011,0.000299550673989016,0,0,0,0,0,0,0,0,0,9.98502246630055e-05,0
0,0,0,0,0,0,9.99500249875062e-05,0.00179910044977511,0,0,0,0,0,0.0984507746126937,9.99500249875062e-05,0,0,0,0,0,0.00419790104947526,0.00129935032483758,0,0,0,0.0741629185407296,0,0,0.000599700149925037,0,0,0,0,0.00669665167416292,0,0,0.000999500249875062,0.0195902048975512,0,0,0,0,0.0203898050974513,0.0063968015992004,0,0.00879560219890055,0,0,0,0,9.99500249875062e-05,0,0,0,0.000199900049975012,0,0,0,0,0,0,9.99500249875062e-05,0,0,0,0,0.000899550224887556,0,0.000899550224887556,0,0.000199900049975012,0,0,0.0137931034482759,0,0,0,0,0,0.00399800099950025,0,0,0.00219890054972514,0,0.000599700149925037,0,0,0,0,0.0202898550724638,0.0179910044977511,0.00129935032483758,0.000299850074962519,0,0,0,0,0,0.000899550224887556,0,0,0,0,0,9.99500249875062e-05,0,0.0279860069965017,0.0798600699650175,0,0.00179910044977511,0,0,0,0.0132933533233383,0,0,0,0,0.00819590204897551,0,0,0,0,0.000199900049975012,0.00579710144927536,0,0,0,0,0.023288355822089,9.99500249875062e-05,0.0180909545227386,9.99500249875062e-05,0,0,0,9.99500249875062e-05,9.99500249875062e-05,0,0,0,0,0,0,0,0,0,0,0,0.000199900049975012,0.0031984007996002,0,0,0,0,0,0,0,0,0.000399800099950025,0,0,0,0.101749125437281,0,9.99500249875062e-05,0,0,0,0,0,0,0.000199900049975012,0.000299850074962519,0,0,0,0.00199900049975012,0.00459770114942529,0,0,0,0,0,0.000699650174912544,0,0,0,0,9.99500249875062e-05,0,0.0269865067466267,0,0,0,9.99500249875062e-05,0.0195902048975512,0,0,0,0,0,0,9.99500249875062e-05,0,0.023888055972014,0,0,0,0,0,0,0.000599700149925037,0,0.000399800099950025,0,0,9.99500249875062e-05,0,0,0,0.00269865067466267,0,0,0,9.99500249875062e-05,0.000199900049975012,0,0.000599700149925037,0,0.00199900049975012,0,0,0.0425787106446777,0,0,0,0,0,0,0,0,0,0,0,0,0,0,0,0,0.00439780109945028,9.99500249875062e-05,0,0,0.000299850074962519,0.00079960019990005,0,0,0,0.000199900049975012,0,0.0031984007996002,0,0,0,0,0,0.00509745127436282,0,0,0,0,0.00939530234882559,0,0,0,0,0,0.000299850074962519,0.233983008495752,0,0,0.00499750124937531,0,0,0,0,0,0.0103948025987006,0.000199900049975012,0,0,0,0,0.00199900049975012,0,0.00229885057471264,0,0,0.00249875062468766,0
0,0,0,0,0,0,0,0,0,0,0,0,0,0,0.00969806038792242,0,0,0,0,0,0,0.0001999600079984,0.0013997200559888,0,0,0.0013997200559888,0,0,0.0141971605678864,0.0353929214157169,0,0,0,0,0,0,0,0,0,0,0.000399920015996801,0,0,0,0,0.0001999600079984,0,0,0,0,0,0,0,0,0.0272945410917816,0,0,0.0015996800639872,0,0.0002999400119976,0,0,0,0,0,0,0,0,0,0,0,0,0,0,0,0,0,0,0,0.0001999600079984,0,0,0,0,0,0,0,0,0,0,0,0.0124975004999,0.0307938412317536,0,0,0.0457908418316337,0.0012997400519896,0,0,0,0,0,0,0.0001999600079984,0.0001999600079984,0,0,0.188662267546491,0,0,0,0,0,0,0,0,0,0,0.0426914617076585,0,0,0,0,0,0,0,0,0,0.001499700059988,0,0,0,0.000499900019996001,0,0,0,0,0,0,0.001499700059988,0.0118976204759048,0,0,0,0,0,0.0026994601079784,0.0013997200559888,0,0,0,0,0,0,0,0,0,0,0,0.000899820035992801,0,0,0,0,0,0,0,0,0.0001999600079984,0,0,0,0.0002999400119976,0,0,0,0.0025994801039792,0,0,0,0,0,0,0.000799840031993601,0,0,0,0,0,0,0,0.00539892021595681,0,0,0,0.0020995800839832,0,0,0.0001999600079984,0,0,0,0,0.00639872025594881,0,0.0023995200959808,0.00369926014797041,0,0,0,0.018996200759848,0,0,0,0,0,0,0.00929814037192562,0,0,0,0,0,0,0,0,0.0293941211757648,0.0020995800839832,0.0001999600079984,0,0,0.000399920015996801,0,0.0315936812637473,0.0001999600079984,0,0,0,0.0001999600079984,0.0112977404519096,0,0,0,0,0.0023995200959808,0.012997400519896,0,0,0,0,0,0,0,0,0,0.0011997600479904,0,0,0.000699860027994401,0,0,0,0,0.0010997800439912,0,0,0,0,0,0.388122375524895,0.0030993801239752,0.000799840031993601,0,0,0,0,0,0,0,0,0,0,0.0221955608878224,0,0,0,0,0,0,0.0016996600679864,0,0,0,0,0,0,0.0030993801239752,0,0,0,0
0,0,0,0,0,0,9.9930048965724e-05,0,0,0,0,0,0,0.00309783151793744,0.00559608274208054,0,0.00829419406415509,0,0,0,0.0020985310282802,0.000399720195862896,0,0,0,0.308384131108224,0.000899370440691516,0,0.00169881083241731,0,0.000199860097931448,0,0,0.00099930048965724,0.00049965024482862,0,0.00109923053862296,0.000699510342760068,0.00269811132207455,0,0,0.000599580293794344,0.000399720195862896,0.00469671230138903,0,0.00679524332966923,0,0,0.000399720195862896,0,0,9.9930048965724e-05,0,0,0,0,0,0,0.00049965024482862,9.9930048965724e-05,0,0.00109923053862296,0,0,0.0217847506745278,9.9930048965724e-05,0.0170880383731388,0,0,0.00779454381932647,0.00159888078345158,0,0,0.00199860097931448,0,0,0,0.000199860097931448,0,9.9930048965724e-05,0,0.000199860097931448,0,0,0.0848406115718997,0,0.000199860097931448,0,0,0.00359748176276606,0,0.0109923053862296,0,0,0.00119916058758869,9.9930048965724e-05,0,0,0,0,0,0,0,0,0,0.00239832117517738,9.9930048965724e-05,0.0366743279704207,0.00409713200759468,0,0.00139902068552014,0.00369741181173179,0,0.0070950334765664,0,0,0,0,0.000199860097931448,0.00199860097931448,0,0,0,0,0.00449685220345758,0,0,0,9.9930048965724e-05,0,0.000899370440691516,0.00179874088138303,0,0,0,0,0.00129909063655441,0.00149895073448586,0.0163885280303787,0,0.00049965024482862,0.00049965024482862,0,0,0,0,0.000399720195862896,0,0,0.000199860097931448,0.000299790146897172,0.00109923053862296,0,0,0,0,0,0,0.00389727190966324,0.00419706205656041,0,0.00099930048965724,0,9.9930048965724e-05,0,0,0,0,0,9.9930048965724e-05,9.9930048965724e-05,0,0,0,0,0,0.000899370440691516,9.9930048965724e-05,0.0129909063655441,0,9.9930048965724e-05,0.00149895073448586,0,0,0,0,0,0,0,0,0,0.00629559308484061,0,0,0.00099930048965724,0.000199860097931448,0,0,0,0.0129909063655441,0,0.00159888078345158,0,9.9930048965724e-05,0,0.000199860097931448,0,0,0,0,0,0,0.00349755171380034,0,0.000599580293794344,0,0.00239832117517738,9.9930048965724e-05,9.9930048965724e-05,0.000399720195862896,0.00319776156690317,9.9930048965724e-05,0,0,0,0,0,0,0.00279804137104027,0,0.00739482362346358,0,0.000899370440691516,0.0685520135904867,0,0,0,0,0.000799440391725792,0,0,0.0148895772958929,0,0.00229839112621165,0,0,0,0,0,0,0.000299790146897172,0,9.9930048965724e-05,0,0,0,0,0,0,0,9.9930048965724e-05,0,0,0,0,0,0,0,0,0.13530528629959,0,0,0.00119916058758869,0,0.000199860097931448,0,0,0,9.9930048965724e-05,0.10772459278505,0,0,0.00139902068552014,0,0,0,0,0,0.000299790146897172,0.0020985310282802,0,0,0,0,0,0,0,0,0,0.0053962226441491,0
0,0,0,0,0,0,0,0,0,0,0,0,0,0,0,0,0,0,0,0.000699510342760068,0,0.000199860097931448,0,0.000299790146897172,0,0.00769461377036075,0,0,0.000199860097931448,0.00839412411312082,0.0203857299890077,0.0229839112621165,0,0,0,0,0.000299790146897172,0,0,0,0,0,0,0,0,0,0,0,0,0,0,0,0,9.9930048965724e-05,0,0,0,0,0,0.000799440391725792,0,0,0,0,0,0,0.0140901369041671,0,0,0,9.9930048965724e-05,0,0,0.00049965024482862,0,0,0,0,0,0,0,0,0,0,0,0,0.00679524332966923,0,9.9930048965724e-05,0.000599580293794344,0,0.000299790146897172,0.00519636254621765,0,0.000199860097931448,9.9930048965724e-05,0,0,0.000399720195862896,0,0,0,0,0,0,0,0,0.0555611072249425,0,0,0,0,0,0.000399720195862896,0,0.00199860097931448,0,0,0,0,0,0,0,9.9930048965724e-05,0,0,0,0,0,0,0,0.00049965024482862,0,0.000299790146897172,0,0,0,0,0,0,0.051064255021485,0,0,0,0,0,0,0,0,0.000199860097931448,0,0,0.00049965024482862,9.9930048965724e-05,0.000199860097931448,0,0,0,0.00049965024482862,0.00169881083241731,0,0,0,0,0,0,0,0,0,0,0,0,0,0,0,0,0,0,0.00189867093034876,0,0,0,0,0.000199860097931448,0,0,0,0,0,0,0,0.000199860097931448,9.9930048965724e-05,0,0,0,0,0,0,0,0,0,0,0,9.9930048965724e-05,0,0,0.000599580293794344,0,9.9930048965724e-05,0,0,0,0,9.9930048965724e-05,0,0.00769461377036075,0,0.00649545318277206,0,0.00349755171380034,0,0,0,0.000399720195862896,0,0,0.0222844009193565,0,0,0.00219846107724593,0,0,0.0178874787648646,0,0,0,0,0,0,0,0,0,0,0,0,0,0,0,0,0,0,0,0,0,0,0,0,9.9930048965724e-05,0.00229839112621165,0,0,0,0.000199860097931448,9.9930048965724e-05,0,0,0,0,0.701009293494554,0,0,0,9.9930048965724e-05,0,9.9930048965724e-05,0,0,9.9930048965724e-05,9.9930048965724e-05,0,0.0250824422903967,0.000599580293794344,0,0,0,0,0,0.000799440391725792,0,0,0,0,0,0.00189867093034876,9.9930048965724e-05,0,0,0,9.9930048965724e-05,0
0,0,0,0,0,0,0,0,0,0,0,0,0,0,0,0,0,0,0,0,0,0,0,0,0,0.453818472610956,0,0,0,0,0,0,0,0,0,0,0,0,0,0,0,0,0,0.00469812075169932,0,0,0,0,0.00139944022391044,0,0,0,0,0,0,0,0,0,0,0,0,0,0,0.000199920031987205,0,0,0.0428828468612555,0,0,0.00159936025589764,0.000999600159936026,0,0,0,0,0,0,0,0,0,0,0,0,9.99600159936026e-05,0,0,0,0,0,0,0,9.99600159936026e-05,0,0,0,0,0,0,0,0,0,0,0,0,0,0,0.000199920031987205,0.234506197520992,0,0.00299880047980808,0,0,0,0.00579768092762895,0,0,0,0,0.000999600159936026,9.99600159936026e-05,0,0,0,0,0,0,0,0,0,0,0,0,0,9.99600159936026e-05,0,0,0,0,0,0,0,0,0,0,0,0,0.000599760095961615,0,0,0,0.00229908036785286,0,0,0.000599760095961615,0,0,0,0,0,0,0,0,0,0.00039984006397441,0,9.99600159936026e-05,0,0,0,0,0,0,9.99600159936026e-05,0,0,0,0,0,9.99600159936026e-05,0,0,0,0,0,0,0,0,0,0,0,0,0,0,0,0,0,0,0,0,0,0,0,0,0,0,0,0,0,0.000299880047980808,0,0,0,9.99600159936026e-05,0,0.000999600159936026,0,0,0.000199920031987205,0,0,0,0.00039984006397441,0,0,0,0,0,0,0,0,0,0,0,0.0151939224310276,0,0,0,0.000699720111955218,0,0,0,0,0,0,0,0,0,0,0,0,0.0256897241103559,0,0,0,0,0,0,0,0,0,0,0,0,0,0,0,0,0,0,0.00689724110355858,0,0,0.00809676129548181,0,0,0,0,0,0,0.185425829668133,0,0,0,0,0,0,0,0,0,0,0,0,0,0,0,0,0,0,0,0.00129948020791683,0
9.99600159936026e-05,9.99600159936026e-05,0,0,0,0,9.99600159936026e-05,0.00709716113554578,0,0,0.000199920031987205,0,0,0,0.00139944022391044,0,0.000199920031987205,9.99600159936026e-05,0,0,0.0076969212315074,0.00149940023990404,0,0.00039984006397441,0.000599760095961615,0.0884646141543383,0,0,0.00169932027189124,0.000299880047980808,0.0268892443022791,0,0,0.0079968012794882,0.000499800079968013,0,0.000999600159936026,0.00759696121551379,0,0,0,0,0.0226909236305478,0.00889644142343063,0,0.00519792083166733,0,0,0,0.000699720111955218,0,0.00189924030387845,0.000199920031987205,0,0,0,0,0,0,0.000699720111955218,0,0.00329868052778888,0,0.000499800079968013,0,0,9.99600159936026e-05,0,0.000199920031987205,0,0.00079968012794882,0,0,0,0,0,0,0,0.00229908036785286,0.00419832067173131,0,9.99600159936026e-05,0.00169932027189124,0,0.0102958816473411,9.99600159936026e-05,0,9.99600159936026e-05,0,0.0645741703318673,0,0.00219912035185926,0.0463814474210316,0,0,0.00289884046381447,0,0,0,0.00499800079968013,0,0.000499800079968013,0,0,0,0,0,0.0973610555777689,0,0.00159936025589764,0.00189924030387845,0,0,0.000499800079968013,0,0.000699720111955218,0,0.00559776089564174,0.00419832067173131,0,0,0,0,0,0.0130947620951619,0,0,0,9.99600159936026e-05,0,0.00469812075169932,0.0433826469412235,9.99600159936026e-05,0.000199920031987205,0,0,0.0109956017592963,0.000699720111955218,0.00039984006397441,0,0.000299880047980808,0.000499800079968013,0.00079968012794882,0,0,0,0.00039984006397441,0,0.000199920031987205,0,0.00129948020791683,0,0.000199920031987205,0,0,0,0,0,0,0.00539784086365454,0,0.000199920031987205,0,0,0,0,0.000199920031987205,0,0,0,0.000599760095961615,0,0,9.99600159936026e-05,0,0,0.00149940023990404,0.000199920031987205,0.00989604158336665,0,0,0,0,0,0.00039984006397441,9.99600159936026e-05,0,0,0,0,0,0.000999600159936026,9.99600159936026e-05,0.00039984006397441,0.00919632147141144,0,0.00109956017592963,0,0,0.0531787285085966,0,0.00699720111955218,0,9.99600159936026e-05,0.0111955217912835,0.00149940023990404,0,0,0,0.000299880047980808,0,0,0,0,0.00109956017592963,0.000499800079968013,0.00479808076769292,0,0.00299880047980808,0,0,0,0,0,0,0,0,0,0.00349860055977609,0,0.0142942822870852,0,0.00109956017592963,0.055577768892443,0,0,0,0,0.00079968012794882,0,0,0.00509796081567373,9.99600159936026e-05,0,9.99600159936026e-05,9.99600159936026e-05,0,0.000499800079968013,0,0,0.0460815673730508,0.000199920031987205,0,0,0.00129948020791683,9.99600159936026e-05,0,0,0.000599760095961615,0.00149940023990404,9.99600159936026e-05,0,0,9.99600159936026e-05,9.99600159936026e-05,0,0,0,0.000299880047980808,0.00159936025589764,0.00079968012794882,0,0.00589764094362255,0.0226909236305478,0.00039984006397441,0,0,0,0.000999600159936026,0.159836065573771,0,0,0.0154938024790084,0,0,0,0,0.000199920031987205,0.000199920031987205,0.000499800079968013,0,0,0,0,0.0039984006397441,0,0.000199920031987205,0,0,0.0138944422231108,0
0,0,0,0,0,0,0,0.00169949015295411,0,0,0,0,0,0.0188943317004899,0,0,0,0,0,0,0,0,9.99700089973008e-05,0,0,0,0,0,0.00119964010796761,0,0,0,0,0,0,0,0.00879736079176247,0.00309907027891633,0,0,9.99700089973008e-05,0,0,0,0,0,0,0,0,0,0,0,0,0,0,0,9.99700089973008e-05,0.000599820053983805,0,0.024592622213336,0,9.99700089973008e-05,0.000199940017994602,0,0,0,0,0,0,0,0,0,0,9.99700089973008e-05,0,0,0,0,0,0,0,0,0,0,0,0.000199940017994602,0,9.99700089973008e-05,0,0,0.0100969709087274,0.000399880035989203,0.00119964010796761,0,0,0,0,0,0,0,0,0,0,0,0,0,0,0.596720983704889,0,0,0,0,0,0,0,0,0,0.000199940017994602,0.00749775067479756,9.99700089973008e-05,0,0,0,0,0.00349895031490553,0,0,0,0,0,0,0.00539838048585424,0,0.000799760071978406,9.99700089973008e-05,9.99700089973008e-05,0.0133959812056383,0,0,0,0,0,0,0.000199940017994602,0,0,0.00189943017094872,9.99700089973008e-05,0,0,0,0,0,0,9.99700089973008e-05,0,0,0,0,0,0,0,0,0,0,0,0,0,0,0,0,0,9.99700089973008e-05,0,0,0,0,0,0.0377886634009797,0,0,0,0,0,0,0,0,0,0,0,0,0,0.000199940017994602,0,0,9.99700089973008e-05,0,0,0,0,0,0.000399880035989203,0,0,0,0,0,0,0,0.000299910026991902,0,0,0,0,0,9.99700089973008e-05,0.0271918424472658,0,0,0,0,0,0,0,0,0,0,0,0,0,0,0,0,0.0134959512146356,0,0,0,0,0,0,0,0,0,0,0,0,0,0,0,0,0.000999700089973008,0,0,0,0.000399880035989203,0,0,0,0,0,0,0,0,0,0,0,0,0,9.99700089973008e-05,9.99700089973008e-05,0,0,0,0,9.99700089973008e-05,0,0,0,0.00129961011696491,0.19184244726582,0,0,0,0,0,0.000199940017994602,0,0,0.00669799060281915,0,0,0,0,0,0.00789763071078676,0,0,0,0,0.00899730080975707,0
0,0,0,0,0,0,0,9.99100809271655e-05,0,0,0,0,0.000499550404635828,9.99100809271655e-05,0,0,0,0,0,0,0,0.00159856129483465,0,0.000399640323708662,0,0.189029873114197,0,0,0.000699370566490159,0.000299730242781497,0.00749325606953742,0,0,0.0131881306823859,0,0,9.99100809271655e-05,0.00449595364172245,9.99100809271655e-05,0,0,0,0,0,0,0.00919172744529923,0,0,0.000299730242781497,0,0,9.99100809271655e-05,0,0,0,0,0,0,0,0,0,0,0,0,0,0,0.0194824657807973,0,0.000299730242781497,0,0.000399640323708662,0,0,0,0,0,0,0,0,0,0,0,0.0255769807173544,0,9.99100809271655e-05,0.00469577380357678,0.0684384054351084,0,0,0.00189829153761615,0.000499550404635828,0.00109901089019882,0,0,0,0,0,0,0.00409631331801379,9.99100809271655e-05,0,0.00509541412728544,0,0,0,0,0,0.286242381856329,0,0,0,0,0,0,0.000199820161854331,0,0,0,0.00769307623139175,0,0,0,0,0,0,0,0,0,0,0,0,0,0,0,0,0,0.0375661904286142,0.000299730242781497,0,0,0.0985113397941852,0,0,0,0,0,0,0,0,0.000299730242781497,0,0,0,0,0.000199820161854331,0,0,0,0,0.00239784194225197,0,0,0,0,0,0,0,0,0,0,0,0,0,0,0,0,0,0,0.00619442501748426,0,0,0,0,0,0,0,0,0,0,0,0,9.99100809271655e-05,9.99100809271655e-05,0,0,0,0,0,0,0,0,0,0,0.0966130482565691,0,0,0,0,0,0.000399640323708662,0,0,0,0,9.99100809271655e-05,0,0.00279748226596064,0,9.99100809271655e-05,0,0,0,0,0,0,0,0,0,0.00249775202317914,0,0,0,9.99100809271655e-05,0.0435607952842442,0,0,0,0,0,0,0,0.000199820161854331,0,0,0.000399640323708662,0,0,0,0,0,0,0,0,0,0.00109901089019882,0.00589469477470277,0,0,0,0.000799280647417324,9.99100809271655e-05,0,0,0,0,0,0,0,0,0,0,0,0.0131881306823859,0,9.99100809271655e-05,0,0,0,0.000199820161854331,0.00109901089019882,0,0,0.00799280647417324,0,0,0,0,0,0,0,0,0,0,0.000199820161854331,0.000999100809271655,0,0.0215805774802678,0,0,0.000699370566490159,0
0,0,0,0,0,0,0.00179946016195141,0.00209937018894332,0,0,0,0,0.000199940017994602,0.00109967009897031,0.000599820053983805,0,0,0,0,0,0.00499850044986504,0,0,9.99700089973008e-05,0,0.151354593621913,0,0,0.000399880035989203,0,0,0,0,0.0549835049485154,0,0,0.000899730080975707,0.00769769069279216,0,0,0,0.000199940017994602,0,0,0,0.0425872238328501,0,0,0,0,0,0,0,0,0,0,0,0,0,0.00879736079176247,0,0.00159952014395681,9.99700089973008e-05,0,0,0,0.000299910026991902,0,0,0,0,0,0,0,0,9.99700089973008e-05,0,0,0,0.0141957412776167,0,0,0.0714785564330701,0,0.00489853044086774,0,0.000299910026991902,0,0,0.00529841047685694,0,9.99700089973008e-05,0.000799760071978406,0,0,0,0,0,0,0,0,0,0,0,0.00179946016195141,0,0,0.0656802959112266,0,0,0,0,0,0.0138958312506248,0,0,0,0,0.0203938818354494,0,0,0,0,9.99700089973008e-05,0.0532840147955613,0,0,0,0,0,0.0127961611516545,0.033889833050085,0,9.99700089973008e-05,0,0.00389883035089473,9.99700089973008e-05,0,0,0,0.00349895031490553,0,0,0,0,0,0,0,0,9.99700089973008e-05,0.00159952014395681,0,0,0.000499850044986504,0,0,0,0,0,0.0204938518444467,0,0,0,0,0,0,0,0,0,0,0,0,0,0,0,0,0,0,0,0,0,0,0,0,0.00709787063880836,0,0,0,0,0.00259922023392982,0,0.00369889033290013,0.000799760071978406,0,0.00339898030590823,0,0,0,0,0,0,0,0,0,0,0.000599820053983805,0.000199940017994602,0,0,9.99700089973008e-05,0,0,0,0,0.000699790062981106,0,0.0103968809357193,0,0.0649805058482455,0,0.00799760071978406,0,0,0,0,0,0,0,0.0230930720783765,0,0.037888633409977,0,0,0,0,0,0,0,0,0,0.000899730080975707,0,0,0,0,0,0.0307907627711686,0,0,0,0.0204938518444467,0.000499850044986504,0,0,0,0.00519844046785964,0,0,0,0,0,0,0.000699790062981106,0,0,0,0,0,0,0,0,0,0.0413875837248825,0,0,0,0,0,0.00909727081875437,0.0290912726182145,0,0,0.0607817654703589,0,0,0,0,0,0.0210936718984305,0,0,0,0,0,0,0,0.000699790062981106,0,0,0.00659802059382185,0
0,0,0,0,0,0,9.99500249875062e-05,0,0,0,0,0.000299850074962519,0,0,0,0.00459770114942529,0.00729635182408796,0,0,0,0,0.00349825087456272,9.99500249875062e-05,0,0,0.0867566216891554,0,0,0,0.000699650174912544,0.0199900049975013,0.0175912043978011,0,0.0125937031484258,0,0,0,0.0137931034482759,0,0,0,0.000699650174912544,0.0189905047476262,0.000899550224887556,0,0.000299850074962519,0,0,0,0,0,0,0.000199900049975012,0,0,0,0,0,0,0.0407796101949025,0,0,0,0.00219890054972514,0,0,0.0303848075962019,0,0,0,0.000899550224887556,0,0,0,0,9.99500249875062e-05,0,0.00079960019990005,0,0.0442778610694653,0,0,0,0,0,0,0.00869565217391304,0,0.000199900049975012,0.00189905047476262,0,0,0,0.0031984007996002,0,0,0,0,0,0,0,0,0,0,0,0,0.000599700149925037,0.161619190404798,0,0,0.00649675162418791,0,0,0.0137931034482759,0,0,0,0,0.00249875062468766,0,0,0,0,0,0.00249875062468766,0,0,0,9.99500249875062e-05,0,0,0,0,0,0,0,0,0,0.000299850074962519,0,0.129735132433783,0,0,0,0,0,0.0124937531234383,0,0,0,0.000499750124937531,0,0,0,9.99500249875062e-05,0,0,0,0,0.00299850074962519,0,0.000299850074962519,0.000499750124937531,0.0210894552723638,0,0,0.000399800099950025,0,0,0,0.00199900049975012,0,9.99500249875062e-05,0,0,0,0.00119940029985007,0.00589705147426287,0.00849575212393803,0,0,0.00149925037481259,0.00219890054972514,0,0,0,0,0,0,0,0,0.00529735132433783,0,0,0,0,0,0,0,0,0,0,9.99500249875062e-05,0,0.0127936031984008,0.031784107946027,0,9.99500249875062e-05,0,0,0,0,0,0,0.000599700149925037,0,0,0.0126936531734133,0,0,0.00779610194902549,0,0,0.00619690154922539,0,0,0,0,0,0,0.00749625187406297,0,0,0.0311844077961019,0,0,0.00279860069965018,0,0.00109945027486257,0,0,0.0292853573213393,0,0,0.00999500249875063,0,0,0,0,0,0,0.000599700149925037,0,9.99500249875062e-05,0.00249875062468766,0.0122938530734633,0,0,0.000699650174912544,0.00149925037481259,0,0,0,0.000899550224887556,9.99500249875062e-05,0,0,0,9.99500249875062e-05,0.00169915042478761,0,0,0.00349825087456272,0,0,0,0,0,9.99500249875062e-05,0.0971514242878561,0,9.99500249875062e-05,0.00659670164917541,0,0,0,0,0,0,0.00539730134932534,0,0,0,0,0.00399800099950025,0,0,0,0,0.00419790104947526,0
0,0,0,0,0,0,9.99900009999e-05,0,0,0,0,0,0,0,0.0003999600039996,0,0,0,0,0,0,0.0108989101089891,0,0,0,0.415258474152585,0,0,0.0004999500049995,0.0003999600039996,0.0264973502649735,0,0,0.0021997800219978,0,0,0.0011998800119988,0,0,0,0,0,0,0,0,0.007999200079992,0,0.0010998900109989,0,0,9.99900009999e-05,0,9.99900009999e-05,0,0.0058994100589941,0,0,0,0,0.0754924507549245,0,0,0,0.0048995100489951,0,0,0,0,0,0,0.0110988901109889,0.0002999700029997,0.0013998600139986,0,0,9.99900009999e-05,0,0,0,0,0,0,0.0840915908409159,0,0,0,0,0,0,0,0,0,0.0002999700029997,0.0045995400459954,0,0,0.005999400059994,0,0,0,0,0,0,0,0,0,0,0.0321967803219678,0,0,0,0,0,0,0,0,0,0,0.0411958804119588,0.0001999800019998,0,0,0,0.0001999800019998,0.0070992900709929,0,0,0,0,0.0050994900509949,0,0,0,0,0,0,0.0011998800119988,0,0,0,0.0012998700129987,9.99900009999e-05,0,0,0,0,0,0,0.0002999700029997,0,0.0010998900109989,0,0,0.0076992300769923,0,0,0,0,0,0,0,0,0.0014998500149985,0,0,0,0,0,0,0,0.0021997800219978,0,0.0033996600339966,0,0,0,0.0008999100089991,0,0,0,0,0,0,0,0.0012998700129987,0,0,0,0,0,0,0.0106989301069893,0,0,0.0265973402659734,0,0,0.0007999200079992,0,0,0,0,0,0,0,0.0008999100089991,0.0001999800019998,0,0,0,0.0025997400259974,0,0,0,0,0,0.0097990200979902,0,0.0322967703229677,0,0.0153984601539846,0,0,0,0,0,0,0,0,0,0,0,0,0,0,0,0.0016998300169983,0,0.0001999800019998,0.0030996900309969,0.001999800019998,0,0,0,0,0,0,0,0,0,0,0,0,0,0,0,0.0003999600039996,0,0,0.0075992400759924,0.0003999600039996,0,0,0,9.99900009999e-05,0,0,0,0,0.0158984101589841,0,0,0.0121987801219878,0,0,0,0,0,0.0006999300069993,0,0,0,0.0608939106089391,0,0,0,0,0,0,0.0096990300969903,0,0,0,0,0,0,0.0005999400059994,0,0,0.0172982701729827,0
0,0,0.000100040016006403,0,0,0,0.000100040016006403,0.00530212084833934,0,0,0,0,0.000200080032012805,0.0208083233293317,0.00330132052821128,0.000700280112044818,0.000500200080032013,0,0,0,0.00690276110444178,0.00330132052821128,0,0.000100040016006403,0,0.173469387755102,0,0,0.00110044017607043,0.000700280112044818,0.0131052420968387,0,0,0.0147058823529412,0,0,0.000200080032012805,0.00110044017607043,0.000600240096038415,0,0,0.00100040016006403,0.0283113245298119,0,0,0.0287114845938375,0,0,0,0,0.00460184073629452,0,0.000300120048019208,0,0,0,0,0,0,0,0,0,0,0,0,0.0208083233293317,0.00940376150460184,0,0,0.00930372148859544,0.0102040816326531,0.000100040016006403,0,0,0,0,0,0,0,0.00130052020808323,0,0.000300120048019208,0.00370148059223689,0,0,0.000100040016006403,0.000600240096038415,0,0,0.00410164065626251,0,0,0,0,0,0,0.000500200080032013,0,0.00540216086434574,0,0,0,0,0,0,0,0.0222088835534214,0.00220088035214086,0,0,0,0,0.0078031212484994,0.00720288115246098,0.000300120048019208,0,0,0,0.0230092036814726,0,0,0,0,0.00210084033613445,0.0102040816326531,0,0,0,0,0,0.00100040016006403,0.00270108043217287,0,0,0,0,0.000700280112044818,0.00110044017607043,0.0239095638255302,0,0.00180072028811525,0.000700280112044818,0,0,0,0,0.00100040016006403,0.0040016006402561,0,0,0.00180072028811525,0.00220088035214086,0,0.000100040016006403,0.000100040016006403,0,0,0.00940376150460184,0.00640256102440976,0.0260104041616647,0,0,0,0.00930372148859544,0,0,0.00200080032012805,0,0,0,0.000900360144057623,0,0,0,0,0,0,0.030812324929972,0.022609043617447,0.000500200080032013,0,0,0,0,0.000900360144057623,0,0,0,0,0,0.000100040016006403,0.00280112044817927,0.000200080032012805,0,0,0,0,0,0,0.000100040016006403,0,0,0,0.0286114445778311,0,0.00210084033613445,0,0,0.000100040016006403,0.000100040016006403,0,0,0,0,0,0.00160064025610244,0,0.00310124049619848,0.000200080032012805,0,0,0.00330132052821128,0,0,0,0,0,0,0.0263105242096839,0,0,0,0.00300120048019208,0.0722288915566227,0,0,0,0,0.000900360144057623,0.000100040016006403,0,0.0237094837935174,0,0,0.000900360144057623,0,0,0,0,0,0,0.000200080032012805,0,0,0,0.00340136054421769,0.000100040016006403,0,0,0,0.00100040016006403,0,0,0.000300120048019208,0,0,0,0,0,0.0284113645458183,0,0,0.0113045218087235,0,0,0,0,0,0,0.129451780712285,0.000200080032012805,0,0.0456182472989196,0,0,0,0,0,0.00210084033613445,0,0,0.000100040016006403,0,0,0.00170068027210884,0,0.000200080032012805,0,0,0.00640256102440976,0
0.0002999700029997,0,0,0,0,0,0,0,0,0,0,0.0002999700029997,0.0001999800019998,0,0.102289771022898,0,0.0078992100789921,0,0,0,0,0.0036996300369963,0,9.99900009999e-05,0,0.21987801219878,0,0,0.0147985201479852,0.0077992200779922,0.0037996200379962,0,0,0.0060993900609939,0,0,0.0007999200079992,0.0044995500449955,0,0,0.0001999800019998,0.0004999500049995,0.074992500749925,0,0,0,0,0,0,0,0,0,0,0,0,0.0001999800019998,0,0,9.99900009999e-05,0.004999500049995,0,0,9.99900009999e-05,9.99900009999e-05,0,0.0001999800019998,0,0.0010998900109989,0,0,0,0,0,0,0,0.0151984801519848,0,0,0,0.00999900009999,0,0.0003999600039996,0.0010998900109989,0,0,0,0,0,0.0012998700129987,0,0,0.0025997400259974,0.0408959104089591,0,0,0.0245975402459754,0,0,0,0,0,0,0,0,0,0,0,0.0406959304069593,0.0007999200079992,0.001999800019998,0.0081991800819918,0,0,0,9.99900009999e-05,0.0003999600039996,0,0.0001999800019998,0.004999500049995,0.0002999700029997,0.0005999400059994,0.0030996900309969,0.0003999600039996,0,0.0341965803419658,0,0,0.0013998600139986,0,0,0,0.0646935306469353,0,0,0,0,0.0350964903509649,0,0,0,0.0025997400259974,0,0.0005999400059994,0,0.0051994800519948,0,0.0024997500249975,0,0,0,0,0,0,0.0026997300269973,0,0.002999700029997,9.99900009999e-05,0,0,0,0,0.0003999600039996,0,0,0,0,0,0.0002999700029997,0,0,0.0004999500049995,0,9.99900009999e-05,9.99900009999e-05,0.0010998900109989,0,0.0007999200079992,0,0,0,0,0,0,0,9.99900009999e-05,0.0017998200179982,0,0,0,0,0.0002999700029997,0,0,0,0,0,0,0,0,0,0,0.0020997900209979,0,0,0,0.0008999100089991,0,0,0,0.0008999100089991,0,0,0,0,0,0.0005999400059994,0.0040995900409959,0,0.0027997200279972,0,0,0,0,0,0.0003999600039996,0,0,0,0,0.0001999800019998,0,0,0,0,0,0,0,0,0,0,0,0.0008999100089991,0,0,0,9.99900009999e-05,0,0,0,0,0,0,0,0,0,0,0.0004999500049995,0,0,0.0031996800319968,0,0,0,0.0002999700029997,0,0,0.0002999700029997,0,0,0.000999900009999,0,0,0.0042995700429957,0.0002999700029997,0,0,0,0,0.0001999800019998,0.17968203179682,0,9.99900009999e-05,0.0146985301469853,0.0002999700029997,0,0,0,0,0,0.0054994500549945,0,0,0,0.0001999800019998,0.0050994900509949,0.0005999400059994,0.0002999700029997,0,0,0,0
0,0,0,0,0,0,0.000300120048019208,0,0,0,0,0.00260104041616647,0,0,0.00040016006402561,0.000500200080032013,0,0,0,0,0,0.00040016006402561,0,0.00040016006402561,0,0.344037615046018,0,0.000100040016006403,0.00170068027210884,0.00160064025610244,0,0,0.00040016006402561,0.00920368147258904,0,0,0.0232092837134854,0,0,0.000200080032012805,0,0,0,0,0,0.0249099639855942,0,0,0,0,0,0,0,0,0,0,0,0,0,0,0,0,0,0,0,0,0,0,0.00040016006402561,0,0,0.000100040016006403,0,0,0,0.00100040016006403,0,0,0,0.000200080032012805,0,0,0.0101040416166467,0,0,0.000100040016006403,0.0130052020808323,0,0.00150060024009604,0,0,0,0.0908363345338135,0,0,0,0.000300120048019208,0.000300120048019208,0,0,0,0.00170068027210884,0,0,0,0,0,0.0209083633453381,0,0,0.0126050420168067,0,0,0.0038015206082433,0,0,0,0,0.00610244097639056,0,0,0,0,0.00510204081632653,0.107543017206883,0,0,0,0,0,0.00860344137655062,0,0,0,0,0,0,0.00140056022408964,0,0,0,0,0.000700280112044818,0,0,0,0,0,0,0,0.00250100040016006,0,0,0,0,0,0,0,0,0,0,0,0,0,0,0.000100040016006403,0,0,0,0.000200080032012805,0,0,0.000100040016006403,0,0,0,0,0,0,0,0,0,0,0,0.00110044017607043,0,0,0,0,0.000500200080032013,0,0.0121048419367747,0.00040016006402561,0,0,0,0,0,0,0,0,0,0,0.00220088035214086,0,0,0.000900360144057623,0,0.000100040016006403,0.00120048019207683,0,0,0,0,0,0,0,0,0.00670268107242897,0,0.000100040016006403,0,0,0,0,0,0,0,0,0,0,0,0.00130052020808323,0,0,0,0,0,0.00130052020808323,0.0079031612645058,0,0.0178071228491397,0,0,0,0,0.00220088035214086,0,0,0,0,0,0,0.000100040016006403,0,0.000100040016006403,0,0,0,0,0,0,0.000700280112044818,0,0,0,0,0,0,0.000900360144057623,0,0,0.01640656262505,0,0,0,0,0,0,0.168967587034814,0,0.000100040016006403,0.0294117647058824,0,0,0,0,0.000100040016006403,0,0,0,0,0,0,0,0,0.000300120048019208,0,0,0.0279111644657863,0
0,0,0,0.00629685157421289,0,0,0.00989505247376312,0,0,0,0,0,0.000599700149925037,9.99500249875062e-05,0,0,0,0,0,0,0,0,0,0.00379810094952524,0,0.412193903048476,0,0,0.00509745127436282,0,0.00719640179910045,0,0,0,0,0,0.000899550224887556,0.0194902548725637,0.000199900049975012,9.99500249875062e-05,0,0,0,0,0,0,0,0,0,0,0,0,0,0,0,0,0,0.00109945027486257,0,0,0,0,0,0,0,0,0,0,0,0,0,0,0,0,0,0,0,0,0,0,0,0,0,0,0,0,0,0,9.99500249875062e-05,0,0,0.000199900049975012,0,0,0,9.99500249875062e-05,0,0,0,0,0,0,0,0,0,0,0,0.0063968015992004,0,0,0,0,0,0,0,0,0,9.99500249875062e-05,0.00079960019990005,0,0,0,0,9.99500249875062e-05,0,0,0.144327836081959,0,0,0,0,0.0306846576711644,0,9.99500249875062e-05,0,0,0.000599700149925037,0,0,0,0.000599700149925037,0,0,0,0,0,0,0,0,0,0.00179910044977511,0,0,0,9.99500249875062e-05,0,0.000499750124937531,0,0,0.0180909545227386,0,0,0,0,0,0,0,0,0,0,0,0,0,0,0,0,0,0,0.00519740129935032,0,0,0,0,0,0,0,0,0,0,0,0,0,0.00109945027486257,0,0,0,0,0,0,0,0,0,0,0,0.00749625187406297,0,0,0,0,0.000499750124937531,0,0,0,0,0,0,0.000199900049975012,0,0.0228885557221389,0,0,0,0,0,0,0,0,0,0,0,0,0,0,0.0291854072963518,0,0,0,0,0,0,0,0,0,0,0,0,0,0,0,0,0,0,0,0,0,0,0.000299850074962519,0,0,0,9.99500249875062e-05,0,0,0,0,0,0,0,0,9.99500249875062e-05,0,0,0.0314842578710645,9.99500249875062e-05,0,0,0,0,0.00229885057471264,0.216391804097951,0,0,0,0,9.99500249875062e-05,9.99500249875062e-05,0,0,0.00439780109945028,0,0,0,0,0,0.00599700149925037,0,0.000499750124937531,0,0,0,0
0,0,0,0,0,0,9.99100809271655e-05,0.00369667299430513,0,0,0,0,0,0.010890198821061,0.000799280647417324,0,0,9.99100809271655e-05,0,0,0.00249775202317914,0.00459586372264962,0,0,0.000399640323708662,0.0934159256668998,0.000799280647417324,0,0.0137875911679488,0,0,0,0,0.0031971225896693,0,0,0.00129883105205315,0.0194824657807973,0,0,9.99100809271655e-05,0,0,0,0,0.000199820161854331,0,0.00169847137576181,0,0,0,0,0,0,0.00409631331801379,0,0,0,0,0.0204815665900689,0,0.00179838145668898,0,0,0,9.99100809271655e-05,0.00389649315615946,0,0,0.00429613347986812,0.0528524328104706,0,0.00269757218503347,0.00989109801178939,0,0,0,0,0,0.00399640323708662,0.00089919072834449,0.000699370566490159,0.000199820161854331,0,0.0420621440703367,9.99100809271655e-05,0.00439604356079528,9.99100809271655e-05,0,0.00969127784993506,0.00279748226596064,0.0057947846937756,0.00089919072834449,0,0.0031971225896693,9.99100809271655e-05,0,0,0.00229793186132481,0,0,0,0,0.000199820161854331,0.000199820161854331,0,0.00149865121390748,0.0191827355380158,0,0,0,0.00209811169947048,0,0.00419622339894095,0.00089919072834449,0,0.00219802178039764,0,0.0112898391447697,0,0,0,0,0,0.00129883105205315,0.00599460485562993,0,0,0.000199820161854331,0,0.00119892097112599,0.00919172744529923,0,0,0,0,0.0208812069137776,9.99100809271655e-05,9.99100809271655e-05,0,0.044659806174443,9.99100809271655e-05,0,0,0,0,0.00209811169947048,0,0.000199820161854331,0.000399640323708662,9.99100809271655e-05,0.0031971225896693,0,0,9.99100809271655e-05,0,0,0,0.00299730242781497,0.00439604356079528,0,0,0,9.99100809271655e-05,0,0,0,0,0,0,0.00139874113298032,0,0,0,0,0,0,0.0151863323009292,0.0329703267059646,0.00089919072834449,0,0,0.00239784194225197,0,9.99100809271655e-05,0,0,0,0.0116894794684784,0,0,0.00419622339894095,0.000399640323708662,0,0,0,0.000299730242781497,0.00309721250874213,9.99100809271655e-05,0,0.000399640323708662,0,0,0.00849235687880907,0,0.00269757218503347,0,0,9.99100809271655e-05,0.000299730242781497,0,0,0,0.00159856129483465,0.00129883105205315,0,0.0388650214806674,0.0227794984513937,0.0519532420821261,0.00159856129483465,0.00349685283245079,0.000799280647417324,0,0,0,9.99100809271655e-05,0.000299730242781497,0,0.00429613347986812,0,0.00799280647417324,0,0,0.00719352582675592,0,0.000299730242781497,0.00439604356079528,0,0,0.000199820161854331,0,0,0,0.00189829153761615,0,0,0,0,0,0,0.0100909181736437,0.00519532420821261,0.00189829153761615,0,0.00359676291337796,0.000399640323708662,0.00439604356079528,0,0.00089919072834449,0,0.000399640323708662,0,0.000299730242781497,0,0,0,0,0,0,9.99100809271655e-05,0,0.0028973923468878,0.00859226695973624,0,0,0,0,0.000199820161854331,0.00189829153761615,0.177140573483865,0,0,0.0060945149365571,0,0,0,0,0.000399640323708662,0.00559496453192127,0.00429613347986812,0,0.00119892097112599,0.000399640323708662,0,0.0391647517234489,0,0.000199820161854331,0.00329703267059646,0,0.0140873214107303,0
0,0,0,0,0,0,9.99500249875062e-05,0,0,0,0,0,0,0,0,0.00219890054972514,0.00219890054972514,0,0,0,0,0,0,9.99500249875062e-05,0,0.299550224887556,0,0,9.99500249875062e-05,9.99500249875062e-05,0,0,0,0,0,0,0,0,0,9.99500249875062e-05,0,0,0.0358820589705147,0,0,0,0,0,0,0,0,9.99500249875062e-05,0,0,0,0.000899550224887556,0,9.99500249875062e-05,0,0.0439780109945027,0,0,9.99500249875062e-05,0,0,0,0.048575712143928,0,0,0.0138930534732634,0,0,0,0,0,0.0136931534232884,0,0.000299850074962519,0,0,0,0,0.0111944027986007,0,0,0,0,0,0.000499750124937531,0,0,0.000199900049975012,0.000199900049975012,0,0,0.00359820089955022,0.00079960019990005,0,0,0,0,0,0.00219890054972514,0,0,0,0,0.00929535232383808,0,0,0,0,0.000399800099950025,0,0,0,0,0,0.0342828585707146,0,0,0,0,0.000299850074962519,0,0,0,0.015192403798101,0,0,0,0,0,0,9.99500249875062e-05,0,9.99500249875062e-05,0,0,0,0.00079960019990005,0,0,0,0,0,0.00829585207396302,0,0.000299850074962519,0,0,0,0,0.0063968015992004,9.99500249875062e-05,0,0,0.000299850074962519,0,0,0.000599700149925037,0,0,0,0,0,0,0,0,0,0,0,0,0,0,0,0.00179910044977511,0,0,0,0,0,0,0,0.00549725137431284,0,0,0,0,0,0.00439780109945028,0.0229885057471264,0,0,0,0,0,0,0,0,0,0,0,0,0,0.0120939530234883,0,0,0,0,0.000199900049975012,0,0,0,0,0,0.0413793103448276,0,0,0,0,0,0,0,0,0,0,0,0,0,0,0.000899550224887556,0.00109945027486257,0.0209895052473763,0.00169915042478761,0,0,0,0.000499750124937531,0.000299850074962519,0,0.0314842578710645,0,0,9.99500249875062e-05,0,0,0,0,0,0,0,0,0,0,0,0.00119940029985007,0,0,0,0,0,0,0,9.99500249875062e-05,0,0,0,0,0.000599700149925037,0,0,0,0,0,0,0,0,0,0.276361819090455,0,0,0,0,0,0.00389805097451274,0,0,0,0,0,0,0,0,0,0,0.000399800099950025,0,0,0.0148925537231384,0
0,0,0,0,0,0,0,0,0,0,0,0,0,0,0,0,0,0,0,0,0,0.0034,0,0,0,0.1536,2e-04,0,0.0023,0.0016,0,0.0931,0,0,0,0,0,0,0,0,0,0,0,0,0,0.0518,0,0,0,0,0,0,0,0,0,0,0,0,0,0,0,0,0,0,0,0,0.0121,0,0,0,0,0,0,0,0,0.2183,0,0,0,0,0,0,0,0,0,0,0,0,0,0,0,0,0,0,0,0,2e-04,0,0,0,0,0,0,0,0,0,0,0.0152,0,0,0,0,0,0.0734,0,0,0,0,0.0205,0,0,0,0,2e-04,0,0,0,0,0,0,0,0,0,0,0,0,0,0,0,0,0,0,0,0,0,0,0,0,0,0,0,0,0.0101,0,0,0,0,0,0,0,0,0,0,0,0,0,0,0,0,0,7e-04,0,1e-04,0,0.0042,0.0042,0,0,0,2e-04,0,0,0,0,0,0,0,0,0,0.003,0,0.0715,0,0,0,0,0,0,0,0,0,0,0,0,0,0.0018,0.0095,0,0,0,4e-04,0,0,0,0,0,0,0,0,0,0,0,0,0,0,0,0,0,0,0,0,0,0,0,0,0,0,0,0,0,0,0,0,0,0,0,0,0,0,0,0,0,0,0,0,0,6e-04,0,0,0.0011,0,0,0,0,0,0,0,0,0,0.0018,0,0,0.1155,0.0015,0,0,0,0,0,0,0,0.0081,0.1071,0,0,0,0,0,0,0.0126,0,0,0,1e-04,0,0,0,0,0,0,0
0,0,0,0,0,0,0.00460092018403681,0,0,0,0,0,0.0001000200040008,0,0.00500100020004001,0,0,0,0,0,0,0,0,0,0,0.0002000400080016,0,0,0.0019003800760152,0.0172034406881376,0,0,0,0,0,0,0.01750350070014,0,0,0,0.000600120024004801,0,0,0,0,0.00720144028805761,0,0,0,0,0,0,0,0,0,0,0,0,0,0,0,0,0,0,0,0,0,0,0,0,0.00440088017603521,0,0,0,0,0,0,0,0,0.104420884176835,0,0,0.0233046609321864,0,0.00440088017603521,0,0,0.101320264052811,0,0,0,0,0.0153030606121224,0,0,0,0,0,0,0,0,0,0.0001000200040008,0,0.000600120024004801,0,0,0.384576915383077,0,0,0,0,0.0031006201240248,0,0,0,0,0,0,0,0,0,0,0,0,0,0,0,0,0,0,0.0141028205641128,0,0,0,0,0.0013002600520104,0.000500100020004001,0,0,0.128125625125025,0,0,0,0,0,0,0,0,0,0,0,0,0,0,0,0,0,0,0.00460092018403681,0,0,0,0,0,0,0,0,0,0,0.00680136027205441,0,0,0,0,0,0,0,0,0,0,0,0,0,0,0,0,0,0,0,0,0,0,0,0,0,0,0,0,0,0,0,0,0.0189037807561512,0,0,0,0,0.0001000200040008,0,0.000500100020004001,0,0,0,0,0,0.00900180036007201,0,0.0157031406281256,0,0,0,0,0,0,0,0,0,0.000400080016003201,0,0,0,0,0,0,0,0,0,0.0003000600120024,0,0,0,0,0,0.000600120024004801,0,0,0,0,0,0,0,0,0,0,0,0,0,0,0,0,0,0,0,0,0,0,0,0,0.0401080216043209,0,0,0,0,0,0,0,0,0,0.0231046209241848,0,0,0.0239047809561912,0,0,0.00810162032406481,0,0,0,0,0,0,0,0,0,0,0.00800160032006401,0,0,0,0
0,0.00079968012794882,0,0,0,0,0,0.00159936025589764,0,0,0,9.99600159936026e-05,0,0,0,0,0,0,9.99600159936026e-05,0,0.00229908036785286,9.99600159936026e-05,0,0.0210915633746501,9.99600159936026e-05,0.205517792882847,0.000199920031987205,0,0.023390643742503,0.00649740103958417,0.00569772091163535,0,0,0.000899640143942423,0,0,0,0.00539784086365454,0,0,0,0,0,0.0276889244302279,0,0.000199920031987205,0,9.99600159936026e-05,0,0,0.000199920031987205,0,0,0,0.000199920031987205,0,0,0,0,0,0.000199920031987205,0,0,0,0,0,0.00309876049580168,0,0.000299880047980808,0,0.000499800079968013,0,0.00169932027189124,0.00129948020791683,0,0,0,0,0,9.99600159936026e-05,0,0.000699720111955218,0,0,0.00189924030387845,0,0,9.99600159936026e-05,0,0,0,0,0,9.99600159936026e-05,0,0,0,0,0.00529788084766094,0,0,0,0,0.00129948020791683,9.99600159936026e-05,0.000199920031987205,0,0,0,0,0,0,0,0.0106957217113155,9.99600159936026e-05,0,0,0,0,0,0,0,0,0,0,9.99600159936026e-05,0,0.000899640143942423,9.99600159936026e-05,0,0.000999600159936026,0.0037984806077569,0,0,0,0,0.495301879248301,0.000199920031987205,0,0,0,0,0,0,0,0,0.00039984006397441,0.00079968012794882,0,0,0.00139944022391044,0,0,0.000299880047980808,0.00039984006397441,0,0,0,0.0038984406237505,0.000999600159936026,0,0,0,0.0105957616953219,0,0,0,0,0,0,0,0,0,0,0,0,0,9.99600159936026e-05,0,0,0,0,0,0,0,0,0,9.99600159936026e-05,0,0,0,0.00519792083166733,0.0163934426229508,0,0,0,0.000499800079968013,9.99600159936026e-05,0,0,0,0,0,0,0,0.000899640143942423,0,0,0,0.00179928028788485,0,0,0.000299880047980808,0,0,0,0,0.000299880047980808,0.015093962415034,0.000299880047980808,0,0.00289884046381447,0,0,0,0,0,0,0.00739704118352659,9.99600159936026e-05,0.00679728108756497,0,9.99600159936026e-05,0.0257896841263495,0,0,9.99600159936026e-05,0,0,0.000999600159936026,0,0,0,0,0,0,0,0,0,0,0,9.99600159936026e-05,0,9.99600159936026e-05,0.00909636145541783,0,0,0,9.99600159936026e-05,0,0,0,0.000299880047980808,0,0,0,0,0,0,0,0,0.000599760095961615,0.0146941223510596,0,0,0,0,0,0,0.0203918432626949,0,0,0.00259896041583367,0,0,0,0,0.00809676129548181,9.99600159936026e-05,0,0,0,9.99600159936026e-05,0,0,0,0.00839664134346262,0,0,0,0
0,0,0,9.98302885095338e-05,0.00199660577019068,0,9.98302885095338e-05,0.00119796346211441,0,0,9.98302885095338e-05,9.98302885095338e-05,0,0,0.00229609663571928,0.000399321154038135,0.00109813317360487,0.000199660577019068,0.000499151442547669,0,0.00079864230807627,0.00139762403913347,0,9.98302885095338e-05,0.000199660577019068,0.150444244783867,0,0,0.000399321154038135,0.00918438654287711,0.00259558750124788,0,0,0.00848557452331037,0,0,0.000299490865528601,9.98302885095338e-05,9.98302885095338e-05,0,0,0.000299490865528601,0.000598981731057203,0.000199660577019068,0,0.000199660577019068,0,9.98302885095338e-05,0,0,0.000299490865528601,0.00169711490466207,9.98302885095338e-05,0,0,0,9.98302885095338e-05,0,9.98302885095338e-05,0.0173704702006589,9.98302885095338e-05,9.98302885095338e-05,0,0.00169711490466207,0,0.000199660577019068,0.114205850054907,0,0,0,9.98302885095338e-05,0,0,9.98302885095338e-05,0.00109813317360487,0,0,9.98302885095338e-05,0,0.000998302885095338,0,0.000399321154038135,9.98302885095338e-05,0,0.000299490865528601,0,0,9.98302885095338e-05,0.000898472596585804,0.000299490865528601,0.00149745432764301,0.000399321154038135,0.151242887091944,0.00339422980932415,9.98302885095338e-05,0.00359389038634322,0,0,0,0,0,0,0,0,0,0,9.98302885095338e-05,0.146750524109015,0,0.00289507836677648,0.00249575721273834,0.00169711490466207,0,0.00379355096336228,0,0,0,0.00888489567734851,0.0137765798143157,0,0,0,0,9.98302885095338e-05,0,0,0,0,9.98302885095338e-05,0.000299490865528601,9.98302885095338e-05,0.000499151442547669,0.000199660577019068,0.000299490865528601,0,0,0,9.98302885095338e-05,0.0082859139462913,0,0,0.000499151442547669,0,0,0,0,0.00369372067485275,0,0.000598981731057203,0,0.000299490865528601,0.000199660577019068,0.00349406009783368,0,0,9.98302885095338e-05,0,0,0,0.00119796346211441,0,0.000499151442547669,9.98302885095338e-05,9.98302885095338e-05,9.98302885095338e-05,0,0.000199660577019068,9.98302885095338e-05,9.98302885095338e-05,0.000299490865528601,0.000199660577019068,0,9.98302885095338e-05,9.98302885095338e-05,0,9.98302885095338e-05,0.000898472596585804,9.98302885095338e-05,0.0209643605870021,0.000199660577019068,0,0,0.000299490865528601,0.000898472596585804,0.000499151442547669,9.98302885095338e-05,0,0,0,0,0.000399321154038135,0.00329439952081462,0,0,0,0,0,0,0,9.98302885095338e-05,0,0.00219626634720974,0,0.000199660577019068,0,0.00858540481181991,0,0,9.98302885095338e-05,9.98302885095338e-05,0,0.00549066586802436,0,0,0.000199660577019068,0.000499151442547669,0.00329439952081462,0.000199660577019068,0.000598981731057203,0,0.00688828990715783,0.00109813317360487,0,0,0,0,9.98302885095338e-05,0,9.98302885095338e-05,9.98302885095338e-05,9.98302885095338e-05,0,0.000499151442547669,0.0124787860636917,0,0,0,0,0.000998302885095338,0,0,0.00109813317360487,0.00439253269441949,0,0,0,0,0,0,0,0,0.000199660577019068,9.98302885095338e-05,0,9.98302885095338e-05,0,0.0143755615453729,0,0.000299490865528601,0.00149745432764301,9.98302885095338e-05,0,0,0.000199660577019068,0.0202655485674354,0,0,0,0.0109813317360487,0.10711789957073,0,9.98302885095338e-05,0.00429270240590995,0.000698812019566737,9.98302885095338e-05,0.000199660577019068,0,9.98302885095338e-05,9.98302885095338e-05,0.0588998702206249,0,0,0.00389338125187182,0,0,0,0,0,0.00229609663571928,0.000199660577019068,0.00219626634720974,0,0,0,0,0.000299490865528601,0.00569032644504343,0,0,0.00189677548168114,0
0,9.99500249875062e-05,0,0,0,0,0,0,0,0,0,0,0,0,0.000199900049975012,0,0.000899550224887556,0,0,0,0,0.00289855072463768,0,0,0,0.0361819090454773,0,0,0.000599700149925037,0.0015992003998001,0,0,0.000199900049975012,0,0.000899550224887556,0,0.0575712143928036,0.0527736131934033,0,0,0,0.00299850074962519,0,0,0,0.056271864067966,0,0,0,0,0,0,0.000199900049975012,0,0,0,0,0,0,0,0,0,0,0.00249875062468766,0,0,0,0,0,0,0,0,0,0,0,0,0,0,0,0.0506746626686657,0,0.00259870064967516,0,0,0,9.99500249875062e-05,9.99500249875062e-05,0,0.000999500249875062,0.0139930034982509,0,0,0.000199900049975012,0,0,0,0,0,0.00439780109945028,0,0,0,0.00079960019990005,0.0031984007996002,0,0,0,0.12703648175912,0,0,0.00239880059970015,0,0,0.016391804097951,0,0,0,0,0,0,0,0,0,0.000499750124937531,0.00269865067466267,0,0,0.0173913043478261,0,0,0.00329835082458771,0.0295852073963018,0.00239880059970015,0.00119940029985007,0,0,9.99500249875062e-05,0.000199900049975012,0,0,0,0,0,0,0,0,0.00369815092453773,0,0.000299850074962519,0.000499750124937531,0.00109945027486257,0,0,0,9.99500249875062e-05,0,0,0,0,0,0,0.0015992003998001,0,0.0354822588705647,0,0,0,0,0,9.99500249875062e-05,0,0,0.000199900049975012,0,0,0.0031984007996002,0,0,0,0,0,0,0,0,0,0,0,0,0,0,0,0.04047976011994,9.99500249875062e-05,0,0,0,0,0.000499750124937531,0,0,0,0,0,0,0.0260869565217391,0,0.000299850074962519,0,0,0.000199900049975012,0,0,0,0,0,0,0,0,0,0,0,0,0,0,0,0,0,0,0.00229885057471264,0,0.0160919540229885,0,0.00149925037481259,0.00229885057471264,0,0,0,0,0,9.99500249875062e-05,0,0.0122938530734633,0,0,0,0,0,0,0,0,0,0,0,0,0.0106946526736632,0.000399800099950025,9.99500249875062e-05,0,0,0,0,0,0.000399800099950025,0.000699650174912544,0,9.99500249875062e-05,0,0,0,0.00129935032483758,0,0,0.00809595202398801,0,0,0,0,0,0.00079960019990005,0.293153423288356,9.99500249875062e-05,9.99500249875062e-05,0.0299850074962519,0,0,0.000199900049975012,0,9.99500249875062e-05,0.00909545227386307,0,0,0,0,0,0,0,0,0,0,0,0
0,0,0,0,0,0,0.000199940017994602,0,0,0,0,0,0,0.000299910026991902,0.00129961011696491,0,0,0,0,0,0,0.000499850044986504,0,0,0,0.0214935519344197,0,0,0.000499850044986504,0,0,0,0,0.00419874037788663,0,0,0.000499850044986504,0.0202939118264521,0,0,0,0,0.0188943317004899,0.0175947215835249,0.000499850044986504,0.000399880035989203,0,0,0,0,0,0,0,0,0,0,0,0,0,0,0,0,0,0,0.000799760071978406,0,0.0208937318804359,0,0,0,0,0,0,0,0,0,0,0,0,0,0,0,0,0,0.0635809257222833,0,0.000899730080975707,0,0,0.000999700089973008,0,0,0,0,0,0,0,0,0.00119964010796761,0,0,0,0,0,0,0,0.0369889033290013,0.288013595921224,0,0,0,0,0,0.00609817054883535,0,0,0,0.000799760071978406,0.00419874037788663,0,0,0,0.00109967009897031,0.000199940017994602,0.00239928021593522,0,0,0,0,0,0,0.000199940017994602,0,0,0,0,0.0163950814755573,0,0,0,0.159352194341697,0,0,0,0,0,0,0,0,0,0.00339898030590823,0,0,0,0,0,0,0,0,0,0.00329901029691093,0,0,0,0,0,0,0,0,0,0,0,9.99700089973008e-05,0,0.00289913026092172,0,0,0.0141957412776167,0,0,0,0,0,0,0.00549835049485154,0,9.99700089973008e-05,0,0,0,0,0.00299910026991902,9.99700089973008e-05,0,0,0,0,0,0,0,0,0,0,0,0.000199940017994602,0.00359892032390283,0,0,0.000399880035989203,0.000199940017994602,0,0,0,0,0.000699790062981106,0,0,0.000999700089973008,0.110266919924023,0,0,0,0,0,0,0,0,0,0.00599820053983805,0,0.0106967909627112,0,0,0.012296311106668,0,0,0,0,0,0,0,0.00339898030590823,0,0,0,0,0,0,0,0,0.0562831150654804,0.000699790062981106,0,0,0,0,0,0,0,0,0,0,0,0.000199940017994602,0,0,0,0,0,0.023592922123363,0,0.00769769069279216,0.0120963710886734,0,0,0,0,0,0.00199940017994602,0.000299910026991902,0,0,0.0187943616914926,0,0,0,0,0,0,0.00139958012596221,0,0,0,0,0.00119964010796761,0,0.000499850044986504,0,0,0.00309907027891633,0
0,0,0,0,0,0,0.000300090027008102,0,0,0,0,0,0,0,0.000300090027008102,0,0.00400120036010803,0,0,0,0,0.00200060018005402,0,0,0,0.000300090027008102,0,0.00160048014404321,0.00150045013504051,0,0,0,0,0,0,0,0,0,0,0,0,0,0,0,0,0.000200060018005402,0,0,0,0.000600180054016205,0,0,0,0,0,0,0,0,0,0,0,0,0,0,0,0.00780234070221066,0.00240072021606482,0,0,0,0,0,0,0,0,0,0,0,0,0.011703511053316,0,0.000600180054016205,0,0,0,0.00390117035110533,0.0327098129438832,0,0,0,0,0,0.000500150045013504,0,0,0,0,0,0,0,0,0.0208062418725618,0,0,0.000500150045013504,0,0,0.0442132639791938,0,0,0,0,0,0,0,0,0,0,0.000800240072021606,0,0,0,0,0.000400120036010803,0.00250075022506752,0.0192057617285186,0.0554166249874962,0,0.000600180054016205,0,0.000200060018005402,0.00190057017105132,0,0,0,0,0.000200060018005402,0,0,0,0.195758727618285,0,0,0,0,0,0,0,0,0,0.000200060018005402,0,0,0,0,0,0,0,0,0,0,0,0,0,0,0,0,0,0,0,0.00120036010803241,0,0.000300090027008102,0,0,0,0,0,0,0,0,0,0,0.000100030009002701,0.000900270081024307,0,0,0,0,0,0,0,0.000200060018005402,0.00190057017105132,0,0,0,0,0,0,0.0737221166349905,0.00590177053115935,0,0,0,0.0646193858157447,0,0.00230069020706212,0,0,0,0,0,0,0,0,0,0,0.00470141042312694,0,0,0,0,0,0,0.000100030009002701,0,0,0,0,0,0,0,0.0944283284985496,0,0,0,0,0,0,0,0,0,0,0.00140042012603781,0,0,0.000100030009002701,0,0,0,0,0.00140042012603781,0,0,0.000700210063018906,0.0230069020706212,0,0,0.000100030009002701,0.00130039011703511,0,0,0,0,0,0,0,0.00290087026107832,0.20666199859958,0,0.000600180054016205,0.0431129338801641,0,0,0,0,0,0.000100030009002701,0.0479143743122937,0,0,0.00350105031509453,0,0,0,0,0.000100030009002701,0,0.00100030009002701,0,0,0,0,0,0,0,0,0,0.00260078023407022,0
0,0,0,2e-04,0,0,1e-04,0,0,0,0,0,0,0,0,0,0,0,0,0,0,0,0,6e-04,0,5e-04,0,0,0,0,0,0,0,0,0,0,0,0.0322,0,0,0,0,0,0,0,0,0,0,0,0,0,0,0,0,0,0,4e-04,0,0,0,0,0,0,0,0,0,0.0521,0,5e-04,0,0,0,0,0,0,0,0,0,0,0,0,0,0,0,0,0,0,0,0,0,0,0.0013,0,0,0,0,0,0,0,0,0,1e-04,0,0,0,0,0,0.7317,0,0.0131,0,0,0,0,0,0,0,0,0,0,0,0,0,0,0,0,0,0,0,0,0,0,0,0,0,0,0,0,0,0,0.1254,0,0,0,0,0,0.0047,0,0,0,0,0,0,0.0018,0,0,0.0057,0,0,0,0,0,0,0,0,0,0,0,0,0,0,0,0,0,0,0,0,0,0,0,0,0,0,0,0,0,0,0,0,0,6e-04,0,0,0.0014,0,0,0,0,0,0,0,7e-04,0,0,0,0,0,0,0,0,0,0,0,0,0,0,0,0,0,0,0,0,0,0,0,0,0,0,0,0,0,0,0,1e-04,0,0,0,0,0,0,0,0,0,0,0,0,0,0,0,0,0,0,0,0,0,0,0,0,0,0,0,0,0,0,0,0,0,0,0,0.0239,0,0,0.0029,0,0,0,0,0,0,0,0,0,0,0,0,0,0,0,0,0,0,0,0,0,0,0,0,0,0,0,0
0,0,0,0,0,0,0,0,0,0,0.000499900019996001,0,0,0,0,0,0.000799840031993601,0,0,0,0,0.0193961207758448,0,9.99800039992002e-05,0,0.0703859228154369,0,0,0,9.99800039992002e-05,0,0,0.0022995400919816,0,0,0,0.0001999600079984,0,0,0,0,0,0,0,0,0,0,0,0,0,0,0.00659868026394721,0,9.99800039992002e-05,0,0.0023995200959808,0,0,0,0,0,0,0,0,0.0150969806038792,0,0,0,0.000799840031993601,0,0,0,0,0,0,0,0,0,0,0,0,0.00719856028794241,0,0,0,0,0.0161967606478704,0,0.000999800039992002,0,0,0.0001999600079984,0.010997800439912,0,0,0,0.0001999600079984,0,0,0,0,0,0,0,0,0,0,0.451109778044391,0,0,0.000999800039992002,0,0,0,0,0,0,0.0554889022195561,0.0322935412917417,0,0,0,0,0,0,0,0,0.0012997400519896,0,0,0,0,0,0,0,0,0,0,0,0,0.0001999600079984,0.000399920015996801,0.0017996400719856,0,0.0105978804239152,0,0.00859828034393121,0,0,0,0,0,0,0,0.0001999600079984,0.0027994401119776,0.0025994801039792,0,0,0,0,0,0,0,0,0,0,0,0,0.0015996800639872,0,0,0,0,0,0,0.0015996800639872,0,0,0,0,0,0,0,0.0025994801039792,0,0,0,0,0,0.0016996600679864,0,0,0,0,0,0,0,0,0,0,0.000999800039992002,0,0,0,0.0011997600479904,0,0,0,0,0,0,0,0,0,0.0018996200759848,0,0,0.000499900019996001,0,0.000899820035992801,0,0,0,0,0,0,0,0,0,0.00889822035592881,0,0.000799840031993601,0.0121975604879024,0,0,0,0.0011997600479904,0,0,0,0.0108978204359128,0,0,9.99800039992002e-05,0,0,0,0,0,0,0,0,0,0,0,0.0002999400119976,0,0,0,0,0,0,0.0002999400119976,0,9.99800039992002e-05,0,0,0,0.018496300739852,0,0,9.99800039992002e-05,0,0,0,0,0,0,0.203259348130374,0,0,0.00709858028394321,0,0,0,0,0,0,0,0,0,0,0,9.99800039992002e-05,0,0.0001999600079984,0,0,0,0
0,0,0,0,0,0,0.0120975804839032,0,0,0,0,0,9.99800039992002e-05,0.00409918016396721,0.000699860027994401,0,0,0,0,0,0,0,0,0.0023995200959808,0,0.193261347730454,0,0,0.0026994601079784,0.0023995200959808,0.0192961407718456,0,0,0.019496100779844,0,0,0,0,0,0,0,0,0,0,0,0,0,0,0,0,0,0,0,0,0,0,0,0,0,0.0532893421315737,0,0,0,0,0,0,0,0,0,0,0,0,0,0,0,0.0406918616276745,0,0,0,0,0,0,0,0,0,0.000399920015996801,0,0,0,0,0,0,0.0011997600479904,0,0,9.99800039992002e-05,0,0,0,0,0,0,0,0,0,0,0,0.246350729854029,0,0,0,0,0,0.00439912017596481,0,0,0,0,0,0,0,0,0,0.00249950009998,0.00769846030793841,0,0,0,0,0,0,0,0,0,0,0,0.00249950009998,0,0,0,0.00649870025994801,0,0,0,0,0,0,0,0,9.99800039992002e-05,0,0,0,0,0,0,0,0,0,0,0,0,0,0,0,0,0,0,0,0,0,0,0,0,0,0,0,0,0,0,0,0,0,0,0,0,0,0,0,0,0,0,0,0,0,0,0,0,0,0,0,0,0,0,0,0,0,0,0,0,0,0,0,0,0,0,0,0,0,0,0,0.0171965606878624,0,0,0,0.00439912017596481,0,0,0,0,0,0,0,0,0,0,0,0,0,0.000499900019996001,0,0,0,0,0,0,0,0,0,0,0,0,0,0,0,0,0.000399920015996801,0,0,0,0,0,0.000599880023995201,0,0,0,0,0,0,9.99800039992002e-05,0,0,0.0703859228154369,9.99800039992002e-05,0,0,0,0,0,0.197360527894421,0,0.0235952809438112,0.0351929614077185,0,0,0,0,0,0,0,0,0,0,0,0.0232953409318136,0,0.00459908018396321,0,0,0,0
0.000500150045013504,0,0,0,0,0,0.000700210063018906,0,0,0,0,0,0,0,0.00200060018005402,0,0,0,0,0,0,0,0,0.00190057017105132,0,0.136440932279684,0,0,0.0173051915574672,0,0,0,0,0.00430129038711613,0,0,0.000300090027008102,0.000700210063018906,0,0,0,0,0,0.00270081024307292,0,0.00160048014404321,0,0,0,0,0,0,0,0,0,0,0,0,0,0,0,0,0.000500150045013504,0,0,0,0.00590177053115935,0,0,0,0.00150045013504051,0,0,0,0,0,0,0,0,0,0,0,0,0,0.00820246073822147,0,0.0780234070221066,0,0,0,0,0.000400120036010803,0.00130039011703511,0,0,0,0,0,0.000100030009002701,0,0,0.000100030009002701,0,0,0.000600180054016205,0,0,0.0212063619085726,0,0,0.00390117035110533,0,0,0.0651195358607582,0,0,0,0,0.00530159047714314,0.00330099029708913,0,0,0.00650195058517555,0.000600180054016205,0.000200060018005402,0,0,0,0,0,0,0,0,0.00120036010803241,0,0,0.00450135040512154,0.000500150045013504,0,0,0,0.00130039011703511,0,0,0,0,0,0,0,0,0.000100030009002701,0,0,0,0,0,0,0,0,0,0,0,0,0,0,0,0,0,0,0.00170051015304591,0,0,0,0,0.00230069020706212,0,0,0,0.000800240072021606,0,0,0,0,0,0,0,0.0257077123136941,0,0,0,0,0.016705011503451,0.00120036010803241,0,0,0,0,0,0,0,0,0,0,0,0,0,0,0,0,0,0,0,0,0,0,0.00220066019805942,0.00730219065719716,0,0,0.000700210063018906,0.000100030009002701,0,0,0,0,0.000100030009002701,0,0,0,0,0,0,0,0.000200060018005402,0,0,0,0,0,0.000100030009002701,0,0.0419125737721316,0,0,0,0,0.000200060018005402,0,0,0,0.000100030009002701,0,0,0,0,0,0,0,0,0,0,0,0,0,0.000100030009002701,0,0,0,0,0.00240072021606482,0,0,0.00740222066619986,0,0,0,0,0,0,0.501650495148545,0,0,0.00460138041412424,0,0,0,0,0,0,0,0,0,0,0,0.000200060018005402,0,0.00340102030609183,0,0,0.000100030009002701,0
0,9.98203234178479e-05,0,0,0.000598921940507087,0,0,0.000199640646835696,0,0.000199640646835696,0,0.000199640646835696,0,0.00529047714114594,0.00529047714114594,0,0,9.98203234178479e-05,0,0.000698742263924935,0.000199640646835696,9.98203234178479e-05,0,0,0.000898382910760631,0.181872629267319,9.98203234178479e-05,0,0,0,0.00588939908165302,0,0,0.00139748452784987,0,0.0145737672190058,0,9.98203234178479e-05,0,0,0,0.00349371131962468,0.0164703533639449,0.00409263326013176,0.00209622679177481,0.00259532840886404,0,9.98203234178479e-05,0,0,0,0,0.000199640646835696,0,0.000199640646835696,0,0,0,0.000299460970253544,9.98203234178479e-05,9.98203234178479e-05,0.000798562587342783,0,9.98203234178479e-05,0,9.98203234178479e-05,9.98203234178479e-05,0,0,0,9.98203234178479e-05,0,0,0.000499101617089239,0,0,0,0,0,9.98203234178479e-05,0,0,9.98203234178479e-05,0,0,0,0,0,0,0.00369335196646037,0,0,0.0535036933519665,0,0.00279496905569974,0.000499101617089239,0,0,0.00259532840886404,0,0.00219604711519265,0.0162707127171092,0,0,9.98203234178479e-05,0,0,0.000399281293671391,0.000199640646835696,0.000698742263924935,0.00658814134557796,0,0,0.00169694549810341,0,0,0,0.000499101617089239,9.98203234178479e-05,0,0,0.000698742263924935,0,0,0.105809542822919,9.98203234178479e-05,0,0,9.98203234178479e-05,0,0.000698742263924935,0.00219604711519265,0,0,0,0,0.00129766420443202,0,0,0,0,0.000299460970253544,0.000898382910760631,0,0.000199640646835696,0,0,0.000798562587342783,0,0.000199640646835696,0.000199640646835696,0.000299460970253544,0.000299460970253544,0,9.98203234178479e-05,0,0,0,9.98203234178479e-05,0.00139748452784987,0,0.000598921940507087,9.98203234178479e-05,9.98203234178479e-05,0,9.98203234178479e-05,0.000299460970253544,0,0,0,9.98203234178479e-05,0,0,0,0,0,0,9.98203234178479e-05,9.98203234178479e-05,0,0.000199640646835696,0,0,0,9.98203234178479e-05,0,0,0,0,0,0,0.00129766420443202,0,0,0,0,0,9.98203234178479e-05,0,0,0,0.00289478937911759,0,9.98203234178479e-05,0,0,0,0,0,0,0,0.000199640646835696,0.000499101617089239,0.000299460970253544,0.000199640646835696,0,0.00279496905569974,9.98203234178479e-05,9.98203234178479e-05,0.000199640646835696,0,0.000199640646835696,0,0.000199640646835696,0,0,0,0,0.00119784388101417,0,0.000598921940507087,0,0.00129766420443202,0.20363345977241,0,0,0,0,0.000798562587342783,0,9.98203234178479e-05,0.00279496905569974,0,0,0,9.98203234178479e-05,0,0,0,0,0,9.98203234178479e-05,9.98203234178479e-05,0,0,0,0,0,9.98203234178479e-05,0.000199640646835696,0,0,0,9.98203234178479e-05,0,0,0,0,9.98203234178479e-05,0.0217608305050908,0,9.98203234178479e-05,0.137851866640048,0,0,0,0,0,0,0.144839289279297,0.000299460970253544,0,0.000399281293671391,0,0,0,9.98203234178479e-05,0,0,0.000499101617089239,0,0,0,0,0.0112796965462168,0.000299460970253544,0.000598921940507087,0,0,0.00269514873228189,9.98203234178479e-05
0,0,0,0,0,0,9.99900009999e-05,0.0007999200079992,0,0,0,0,0,0.0098990100989901,0,0,0,0,0,0,0.0068993100689931,0.0013998600139986,0,0,0,0.305869413058694,0,0,9.99900009999e-05,0.0001999800019998,0.0060993900609939,0,0,0.0091990800919908,0,0,0.000999900009999,0.0012998700129987,0.0011998800119988,0,9.99900009999e-05,0,0.0111988801119888,0.0011998800119988,0,0.0017998200179982,0,0.0004999500049995,0,0,0,0,0,0,0,0,0,0,0,0.0117988201179882,0,0.0126987301269873,0,0,0,0,0.0184981501849815,0,0,0,0.0022997700229977,0,0,0.001999800019998,0,0,0,0,0,0.0123987601239876,0,0.0010998900109989,0.0021997800219978,0,0,0.0030996900309969,0,0,0,0.0014998500149985,0.0177982201779822,0.0007999200079992,0.0045995400459954,0,0,0.012998700129987,0,0,0.0010998900109989,0,0,0,0,0,0,9.99900009999e-05,0.0111988801119888,0.0187981201879812,0.0004999500049995,0,0,0,0,0,0,0,0,0.0005999400059994,0.0173982601739826,0.0002999700029997,0,0,0.0003999600039996,9.99900009999e-05,0.0046995300469953,0.0063993600639936,0,0,0,0,0,0.0084991500849915,0.0075992400759924,0.0003999600039996,0,0,0.0271972802719728,0,0,0,0.0017998200179982,0,0,0,0,0,0,9.99900009999e-05,0,0,0.0003999600039996,0,0,0,0,0,0,0,0.0022997700229977,0,0,0,0,0,0,0,0,0,0,0,0.0013998600139986,0,9.99900009999e-05,0,9.99900009999e-05,0,0,0,0.0275972402759724,0,0,0,0,0,0.0002999700029997,0,0,0,0,0,0.0008999100089991,0.0043995600439956,0,0,0,0,0,0.0002999700029997,0,0,0,0,0,0,0,0.0186981301869813,0,0,0,0,0,0,0.0001999800019998,0.0003999600039996,0.0026997300269973,0,0.0277972202779722,0.0018998100189981,0.0228977102289771,0.0006999300069993,0,0,0,0,0.000999900009999,0,0,0,0,0.0017998200179982,0.0236976302369763,0.0003999600039996,0,0.131686831316868,0,0,0,0,0,0.0002999700029997,0,0,0,0,0,0,0,0,0,0,0.0027997200279972,0.0004999500049995,0,0,0,0.0180981901809819,0.008999100089991,0,0.0006999300069993,0,0.000999900009999,0,0,0.0003999600039996,0,0,0,0,0,0.0040995900409959,0,0.0046995300469953,0.000999900009999,0,0,0,0.0001999800019998,0.0002999700029997,0.0032996700329967,0.0677932206779322,0,0,0.0174982501749825,0,0,0,0,0,0.0043995600439956,0.000999900009999,0,0,0,0,0.0031996800319968,0.0062993700629937,0,0,0,0.0118988101189881,0
0,0,0,0,0,0,0,0,9.99700089973008e-05,9.99700089973008e-05,0,0,0,9.99700089973008e-05,0.000299910026991902,0,0,0,0,0,0.00529841047685694,0.000199940017994602,0,0,0,0.129461161651505,0,0,0,0,0.0136958912326302,0,0,0.00439868039588124,0,0,0.000599820053983805,0.00879736079176247,0,0,0,0,0,0.00389883035089473,0,0.00239928021593522,0,0,0,0,0,0,0,0,0,0,0,0,0,0,0,0,0,0,0,0,0.00539838048585424,0,0,0,0.000299910026991902,0,0,0.00829751074677597,0,0,0,0,0,0.0151954413675897,0,0,0.0508847345796261,0,0.00609817054883535,0,0.00449865040487854,0,0,0.00139958012596221,0,0,0,0,0,0.000399880035989203,0,0,0.00599820053983805,0,0,0,0,0,0.000299910026991902,0,0.0186943916824953,0.235629311206638,0,0,0,0.00259922023392982,0,0.00309907027891633,0,0,0,0,0,0,0,0,0,0,0,0,0,0,9.99700089973008e-05,0,0.000499850044986504,0.0301909427171848,0,0,0,0,0.000699790062981106,0,0,0,0,0,0,0,0,0,0.00149955013495951,0,0,0,0.000399880035989203,0.00309907027891633,0,0,0,0,0,0,0.00529841047685694,0.00919724082775168,0,0,0,0.0819754073777867,0,0,0,0,0,0,0,0,0,0,0,0,0,0.000799760071978406,0.0119964010796761,0,0,0,0.000699790062981106,0,0,0,0,0,0,0,0,0.000399880035989203,0,0,0,0,0,0,0,0,0,0,9.99700089973008e-05,0,0,0.00179946016195141,0,0,0,0,0,0,0.000399880035989203,0,0.00219934019794062,0,0,0.000199940017994602,0.000499850044986504,0,0,0.00209937018894332,0,0,0,0,0,0,0.00269919024292712,0,0.00799760071978406,0,0,0.26701989403179,0,0,0,0,0,0,0,0,0,0,0,0,0,0,0,0,0,0.000399880035989203,0.00209937018894332,0,0.00899730080975707,0,0.000599820053983805,0,0.000599820053983805,0,0,0,0,0.00109967009897031,0,0,0,0,0,0.011296611016695,0,0.000799760071978406,0.000699790062981106,0,0,0,0,0,0.00279916025192442,0.00149955013495951,0,0,0.00279916025192442,0,0,0,0,0,0,0,0,0,0,0,0.000599820053983805,0,0.000199940017994602,0.00429871038688393,0,0.00119964010796761,0
0,0,0,0,0,0,0.000199920031987205,0,0,0,0,0,0,0,0.00469812075169932,0.00079968012794882,0.00109956017592963,0,0,0,0,0.00119952019192323,0,0.000699720111955218,0,0.0522790883646541,0.000199920031987205,0,0.00449820071971212,0.00139944022391044,0,0,0,0.00569772091163535,0,0,0.000499800079968013,0,9.99600159936026e-05,9.99600159936026e-05,0,0,0,0,0,9.99600159936026e-05,0,0,0,0,0,9.99600159936026e-05,0,0,0.00219912035185926,0,0,9.99600159936026e-05,0.00249900039984006,0,0,0,0,0.00109956017592963,0,0.000299880047980808,0,0.00229908036785286,0,0,0.000499800079968013,0,0.00119952019192323,0.00079968012794882,0,0.0203918432626949,0,0,0,0.000199920031987205,0,0.00299880047980808,0.00529788084766094,0,0,0.000199920031987205,0,0,0.000699720111955218,0.00269892043182727,0,0.00439824070371851,0.0247900839664134,0,0,0.00689724110355858,0.0453818472610956,0,0.00079968012794882,0,0,0.00189924030387845,9.99600159936026e-05,0,0.00109956017592963,0,0,0.378348660535786,0,0,0.00969612155137945,0,0.00549780087964814,0.00349860055977609,0,0,0,0,0.0131947221111555,0,0,0,0,0.000299880047980808,0.00209916033586565,0,9.99600159936026e-05,0,0,0,0.00139944022391044,0.00519792083166733,0,0,0,0,0.0186925229908037,0.00079968012794882,0.017093162734906,0,0.000299880047980808,0.000199920031987205,0.00129948020791683,0,0.0173930427828868,0,0,0.00149940023990404,0,0.0117952818872451,0.000199920031987205,0,0.00939624150339864,0,9.99600159936026e-05,0,0,0,0,0.00289884046381447,0,0.00109956017592963,0,0,0,0,0,0,0,0,0.000299880047980808,0,0,0.00039984006397441,0,0,0.00299880047980808,0.000199920031987205,0,0,0,0,0,0,0.000299880047980808,0,0.00299880047980808,0,0,0,0.000299880047980808,0.0037984806077569,9.99600159936026e-05,0,0,0,0,0,0,0,0,0,0,0.00649740103958417,0,0.00309876049580168,0,0,9.99600159936026e-05,0.000299880047980808,0,0,0,0.00039984006397441,0.000299880047980808,0.00269892043182727,0.00459816073570572,0,0.000499800079968013,0,0,0.00169932027189124,0,0,0,0,0,0,0.00109956017592963,0,0.000999600159936026,0,0.000899640143942423,0.0168932427029188,0,0,0,0,0,9.99600159936026e-05,0,0.00869652139144342,0,0,9.99600159936026e-05,0.00319872051179528,0,0.000999600159936026,0,0,0,0,0,0,0.00039984006397441,0.00039984006397441,0.000299880047980808,0,0,0,0,0,0,0.00189924030387845,0,0,0,0,0,0.100659736105558,0,0,0.0375849660135946,0,0,0,0,0,0.000199920031987205,0.0692722910835666,0,0,0.0104958016793283,0,0,0,0,9.99600159936026e-05,0,0.000699720111955218,0,0,0,0,0.00589764094362255,0,0.00229908036785286,0,0,0.000599760095961615,0
0,0.000699510342760068,0,0,0,0,9.9930048965724e-05,0,0,0,0,0,0,0,0,0,0.0020985310282802,0,0,0,0,0.000299790146897172,0,0,0,0,0,0,0,0,0.0309783151793744,0,0,0.00699510342760068,0,0,0.0228839812131508,0.00679524332966923,0.000399720195862896,0,0,0,0,0,0,0,0,0,0,0,0.00169881083241731,0,0,0,0,0,0,0,0,0.000299790146897172,0.000199860097931448,0,0,0,0,0,0.00239832117517738,0,0.000399720195862896,0.0049965024482862,0,0,9.9930048965724e-05,0,0,0,0,0,0,0.00139902068552014,0,0.000199860097931448,0.00589587288897772,0,0,0,0,0,0,0.00279804137104027,0.000399720195862896,0,0.0158888777855501,0,0,0.000599580293794344,0,0,0.000399720195862896,0,0,0,0,0,0,0.00049965024482862,0,0.0602578195263316,0,0.000799440391725792,0,0,9.9930048965724e-05,0,0,0,0,0,0.00159888078345158,0,0,0,0,9.9930048965724e-05,0,0,0,0,0,0,0,9.9930048965724e-05,0,0,0,0,0.00639552313380634,0,0,0,0.00109923053862296,0,0,0,0,0,0.000399720195862896,0,0,0,0,0,0,9.9930048965724e-05,0.00579594284001199,0,0,0,0,0,0,0,0,9.9930048965724e-05,0.00469671230138903,0,0,0,0,0,9.9930048965724e-05,0,0,0,0,9.9930048965724e-05,0,0.00139902068552014,0.0342760067952433,9.9930048965724e-05,0,0,0,0,0.00129909063655441,0,0,0,0,0,0.00099930048965724,0.00219846107724593,0,0.00129909063655441,0,0,0,0,0,0,0,0,0,0.0120915359248526,0,0.00119916058758869,0,0,0,0.00049965024482862,0,0,0,0.00049965024482862,0.00119916058758869,9.9930048965724e-05,0.00549615269311482,0.000299790146897172,0,0,0,9.9930048965724e-05,0,0,0,0,0,0,0,9.9930048965724e-05,0,0,0,0.0192864994503847,0,0,0,0,0,0,9.9930048965724e-05,0,0,0,0.00049965024482862,0,0,0,0,0,0,0,0.00119916058758869,0,0.000399720195862896,0.0107924452882982,0,0,0,0,0,0,0,9.9930048965724e-05,0,0,0,0,0.000699510342760068,0.638453082842011,0,0,0.00919356450484661,0,0,0,0,0,0.000399720195862896,0.0148895772958929,0,0,0.0409713200759468,0,0,9.9930048965724e-05,0,0,9.9930048965724e-05,0.00589587288897772,0,0.00049965024482862,0,0,0.000199860097931448,0,0.00189867093034876,0,0,0,0
0,0,0,0,0,0,9.99800039992002e-05,0,0,0,0,0,0,0.0236952609478104,9.99800039992002e-05,0.0002999400119976,0.000699860027994401,0,0,0,0,0.0030993801239752,0,0,0,0.223855228954209,0,0,0.0022995400919816,0,0,0,0,0.0030993801239752,0,0,0.0002999400119976,0.0187962407518496,0,9.99800039992002e-05,0.0001999600079984,0,0,0,0,0.0273945210957808,0,0,0,0,0,0,0,0,0,0,0,0.000599880023995201,0,0.0377924415116977,0,0,0,0,0,0,0,0,0,0.0677864427114577,0,0,0,0,0,9.99800039992002e-05,0,0.000399920015996801,0,0.00969806038792242,0,0.0012997400519896,0,0,0,0,0,0,0.0018996200759848,0,0.00389922015596881,0.0002999400119976,0.014497100579884,0,0,0,0.000399920015996801,0.000499900019996001,0.00249950009998,0,0.0017996400719856,0,0,0,0,0,0,0.018996200759848,0,0,0,0,0,0.00329934013197361,0,0,0,0,0.00459908018396321,0,0.0010997800439912,0,0.0002999400119976,0,0.0131973605278944,0,0,0,0,0,0.00719856028794241,0.001499700059988,0,0,0,0,0.000999800039992002,9.99800039992002e-05,0.00379924015196961,0,0.000599880023995201,0,0.0015996800639872,0,0,0,0,0,0,0,0.00249950009998,0,0,0,0,0,0,0,0,0,0,0,0,9.99800039992002e-05,0,0,0,0,0,0,0.000799840031993601,0,9.99800039992002e-05,0,0,0,0,9.99800039992002e-05,0,0,0,0,0,0,0,0,0,0,0,0,0,0.0158968206358728,9.99800039992002e-05,0,0,0,0,9.99800039992002e-05,0,0,0,0,0,0,0.0121975604879024,0.000999800039992002,0,0,9.99800039992002e-05,9.99800039992002e-05,0,0,0,0,0.0021995600879824,0,0.0120975804839032,0,0.0001999600079984,0,0.00409918016396721,0,0,0,0,0,0,0,0,0,0,0,0,0,0,0,0,0,0,0,0,0,0,0,0,0,9.99800039992002e-05,0,0,0,0,0,0,0,0,0,0.000499900019996001,0,0,0,0.0001999600079984,0,0,0.0011997600479904,0,0.0002999400119976,0,0,0,0.0016996600679864,0,0,0.0406918616276745,0,0,0,0.0001999600079984,0,9.99800039992002e-05,0.357428514297141,0,0,0.0163967206558688,0,0,0,0,0,0.00249950009998,0.00469906018796241,0,0,0,0.000399920015996801,0,0,0.0111977604479104,0,0,0.00529894021195761,0.000599880023995201
0,0,0.0003999600039996,0,0.0066993300669933,9.99900009999e-05,9.99900009999e-05,0.0025997400259974,0,0.0011998800119988,0.0001999800019998,0,0,0.0095990400959904,0,0,0.0033996600339966,0.0025997400259974,0,0,0.0181981801819818,0.005999400059994,0,0,0,0,9.99900009999e-05,0,0.0004999500049995,0.0003999600039996,0.0337966203379662,0,0,0.0084991500849915,0,0,0,0.0458954104589541,0,0,0,0,0,0,0,0.025997400259974,0,0.0005999400059994,0,0,0.0004999500049995,0.0134986501349865,0.0003999600039996,0,0.0031996800319968,0,0,0,0.0001999800019998,0.0177982201779822,0,0,0,0,0,0.0018998100189981,0.0030996900309969,0,0,0,0,0,0,0,0.0092990700929907,0.0001999800019998,0,0,0,0.0114988501149885,0,0.0025997400259974,0.0200979902009799,0,0.0168983101689831,0,0,0,0,0,0,0,0,0,0,0,0.0028997100289971,0,0.00999900009999,0,0,0,0,0,9.99900009999e-05,0.0005999400059994,0.0636936306369363,0,0.0226977302269773,0.0145985401459854,0,0,0,0.0054994500549945,0.0008999100089991,0,0,0,0.0123987601239876,0,0.000999900009999,0,0,9.99900009999e-05,0,0.0118988101189881,0,0,0,0,0.0041995800419958,0.0028997100289971,0,0,0,0,0,0,0.0004999500049995,0.0003999600039996,0.007999200079992,0,0,0,0,0,0.0061993800619938,0.0001999800019998,0,0,0.0058994100589941,0.0093990600939906,0,0,0,0,0,0,0,0.0030996900309969,0,0,0.0007999200079992,0.101489851014899,0,0,0,0,9.99900009999e-05,0,0.0004999500049995,0,0,0,0,0,0.0008999100089991,0.0017998200179982,0,0.0001999800019998,0.0017998200179982,0,0,9.99900009999e-05,0.0022997700229977,0,0,0,0,0,0.0021997800219978,0.0081991800819918,0,0.0008999100089991,0,0,0,0.0003999600039996,0.0011998800119988,0.0006999300069993,0,0,0,0.0331966803319668,0,0.0057994200579942,0.0015998400159984,0,0,0,0,0.0080991900809919,0,0,0,0,0.0144985501449855,0.0043995600439956,0,0,0,0.0003999600039996,0.0001999800019998,0,0,0,0.106889311068893,0,0,0.0026997300269973,0.0420957904209579,0.0001999800019998,0,0.0775922407759224,0,0,0.0001999800019998,0,0,0.0004999500049995,0.0007999200079992,0,0,0,0,0,0,0,0,0.0096990300969903,0,0.000999900009999,0.0163983601639836,0,0,0.0024997500249975,0.0005999400059994,0,0,9.99900009999e-05,0.0031996800319968,0,0,0.0003999600039996,9.99900009999e-05,0,0,0,0,0.0015998400159984,0,0.0088991100889911,0.0071992800719928,0,0,9.99900009999e-05,0.0014998500149985,0,0,0,0,0,0.0242975702429757,0,0,0,0,0,0.0087991200879912,0.0017998200179982,0,0,0,0,0,0.0002999700029997,0.000999900009999,0.0180981901809819,0,0.0143985601439856,0
0.0005999400059994,0,0,0.0036996300369963,0,0,0.0002999700029997,0,0,0,0,0,0,0,0.0030996900309969,0.0011998800119988,0.0006999300069993,0,0,0,0,0,0,0.0008999100089991,0,0.0805919408059194,0,0,0.0008999100089991,0.0018998100189981,0.0573942605739426,0,0,0,0,0,9.99900009999e-05,0,0,0,0,0,0,0,0,0,0,0,0,0,0.0007999200079992,0,0,0.000999900009999,0,0,0,0,0,0,0,0,0,0,0,0,0,0,0,0,0,0,0,0,0,0.0363963603639636,0,0,0,0,0,0,0,0,0,0,0,0,0.0008999100089991,0,0,0.0036996300369963,0.008999100089991,0,0,0,0,0,0,0,0,0.0061993800619938,0,0,0.0008999100089991,0,0,0.0096990300969903,0,0,0.0072992700729927,0,0,0,0,0.0001999800019998,0,0,0,0.004999500049995,0,0,0,0,0,0,0,0,0,0,0,0,0,0,0,0,0.0010998900109989,0.0018998100189981,0.0014998500149985,0,0.0033996600339966,0.0006999300069993,0,0,0,0,0,0,0.0010998900109989,0,0,0,0,0.0011998800119988,0.0002999700029997,0,0,0,0,0.0131986801319868,0,0.0010998900109989,0,0,0,0,0.0015998400159984,0,0,0.0011998800119988,0,0,0,0,0,0,0.0087991200879912,0,0,0,0,0,0,0,0,0,0,0,0,0,0,0.0105989401059894,0,0,0,0,0.0014998500149985,0,0,0,0,0.0090990900909909,0,0,0,0.0023997600239976,0,9.99900009999e-05,0,9.99900009999e-05,0,0,0,0,0,0,0,0,0.0027997200279972,0,0.0124987501249875,0,0,0,0,0,0,0,0,0,0,0,0.0030996900309969,0,0,0,0,0,0.0030996900309969,0,0,0,0,0,0,0.011998800119988,0.0027997200279972,0,0,0,0,0,0,9.99900009999e-05,0,0,0,0,0,0,0,0,0,0,0,0,0,0,0,0.126987301269873,0,0,0.0363963603639636,0,0.0016998300169983,0,0,0,0,0.427657234276572,0,0.0005999400059994,0.0542945705429457,0,0,0,0,0,0,0,0,0,0,0,0,0,0.003999600039996,0,0,0.0185981401859814,0
0,0,0,0.0002999700029997,0,0,0,0,0,0,0,0,0,0,9.99900009999e-05,0,0.0015998400159984,0,0,0,0,0,0,0,0,0.401759824017598,0,0,0.0013998600139986,0,0,0,0,0.0102989701029897,0,0,0,0,0,0,0,0,0,0,0.000999900009999,0,0,0,0,0,0,0,0,0,0,0,0,0,0,0,0,0,0,0,0,0,0.0027997200279972,0,0,0.0058994100589941,0,0,0,0.0005999400059994,0,0,0,0,0,0,0,0,0,0,0,0,0,0,0,0,0,0,0,0,0,0,0,0,0.0031996800319968,0,0,0,0,0,0,0,0,0.101389861013899,0,0,0,0,0,0.0210978902109789,0,0,0,0,0.014998500149985,0.0006999300069993,0,0,0.0003999600039996,0.0001999800019998,0.0057994200579942,0,0,0,0,0,0,0,0,0,0,0,0,0,0,0,0.0034996500349965,0,0,0,0,0,0,0,0,0,0.0020997900209979,0,0,0,0.0001999800019998,0,0,0,0,0.0103989601039896,0,0,0,0,0,0,0,0,0,0,0,0,0,0,0.0016998300169983,0,0,0,0,0,0,0,0,0,0,0,9.99900009999e-05,0,0,0,0,0.0137986201379862,0,0,0,0,0,0,0,0,0,0,0,0,0,0,0,0,0,0,0.0163983601639836,0,0,0,0,0,0,0,0,0,0,0,0,0,0,0,0,0,0,0,0,0,0,0.0165983401659834,0,0,0,0,0,0,0,0,0,0,0.0001999800019998,0,0,0,0,0,0,0,0,0,0,9.99900009999e-05,0.000999900009999,0,0,0,0,0,0,0,0,0,0,0,0,9.99900009999e-05,0,0,0.0131986801319868,0,0,0,0,0,0,0.317768223177682,0,0,0.0155984401559844,0.0001999800019998,0,0,0,0,0,0,0,0,0,0,0.0007999200079992,0,0.0048995100489951,0,0,0.0077992200779922,0
0,0,0,0.000499900019996001,0,0,0.000399920015996801,0,0,0,0.00409918016396721,0,0,0,0.000499900019996001,0,0.0118976204759048,0,0,0,0,0.00389922015596881,0,0,0,0.452009598080384,0,0,0.000699860027994401,0.000899820035992801,0,0,0,0.00789842031593681,0,0,0.0013997200559888,0.0253949210157968,0,0,0,0,0,0,0,0.00719856028794241,0,0,0,0,0,0,0,0.000499900019996001,0,0,0,0.0001999600079984,0,0.0001999600079984,0,0,0,0.000499900019996001,0,0,0,0,0.00709858028394321,0,0.0015996800639872,0,0,0,0,0,0,0,0,0.0011997600479904,0,0,0.0124975004999,0,0,0.0011997600479904,0,0,0,0.0021995600879824,0,0.00379924015196961,0.0017996400719856,0,0,0,0,0,0.0031993601279744,0,0,0.0027994401119776,0,0,0.0001999600079984,0,0,0.0686862627474505,0,0,0,0,0,0,0,0,0,9.99800039992002e-05,0.00369926014797041,0,0,0,0,0.000399920015996801,0.0112977404519096,0,0.000699860027994401,0,0,0,0,0,0,0.000399920015996801,0,0,0.0017996400719856,0,0,0,0.00619876024795041,0,0,0,0,0.000699860027994401,0.00349930013997201,0,0,0,0,0,0,0,0,0,0,0,0,0.0011997600479904,0,0,0,0,0,0,0,0,0,0,0.000799840031993601,0,0,0.000699860027994401,0,0,0,0,0.00879824035192961,0,0,0.0020995800839832,0,0,0.0027994401119776,0,0,0,0,0,0,0.0146970605878824,0,0,0,0,0,0,0,0,0,0,0,0,0,0.016996600679864,0,0,0,9.99800039992002e-05,0,0,0,0,0.00369926014797041,0,0,0,0.0510897820435913,0,0.00739852029594081,0,0,0,0,0,0,0,0.0178964207158568,0,0,0,0,0.0167966406718656,0,0,0,0.0001999600079984,0,0,0,0,0,0,0.0013997200559888,9.99800039992002e-05,0.0025994801039792,0,0,0,0,0,0.00439912017596481,0,0.0016996600679864,0.0026994601079784,0,0,0.000499900019996001,0,0.000399920015996801,0,0,0.000399920015996801,0,0,0,0,0.00369926014797041,0.0556888622275545,0,0.0023995200959808,0.0138972205558888,0,0,0,0,0,0.000499900019996001,0.0741851629674065,0,0,0.0153969206158768,0.000499900019996001,0,0,0,0,0,0.00509898020395921,0,0,0,0,0.000699860027994401,0,0.0001999600079984,0,0,0.01499700059988,0
0,0,0,0,0,0,0,0,0,0,0,0,0,0,0.0109021804360872,0,0,0,0,0,0,0,0,0,0,0.239547909581916,0,0,0.00740148029605921,0.0021004200840168,0.001000200040008,0.030506101220244,0,0.0029005801160232,0,0,0,0,0,0,0,0,0,0,0,0,0,0.0012002400480096,0,0,0.0001000200040008,0,0,0,0.00320064012802561,0,0,0,0,0,0,0,0,0,0,0,0,0,0,0,0,0,0,0.00340068013602721,0,0.175335067013403,0,0,0,0,0,0.0021004200840168,0.001000200040008,0,0,0.00320064012802561,0,0.00960192038407682,0,0.00460092018403681,0,0,0,0,0,0.000400080016003201,0.0019003800760152,0,0,0,0,0.001500300060012,0,0,0,0.0002000400080016,0.00920184036807361,0.000500100020004001,0,0,0,0,0,0.0178035607121424,0,0,0,0,0.0028005601120224,0.001500300060012,0,0,0,0,0.0138027605521104,0,0,0,0,0,0.002000400080016,0,0,0,0,0,0,0,0,0,0,0,0,0,0,0,0,0.0023004600920184,0,0,0.000800160032006401,0,0,0,0.0003000600120024,0,0,0,0,0,0,0,0,0,0,0,0,0,0,0,0,0,0.0002000400080016,0,0,0,0,0,0,0,0.0012002400480096,0,0,0,0,0,0,0,0,0,0,0.00400080016003201,0,0,0,0,0,0,0,0,0,0,0,0.0014002800560112,0.13502700540108,0.0013002600520104,0,0.000600120024004801,0,0,0,0,0,0.000400080016003201,0,0,0,0.00820164032806561,0,0,0,0,0,0,0,0,0,0,0,0,0,0.0002000400080016,0,0.018003600720144,0,0,0,0,0,0.000900180036007201,0,0,0.0278055611122224,0,0.0001000200040008,0,0,0,0,0,0,0,0,0,0,0.0002000400080016,0,0,0.001500300060012,0,0,0,0,0,0,0,0,0,0,0,0,0.0023004600920184,0.0838167633526705,0,0,0,0,0.003000600120024,0,0.0884176835367073,0,0,0.0138027605521104,0,0,0,0.00400080016003201,0,0,0.0291058211642328,0.0016003200640128,0,0,0,0,0,0,0.0138027605521104,0,0.00600120024004801,0
0,0,0,0,0,0.00139944022391044,9.99600159936026e-05,0,0,0,0.000299880047980808,9.99600159936026e-05,0,0.0174930027988804,0.00689724110355858,0.000299880047980808,0.00569772091163535,9.99600159936026e-05,0,0,0.00039984006397441,0.00159936025589764,0,9.99600159936026e-05,0,0.216613354658137,0,0,0.00249900039984006,0.000699720111955218,0.00339864054378249,0,0,0.0180927628948421,0,0,0,0.0107956817273091,0,0,0,0,0.0156937225109956,0,0,0.0237904838064774,0,9.99600159936026e-05,0,0,9.99600159936026e-05,0,0,0,0,0.000199920031987205,0,0,0,0.00129948020791683,0,0.00239904038384646,0,9.99600159936026e-05,0,0.00499800079968013,0.0038984406237505,0.00079968012794882,0,0,0.00189924030387845,9.99600159936026e-05,9.99600159936026e-05,0.00039984006397441,0,0,0,0.000199920031987205,0,0.00279888044782087,0,0.000899640143942423,0.0132946821271491,0,0.000999600159936026,0,0,0,0.00039984006397441,0.00739704118352659,0,0.00279888044782087,0.00159936025589764,0,0,0,0,0,0.00709716113554578,0,0,0,0,0.00129948020791683,0.000699720111955218,0,0.00899640143942423,0.000499800079968013,0,0,0,0,0,0.00489804078368653,0,0,0,0,0.00859656137544982,0.000299880047980808,0,0,0.00229908036785286,0.000599760095961615,0.00859656137544982,0,0,0.000899640143942423,0.000299880047980808,0,0,0.00559776089564174,0,0,0,0,0.00749700119952019,0,0,0,0.00079968012794882,0,0.000699720111955218,0,0.00429828068772491,0,0.000299880047980808,0,0,0,0.00039984006397441,0,0,0.00039984006397441,9.99600159936026e-05,0,0,0,0,0.00189924030387845,0,0,0,0.238304678128749,0,0,0,0,0,0,0.00159936025589764,9.99600159936026e-05,0.00859656137544982,0,0,0,9.99600159936026e-05,0.00209916033586565,0.0103958416633347,0,0,0,0,0,0.000599760095961615,0,9.99600159936026e-05,0,0,0,0,0.00329868052778888,0,0.000299880047980808,0,0,0,0,0,0,0.00119952019192323,0,0,0,0,0.000299880047980808,0,0,0.000199920031987205,0.000199920031987205,0.000199920031987205,0,0,0.000499800079968013,0.000999600159936026,0,0.00829668132746901,0.00109956017592963,9.99600159936026e-05,0,0,0.00319872051179528,0,0,0,0.00559776089564174,0,0,0.00829668132746901,0,0.00559776089564174,0,0,0.0156937225109956,0,0,9.99600159936026e-05,0,0,0.00139944022391044,0,0,0,0,9.99600159936026e-05,0.00479808076769292,0,9.99600159936026e-05,0,0,0,0,0.000299880047980808,0,9.99600159936026e-05,9.99600159936026e-05,0.000999600159936026,0,9.99600159936026e-05,0,9.99600159936026e-05,0,0,9.99600159936026e-05,0,0,0,0,0.00109956017592963,0.00429828068772491,0,0.00239904038384646,0.0164934026389444,0,0,0,0,9.99600159936026e-05,0.000199920031987205,0.17093162734906,0,0,0.017093162734906,0,0,0,0,0,0.00449820071971212,0.00189924030387845,0,0.000199920031987205,0,0,0.00299880047980808,0,0.00889644142343063,0,0,0.00369852059176329,0
0,0,9.99600159936026e-05,0,0,0,0.000999600159936026,0,0,0,0.000499800079968013,0,0,0,0.000899640143942423,0,0.00439824070371851,0.000899640143942423,0.00079968012794882,9.99600159936026e-05,0,0.00509796081567373,0,0,0.00279888044782087,9.99600159936026e-05,0,0,0.000999600159936026,0.00369852059176329,0.0230907636945222,0,0,0.00319872051179528,0.0103958416633347,0,0.00289884046381447,0,0,0.000499800079968013,0,0.0038984406237505,0,0,0,0.0169932027189124,0.0234906037584966,0,0,9.99600159936026e-05,0,0,0.000199920031987205,0.00039984006397441,0,0.00149940023990404,0,0.000199920031987205,0.00039984006397441,0.0479808076769292,0,0,9.99600159936026e-05,0.0208916433426629,0,0,0.00469812075169932,0.000299880047980808,0,0,0,0,0,0,0,0,0,0,0,0.0423830467812875,0,0.00229908036785286,0.0103958416633347,0,0,0,0,0,0.000199920031987205,0,0,0.00959616153538585,0.00189924030387845,0,0.00229908036785286,9.99600159936026e-05,0.000199920031987205,0,0,0,0.00229908036785286,0.000199920031987205,0,0,0,0,0,0.108156737305078,0,0,0.0114954018392643,0,0,0.0433826469412235,0,0.00039984006397441,0.00279888044782087,0.00139944022391044,0.0232906837265094,0,9.99600159936026e-05,0.00319872051179528,0.000199920031987205,0,0.00739704118352659,0,0,0.000999600159936026,9.99600159936026e-05,0,0.000599760095961615,9.99600159936026e-05,0,0.000499800079968013,9.99600159936026e-05,0,0.00079968012794882,0,0.000499800079968013,0,0.000199920031987205,0.000299880047980808,0.000599760095961615,0,0,0,0.00359856057576969,0,9.99600159936026e-05,0.00809676129548181,0.00209916033586565,0.00119952019192323,0.0039984006397441,0.00119952019192323,0,0,0,0.000299880047980808,0.00289884046381447,0,0,0.00079968012794882,0,0,0,0,0.00329868052778888,0,0,0.00249900039984006,0.000699720111955218,0,9.99600159936026e-05,0,0,0,0.00179928028788485,0.00809676129548181,0.0116953218712515,9.99600159936026e-05,0,0,0,0,0.00109956017592963,0.00199920031987205,0,0,0,0,0,0.0364854058376649,9.99600159936026e-05,0,0,0,0,0,0,0.00039984006397441,0,0,0,0,0,0.0037984806077569,0.000899640143942423,0.000299880047980808,0.000499800079968013,9.99600159936026e-05,0.00119952019192323,0,0,0,0.00569772091163535,0.00709716113554578,0.00319872051179528,0.0133946421431427,0.0146941223510596,0,0.000199920031987205,0,0,0,9.99600159936026e-05,0,0,0,0.000499800079968013,0,0.00619752099160336,0,0.00149940023990404,0.00759696121551379,0.000599760095961615,0,0.00869652139144342,0,0.00109956017592963,0.00349860055977609,0,0,0,0,0,0,0,0,0,0,0,9.99600159936026e-05,0,9.99600159936026e-05,0,0.0079968012794882,0.00079968012794882,0,0.00329868052778888,0.00199920031987205,9.99600159936026e-05,0,0,0.00079968012794882,0.00109956017592963,9.99600159936026e-05,0,0,0.00129948020791683,0.00129948020791683,0,0.00079968012794882,0.0135945621751299,0.0989604158336665,0.000299880047980808,0,0,0.000199920031987205,0.000199920031987205,0.17313074770092,0,0.000199920031987205,0.0439824070371851,0,0,0,0,0,0,0,0,0,0,0.000199920031987205,0,0,0.00219912035185926,0,0,0.0125949620151939,0
0,0,0,0,0,9.9930048965724e-05,9.9930048965724e-05,0.00179874088138303,0,0,0.000199860097931448,9.9930048965724e-05,9.9930048965724e-05,0.0215848905765964,0,0,0.00299790146897172,0,0,0,0,0.00419706205656041,0,0.00049965024482862,0,0.210152892974918,9.9930048965724e-05,0,0.00099930048965724,0,0.0218846807234936,0,0,0.00379734186069751,0,0,0.00309783151793744,0.00989307484760668,0,0,0,0,0,0,0,0.000399720195862896,0,9.9930048965724e-05,0,0,0,0,0,0,0.00369741181173179,0.000699510342760068,0,0,0,0.0298790846407515,0,0,9.9930048965724e-05,0,0,0,0,0,0,0,0.00599580293794344,0,0,0,0,0,9.9930048965724e-05,0,0,0.00739482362346358,9.9930048965724e-05,0,0.0155890876386529,0,0.00719496352553213,0,0.00569601279104627,0,0,0.00489657239932048,0,0.00049965024482862,0.000199860097931448,0,0,0,0,0,0.0020985310282802,0,0,0,0,0,9.9930048965724e-05,0,0,0.23603477565704,0,0,0,0,0,0.0141900669531328,0,9.9930048965724e-05,0,0,0.0247826521434996,0,0,0,0,9.9930048965724e-05,0.0286799240531628,0,0,0,0,0,9.9930048965724e-05,0.00129909063655441,0,9.9930048965724e-05,0,0,0.000599580293794344,0,0,0,0.00139902068552014,0,0,0,0,0,0.00139902068552014,0,0.000199860097931448,0,0.00299790146897172,0,0,0,9.9930048965724e-05,0,0,0,0,0.00139902068552014,0,0,0,0.000199860097931448,0,0,0,0,0,0,0.00129909063655441,0,0,0,0,0,0.000299790146897172,0.00049965024482862,0,0.000199860097931448,0,0,0,0,0.000799440391725792,0,0,0,0,9.9930048965724e-05,0,0.0201858698910762,0,0,0,0,0,9.9930048965724e-05,0,0,0,0,0,0,0,0.00519636254621765,9.9930048965724e-05,0,0,0.000199860097931448,0,0,0,0.000599580293794344,0.00269811132207455,0,0.00619566303587489,0.00319776156690317,0.0184870590586589,0,0.0185869891076247,0.0020985310282802,0.00619566303587489,0,0,0,0.000199860097931448,0,0.00279804137104027,0.000399720195862896,0.0248825821924653,0,0,0.0461676826221645,0,0,0.000699510342760068,0.00109923053862296,0,0,0,0,0,0,0,0,0,0,0,0,0,0.000199860097931448,0.00109923053862296,0,0.00659538323173778,0.00299790146897172,0.00119916058758869,0.000799440391725792,0.00169881083241731,0.00969321474967523,0.00099930048965724,0,0,0.0024982512241431,0,0,0,0,9.9930048965724e-05,0,9.9930048965724e-05,0.00269811132207455,0.000899370440691516,0,0,0,0,0,0.00469671230138903,0.0420705506145698,9.9930048965724e-05,9.9930048965724e-05,0.0335764964524833,0,0,0,0,0,0.00819426401518937,0.00169881083241731,0,0,0,0,0.0117917457779554,0.00369741181173179,0.00969321474967523,0,0,0.00949335465174378,0
0.0001998001998002,0,0,0,0,0,0,0,0,0,0,0,0,0,0.114185814185814,0,0,0,0,0,9.99000999000999e-05,0.0010989010989011,0,0,0,0.191008991008991,0,0,0.0012987012987013,0.004995004995005,9.99000999000999e-05,0,0,0.0210789210789211,0,0,0.0016983016983017,9.99000999000999e-05,0.0004995004995005,0,0,0,0,0.0004995004995005,0,0.0011988011988012,0.00579420579420579,9.99000999000999e-05,0,0,9.99000999000999e-05,0,0,9.99000999000999e-05,9.99000999000999e-05,0,0,0,9.99000999000999e-05,0.0002997002997003,0.0001998001998002,0,0,0,0,0,0.003996003996004,0,0.0015984015984016,0.0027972027972028,0.0011988011988012,0,0.0032967032967033,9.99000999000999e-05,0,0,0.0001998001998002,0.000599400599400599,0,0.0003996003996004,0,9.99000999000999e-05,0.0041958041958042,0.0001998001998002,0,0.104995004995005,0,9.99000999000999e-05,0,0.0025974025974026,0,0.0014985014985015,0,0,0,0,0,0,0,0,0,0,0,0,0.0014985014985015,0,0,0.0651348651348651,0,0.0210789210789211,0.0040959040959041,0,0,0.0002997002997003,0,0,0,0,0.0047952047952048,0,0,0,0,0,0.00749250749250749,0,0.000599400599400599,0,0,0,9.99000999000999e-05,0.000599400599400599,0,0,0,0.0001998001998002,0.0050949050949051,0,0.0001998001998002,0,0.0311688311688312,0,0,0,0,0,0.0011988011988012,0.0014985014985015,0,0,9.99000999000999e-05,0.000899100899100899,0,0,9.99000999000999e-05,0,0,0,0,0.0001998001998002,0,0.000899100899100899,0,0,0,0,0.0003996003996004,0,0,0,0.000899100899100899,0,0,0,0,0,0.0013986013986014,0.00719280719280719,9.99000999000999e-05,0,0,0,0,0,9.99000999000999e-05,0.001998001998002,0,0,0,0,0.001998001998002,0.0013986013986014,9.99000999000999e-05,9.99000999000999e-05,0,0,0,9.99000999000999e-05,0,9.99000999000999e-05,0,0,0,0.0050949050949051,0,0.0016983016983017,0.0003996003996004,0,0,0.0002997002997003,0,0.0037962037962038,0,9.99000999000999e-05,0.0001998001998002,0.000899100899100899,0.000799200799200799,0.0016983016983017,0.0216783216783217,0,0.00619380619380619,0.0018981018981019,0,0.000699300699300699,0.0004995004995005,0,0,0,0.0003996003996004,9.99000999000999e-05,9.99000999000999e-05,0.0044955044955045,0.000999000999000999,0.0659340659340659,0,0,0.000599400599400599,0,0.0010989010989011,0.00669330669330669,0,0.0012987012987013,0.0231768231768232,0,0,0.0031968031968032,0,0,0,0,0,9.99000999000999e-05,9.99000999000999e-05,0,0.0016983016983017,0.0206793206793207,0.0014985014985015,0,0,0,9.99000999000999e-05,0.0003996003996004,0,0.0001998001998002,0,0,0,0,0.00549450549450549,0.104795204795205,0,9.99000999000999e-05,0.0418581418581419,0.0002997002997003,0,9.99000999000999e-05,0,0.000899100899100899,9.99000999000999e-05,0.01998001998002,9.99000999000999e-05,9.99000999000999e-05,0.0038961038961039,0,0,0,0,0,0.0001998001998002,9.99000999000999e-05,0,0,0,0,0,0.0001998001998002,0.0027972027972028,0,0,0.0042957042957043,0
0,0,0,0,0,0,0,0,0,0,0,0,0,0,0.0015996800639872,0,0,0,0,0,0,0,0,0.0001999600079984,0,0.323935212957409,0,0,0,0.00349930013997201,0.0028994201159768,0,0,0.00499900019996001,0,0,0.000699860027994401,0,0,0,0,0.0013997200559888,0,0,0,0.0217956408718256,0,0,0,0,0,0.0016996600679864,0.0001999600079984,0.0001999600079984,0,0,0,0,0,0,0,0,0,0,0,0,0.018996200759848,0,0,0,0,0,0,0,0,0,0,0,0,0,0,0,0,0,0,0,0.0118976204759048,0,0,0,0,0,0.0135972805438912,0,0,0.0002999400119976,0,0,0,0,0,0.0002999400119976,0,0,0,0,0,0.16626674665067,0,0,0.0100979804039192,0,0,0.0312937412517496,0,0.0002999400119976,0,0.000699860027994401,0,0,0,0,0,0,0.0218956208758248,0,0,0,0,0,0,0,0,0.0002999400119976,0,0,0,0,0.000699860027994401,0,0.000499900019996001,0,0.001999600079984,0,0,0,0,0,0,0,0,0,0,0,0,0,0,0,0,0.00399920015996801,0,0,0,0,0,0,0.001499700059988,0,0,0,0,0,0,0,0.000699860027994401,0,0,0,0,0,0,0,0,0,0,0.00249950009998,0,0,0,0,0,0.00959808038392321,0.0001999600079984,0,0,0,0,0,0,0,0,0.00449910017996401,0,0,0,0.000399920015996801,0,0,0,0,0,0,0,0,0,0.000999800039992002,0,0,0.00459908018396321,0,0,0,0,0,0,0,0,0,0,0,0,0,0,0.0484903019396121,0,0,0,0,0.0028994201159768,0,0,0.0153969206158768,0,0,0.0002999400119976,0.0010997800439912,0,0,0,0,0,0,0,0,0.000699860027994401,0.00739852029594081,0,0,0,0,0,0,0,0,0,0,0,0,0,0.000899820035992801,0,0,0.0326934613077385,0,0,0,0,0,0.000499900019996001,0.196060787842432,0,0,0.0125974805038992,0,0,0,0,0,0,0,0,0,0,0,0.00369926014797041,0,0.0031993601279744,0,0,0.0027994401119776,0
0.00199860097931448,0,0,0,0,0,0,0,0,0,0,0,0,0,0.00219846107724593,0,0,0,0,0,0.00479664235035475,0.00099930048965724,0,0.00109923053862296,0,0.000199860097931448,0,0,0.00299790146897172,0.00309783151793744,0,0,0,0.0118916758269212,0,0,0.000599580293794344,0.0100929349455381,0,0,0,0,0,0.00549615269311482,0,0.0230838413110822,0,0,9.9930048965724e-05,0,0.000199860097931448,0,0,0,0.0049965024482862,0,0,9.9930048965724e-05,0,0.000799440391725792,0,0,0,0,0,0,0.0045967822524233,0,0.000299790146897172,0.00769461377036075,0,9.9930048965724e-05,0,0,0,0,0,0,0,0.00179874088138303,0,9.9930048965724e-05,0.0697511741780753,0,0,9.9930048965724e-05,9.9930048965724e-05,0,0,0.00389727190966324,0,0.000199860097931448,0,0,0,0,0,0,0.000399720195862896,0,0,0,0,0,0,9.9930048965724e-05,0.00839412411312082,0.515639052663136,0,0,0,0,0,0.00449685220345758,0,9.9930048965724e-05,0,0.000599580293794344,0.0143899270510643,0,0,0,0,9.9930048965724e-05,0.00399720195862896,0,0,9.9930048965724e-05,0,0,0.00299790146897172,0.00829419406415509,0,0,0.00439692215449186,0,0.000199860097931448,0,0.00579594284001199,0,0.0279804137104027,0,0,0,0.0045967822524233,0,0.000699510342760068,9.9930048965724e-05,0,0,0.00419706205656041,0,0,0.000199860097931448,9.9930048965724e-05,0,0,0,0,0,0,0,0,0,0,0,0,0,0,0.000299790146897172,0.000199860097931448,0,0,0,0,0,9.9930048965724e-05,0,0.0583591485959828,0,0,0,0,0,0.0024982512241431,0,0,0.00099930048965724,0,0,9.9930048965724e-05,0.000199860097931448,9.9930048965724e-05,0.00049965024482862,0,0,0,0,0,0,0,0,0,0,0,0.00899370440691516,9.9930048965724e-05,0,0,0.00649545318277206,0,0,0,0,9.9930048965724e-05,0,0.0403717397821525,0.0024982512241431,0.0147896472469272,0,0,0,0,0,0,0,0,0,0,0,0.00389727190966324,9.9930048965724e-05,0,0.0070950334765664,0,0,0,0,0,0.00479664235035475,9.9930048965724e-05,0,0,0,0.000199860097931448,0,9.9930048965724e-05,0,0,0,0,0,0.00279804137104027,9.9930048965724e-05,0.00099930048965724,9.9930048965724e-05,0.000199860097931448,0,0,0.000399720195862896,0,0,0,9.9930048965724e-05,0,0,0,0,0,0.0159888078345158,0,0,0.0265813930248826,0,0.000199860097931448,0,9.9930048965724e-05,0,0,0.0215848905765964,0,0,0,0,0,0,0,0,0.00099930048965724,0,0,0,0,0,0.00139902068552014,0,9.9930048965724e-05,0,0,0.00409713200759468,0
0,0,9.99100809271655e-05,0,0,0,0,0.00199820161854331,0,0,0,0.000499550404635828,0,0,0.000799280647417324,0,0.000299730242781497,0,0,0,0.000199820161854331,0.00219802178039764,0,9.99100809271655e-05,0,0.301228893995404,0,0,0.000299730242781497,0,0,0,0,0.00269757218503347,0,0,0,0,0,0,0.000399640323708662,0.000599460485562993,0.0687381356778899,0.00799280647417324,0,0,0,0,0,0,0,0.000699370566490159,0,0,0.00299730242781497,0,0,0,9.99100809271655e-05,0,0,0,0,0,0,0,0.00429613347986812,0,0,0,0.00359676291337796,0,0,0.00129883105205315,0,0,0,0,0,0,0,0,0,0,0,9.99100809271655e-05,0,0,0.000299730242781497,0.00159856129483465,0,0.000399640323708662,0.000399640323708662,0,0,9.99100809271655e-05,0.000299730242781497,0,0.00389649315615946,0,0,9.99100809271655e-05,0,0,0.000199820161854331,0,0,0.0763313018283545,0,0,0.0164851633529823,0,0,0.0910180837246478,0,0,0,0,0.00479568388450395,0,0,0,0.00199820161854331,0.00679388550304726,0.0129883105205315,0.00369667299430513,0,0.00189829153761615,0,0,0.00129883105205315,0.00179838145668898,0,0,0,0,9.99100809271655e-05,0.00089919072834449,0,0,0.000699370566490159,0,0.00129883105205315,0,0.00809271655510041,0,0,0,0,0,0,0,0,0,0,0,0,0,0.000999100809271655,0.00199820161854331,0,0,0,0,0,0,0.000399640323708662,0,0,0,0,0,0,0,0,0,0,0,0.00089919072834449,0,0,0,0,0,0,0,0,9.99100809271655e-05,0,0,0,0.0419622339894095,9.99100809271655e-05,0,0,0,0,0,0,0,9.99100809271655e-05,0,0,0,0,0.00109901089019882,0,0.000799280647417324,0,0,0,0.0107902887401339,0.000699370566490159,0,0,0,0.00329703267059646,0,0,0,0,0,0,0,0,0.000199820161854331,0,9.99100809271655e-05,0.0116894794684784,0,0.00209811169947048,0,0.000999100809271655,9.99100809271655e-05,0,0,0,0,0,0.0060945149365571,0,0.0145868718153662,0,0,0,0,0,0,0,0.00159856129483465,0,0,0,0,0,0,0.00109901089019882,0,0.00189829153761615,0.0183834548905985,0,0,0,0.00109901089019882,0,0,0,0,0,9.99100809271655e-05,0,0.00599460485562993,0.0507543211110001,0,0,0,0,9.99100809271655e-05,0,0.143970426616046,0,0.00229793186132481,0.00999100809271656,0,0,0,0,9.99100809271655e-05,0.000199820161854331,0,0,0,0,0,0.000699370566490159,0,0.000399640323708662,0,0,0.0234788690178839,0
0,0,0,0,0,0,0.0027002700270027,0,0,0,0,0,0,0,0,0,0,0,0,0,0,0,0,0.0001000100010001,0,0.117311731173117,0,0,0.0026002600260026,0.0003000300030003,0,0,0,0,0,0,0.0037003700370037,0,0,0,0,0,0,0,0,0,0,0,0,0,0,0,0,0,0,0,0,0,0,0,0,0,0,0,0,0,0.0142014201420142,0,0,0,0,0,0,0,0,0.0121012101210121,0,0,0,0,0,0,0.0251025102510251,0,0,0,0,0,0,0,0,0.0001000100010001,0.0003000300030003,0,0,0.0002000200020002,0.0009000900090009,0,0,0,0,0.0001000100010001,0,0,0,0,0,0.419241924192419,0,0,0,0,0,0,0,0.0002000200020002,0,0,0,0,0,0,0,0.0007000700070007,0,0,0,0,0,0,0,0,0,0,0,0,0,0.0001000100010001,0,0,0.0011001100110011,0,0,0,0,0,0,0,0,0,0,0,0,0,0,0,0,0,0,0,0,0,0,0,0,0,0,0.0005000500050005,0,0,0,0,0,0,0,0,0,0,0,0,0,0,0,0,0,0,0,0,0,0,0.0046004600460046,0,0.0004000400040004,0,0,0,0,0,0,0,0,0,0,0,0,0,0,0,0,0.0005000500050005,0,0,0,0,0,0,0,0,0.008000800080008,0,0,0,0,0,0,0,0,0,0,0,0,0,0,0,0,0,0,0,0,0,0,0,0,0,0,0,0,0,0,0,0,0,0,0,0,0,0,0,0,0,0,0,0,0.0005000500050005,0,0,0,0,0,0.0003000300030003,0,0,0.0185018501850185,0,0.0004000400040004,0,0,0,0,0.364636463646365,0,0,0,0,0,0,0,0.0006000600060006,0,0,0,0,0,0,0,0,0,0,0,0,0
0,0,0,0,0,0,9.99800039992002e-05,0,0,0,0,0,9.99800039992002e-05,0,0,0,0,0,0,0,0,0,0,0,0,0.249750049990002,0,0.0022995400919816,0.0001999600079984,0.0001999600079984,0,0,0,0,0,0,0,0,0,0,0,0,0,0,0,0,0,0,0,0,0,0,0,0,0,0,0,0,0,0,0,0,0,0,0,0,0,0,0,0,0,0,0,0,0,0.0001999600079984,0,0,0,0,0,0,0.000399920015996801,0,0,9.99800039992002e-05,0,0,0,0,0,0,0.0026994601079784,0,0,0,0.0010997800439912,0,0,0,0,0,0,0,0,0,0,0,0,0,0,0,0,0,0,0,0,0,0.0243951209758048,0,0,0,0,9.99800039992002e-05,0,0,0,0,0,0,0,0,0,0,0,0,0.00459908018396321,0,9.99800039992002e-05,0,0,0,0,0,0,0,0,0,0,0,0,0,0,0,0,0,0,0,0,0,0,0,0,0,0,9.99800039992002e-05,0,0,0,0,0,0.0011997600479904,0.0011997600479904,0,0,0,0,0,0,0,0,0,0,0,0,0,0,0,0,9.99800039992002e-05,0,0,0,0,0,0,0,0,0,0,0,0,0,0.00329934013197361,0,0.000399920015996801,0.001999600079984,0,0,9.99800039992002e-05,0,0,0,0,0,0,0,0,0.0120975804839032,0,0,0,0,0,0,0,0,0,0,0,0,0,0,0,0,0,0,0,0,9.99800039992002e-05,0,0,0,0,0,0,0,0,0,0,0,0,0,0,0,0,0,0,0,0,0,0,0,0.000499900019996001,0,0,0,0,0,0.0002999400119976,0,0,0.292141571685663,0,0,0,0,0,0,0.400119976004799,0,0,0,0,0,0,0,0,0,0,0,0,0,0,0,0,0,0,0,0,0
0,0,0,0,0,0,0.000100030009002701,0,0,0,0,0,0,0.000200060018005402,0.00860258077423227,0,0,0,0,0,0.00630189056717015,0.00540162048614584,0,0,0,0.286085825747724,0,0,0,0,0.00950285085525658,0,0.000100030009002701,0.00900270081024307,0,0,0,0,0,0,0,0,0,0.00220066019805942,0,0.00960288086425928,0,0.000700210063018906,0,0,0,0,0,0,0,0,0,0,0,0.0149044713414024,0,0,0.000100030009002701,0,0,0,0.00670201060318095,0,0,0.00360108032409723,0.00290087026107832,0,0,0,0,0,0,0,0,0.00150045013504051,0,0.000100030009002701,0,0,0,0.00120036010803241,0.000300090027008102,0.000300090027008102,0,0.00400120036010803,0.0373111933580074,0.00980294088226468,0.00140042012603781,0,0,0.000700210063018906,0,0,0.00150045013504051,0,0,0.00640192057617285,0,0,0,0,0,0.0245073522056617,0,0,0,0,0,0.0121036310893268,0,0.000800240072021606,0,0,0.0154046213864159,0,0,0,0,0.000200060018005402,0.0129038711613484,0,0,0,0,0,0,0,0,0.000100030009002701,0,0,0.0685205561668501,0,0,0,0.00470141042312694,0,0,0,0,0,0,0,0,0,0.00110033009902971,0,0,0,0,0,0,0,0.000600180054016205,0.00140042012603781,0,0,0,0,0,0.000100030009002701,0,0,0,0,0,0,0,0,0,0,0,0,0.0364109232769831,0.000100030009002701,0,0,0,0,0.000100030009002701,0.00270081024307292,0,0,0,0,0,0.00350105031509453,0.00120036010803241,0,0,0.000500150045013504,0.00100030009002701,0,0,0,0,0,0,0.0191057317195159,0,0,0,0,0.000400120036010803,0,0,0,0,0,0.00130039011703511,0,0.0187056116835051,0,0,0,0,0,0,0,0,0.00160048014404321,0,0,0.0121036310893268,0,0.00590177053115935,0,0,0.0963288986696009,0,0,0.000100030009002701,0,0,0.00190057017105132,0,0,0.00650195058517555,0,0.000700210063018906,0,0,0,0,0,0.0195058517555267,0,0,0,0.00100030009002701,0.000300090027008102,0.000500150045013504,0,0,0,0.000300090027008102,0,0,0,0,0,0,0,0,0.00130039011703511,0,0,0.0164049214764429,0,0.000700210063018906,0,0,0,0,0.121536460938281,0,0,0.016705011503451,0.00170051015304591,0,0,0,0.000100030009002701,0,0,0,0,0,0,0,0,0.00320096028808643,0,0,0.0336100830249075,0
0,0.00049965024482862,0,0,0,0,0.00339762166483462,0,0,0,0,0,0,0.0252823023883282,0.00309783151793744,0,0,9.9930048965724e-05,0,0,0,0.00309783151793744,0,0,0,0,0,0,0.00409713200759468,0,0,0,0,0.00129909063655441,0.000699510342760068,0.00329769161586889,0,0.0330768462076546,0,0,0,0,0,0,0,9.9930048965724e-05,0.0625562106525432,0,0,0,0,0,0,0,0,0,0,0,0,0.00239832117517738,0,0,0.000799440391725792,9.9930048965724e-05,0,0,0.00769461377036075,0,0,0.00529629259518337,0,0,0,0,0,0,0,0,0,0.002897971420006,0,0,0,0,0,0.000199860097931448,0,0,0,0,0,0.00469671230138903,0,0,0,0,0,9.9930048965724e-05,0,0,0.000199860097931448,0,0,0,9.9930048965724e-05,0,0,0.382832017587689,0,0,0,0.00299790146897172,0,0,0,0,9.9930048965724e-05,9.9930048965724e-05,0,9.9930048965724e-05,0,0.00109923053862296,0,0,0,0,0,0,0,0,0,0,0,0.000299790146897172,0,0,0.0398720895373239,0,0,0,0,0,0,0,0.000799440391725792,0,0,0,0,0.000899370440691516,9.9930048965724e-05,0,0.000399720195862896,0,0,0,0,0,0.0147896472469272,0,0,0,0,0,0,0,0,0,0,0.000399720195862896,0.000199860097931448,0,9.9930048965724e-05,0.0020985310282802,0,0,0,0.000199860097931448,0.00889377435794944,0,0,0,0,0,0,0,0,0,0,0,0,0,0.000299790146897172,0,0,0,0,0,0,0,0,0,0,0,0.0256820225841911,0.000299790146897172,0,0,0,0,0,0,0.00239832117517738,0,0,0,0.000199860097931448,0.00049965024482862,0,0,0.00479664235035475,0.00269811132207455,0,0,0,0,0,0,0,0,0.0053962226441491,0,9.9930048965724e-05,0.0196862196462476,0,9.9930048965724e-05,0.000299790146897172,0,0,0,0,0,0,0,0,0,0.00139902068552014,0.000599580293794344,0,0,0,0,0,0,0,9.9930048965724e-05,0,9.9930048965724e-05,0,0,9.9930048965724e-05,0,0,0.000899370440691516,0,0,0.000299790146897172,0,0.00169881083241731,0.126811232137504,0.000399720195862896,0,0.00099930048965724,0,0.00129909063655441,0,0,0,0.000199860097931448,0.170980313780354,0,0,0,0,0,0,0,0,0,0.00569601279104627,0,0,0,0.00269811132207455,0,0,0.000899370440691516,0,9.9930048965724e-05,0.000899370440691516,0
0,0,0,0,0,0,0.00669866026794641,0,0,0,0,0,0,0,9.99800039992002e-05,0.000499900019996001,0.0018996200759848,9.99800039992002e-05,0,0,0.0002999400119976,0.000399920015996801,0,0.000899820035992801,0,0.420615876824635,0.0001999600079984,0,0.000899820035992801,0.00999800039992002,0.00569886022795441,0,0,0.00429914017196561,0,0,0,0.00819836032793441,0.000699860027994401,0,0,0.00469906018796241,0.0257948410317936,0.00419916016796641,0,0.0012997400519896,0,0.0002999400119976,0.0001999600079984,0,0,0.00859828034393121,0.0002999400119976,0,0,0,0,0,0,0.00719856028794241,0.0002999400119976,0,9.99800039992002e-05,0.0001999600079984,0.0002999400119976,0,0.0157968406318736,0,0,0.00349930013997201,0.000899820035992801,0,0,0,0,0,0,0.0001999600079984,0,0.0013997200559888,0,0.000899820035992801,0.000799840031993601,0,0.0001999600079984,0.0001999600079984,0.0146970605878824,0,0,0.000499900019996001,0,0.0015996800639872,0.02249550089982,0,0,0.0011997600479904,0,0,0,0,0,0,0,0,0,0,0,0.00879824035192961,0,0.000999800039992002,0.00449910017996401,0,0,0.00369926014797041,0,0,0,0,0.00339932013597281,0,0,0,0,0,0.025494901019796,0,0,0,0,0,0.0010997800439912,9.99800039992002e-05,0,0,0,0,0.00629874025194961,0,0.000599880023995201,0,0.0030993801239752,0.0030993801239752,0.0016996600679864,0,0.013497300539892,0,0.001999600079984,0,0,0,0.000399920015996801,0,0,0,0,0,0,0,0,0.00979804039192162,0,0.000999800039992002,0,0,0,0,0.000399920015996801,0,0,0,0.000699860027994401,0,0,0,0,0,0.0022995400919816,0.000799840031993601,0.0107978404319136,0,0,0,0,0,0.0012997400519896,0,0,0,0,0,0,0.00489902019596081,0,9.99800039992002e-05,0,0,0,0,0,0,0,0,0,0.00779844031193761,0,0.000599880023995201,0.0001999600079984,0,9.99800039992002e-05,0.000399920015996801,0,0,0,0,0,0.00249950009998,0.0018996200759848,0.000499900019996001,0.0277944411117776,0.0002999400119976,0.0002999400119976,0.00549890021995601,0,0,0,0,0,0,0.000399920015996801,0,0.000599880023995201,0,0,0.00569886022795441,0,0,0,0,0.000499900019996001,0.0001999600079984,0,0.0018996200759848,0,0,0.0002999400119976,9.99800039992002e-05,0,0,0,0,0,0.000399920015996801,0.0010997800439912,0,0.000499900019996001,0.0021995600879824,0.0002999400119976,0,0,0,0,0,0,0.0010997800439912,0,0,0,0,0,0.0013997200559888,0,0,0.00969806038792242,0,9.99800039992002e-05,0,0,0,0.000599880023995201,0.197960407918416,0,0,0.0178964207158568,0,0,0,0,0,0,0.00729854029194161,0,0,0,0,0,0.000399920015996801,0.00409918016396721,0,0,0.00709858028394321,0
0,0,9.99600159936026e-05,0,0,0,0,0,0,0,0,0,0,0.000299880047980808,0.00189924030387845,9.99600159936026e-05,0,0,0,0,0,0.00109956017592963,0,0,0,0.348960415833667,0,0,0.00149940023990404,0,0,0,0.00299880047980808,0.0210915633746501,0,0,0.00329868052778888,0.000499800079968013,0,0,0,0,0,0,0,0.0383846461415434,0,0,0,0,0,0,0,0,0,0,0,0.000199920031987205,0,0,0,0,0,0,0.00519792083166733,0,0,0,0,0.0189924030387845,0,0,0,0,0,0,0,0,0,0,0,0,0,0,0,9.99600159936026e-05,0.000199920031987205,0,0,0.00369852059176329,0,0.000999600159936026,0.00079968012794882,0,0,0.000699720111955218,0,0,0.00369852059176329,0,0,0.00319872051179528,0,0,0,0,0,0,0,0,0,0,0,0,0,0,0,0,0.0105957616953219,0,0,0,0,0,0.0333866453418633,0,0,0,0,0,0,0,0,9.99600159936026e-05,0,0,9.99600159936026e-05,0,0,0,0.000199920031987205,0,0,0,0,0,0.00109956017592963,0,0,0,0.00249900039984006,0,0,0,0,0,0,0,0,0,0,0,0,0,0,0,0,0,0,0,0,0,0,0,0.00669732107157137,0,0,0,0,9.99600159936026e-05,0,0,0,0,0,0,0,0,0,0,0,0.00329868052778888,9.99600159936026e-05,0.00169932027189124,0,0.000199920031987205,0,0,0,0,0,0,0,0,0,0.00079968012794882,0.000299880047980808,0,0,0.00109956017592963,0,0,0,0,0,0,0,0,0.000199920031987205,0,0.055577768892443,0.00619752099160336,0,0,0,0.00549780087964814,0,0,0,0,0.0154938024790084,0,0,0.0318872451019592,0,0,0,0.000199920031987205,0,0.00369852059176329,0,0,0,0,0,0,0,0.00179928028788485,0,0,0.00509796081567373,9.99600159936026e-05,0,0,0,9.99600159936026e-05,0.00109956017592963,0,0,0.00549780087964814,9.99600159936026e-05,0,0,0,0,0,0,0.0037984806077569,0,0,0,0,0.0479808076769292,0,9.99600159936026e-05,0,0,0,0,0.252998800479808,0,0,0.0206917233106757,0.000199920031987205,0,0.000199920031987205,0,0,0,0,0,0,0,0,0.00299880047980808,0,0.00039984006397441,0,0.00279888044782087,0.0128948420631747,0.00209916033586565
0,0,0,0,0.000799440391725792,0,0,0.00139902068552014,0,0,0.000299790146897172,0.000799440391725792,0,0,0,0.000199860097931448,0,0,0,0,0.0020985310282802,0.002897971420006,0,0.0049965024482862,0,0.000299790146897172,0,0,0.0119916058758869,0.00139902068552014,0.00519636254621765,0,0.000299790146897172,0.00179874088138303,0,0,0.00319776156690317,0.0174877585690017,0,9.9930048965724e-05,0,0,0,0.00719496352553213,0,0.0159888078345158,0,0,0,0,0.00099930048965724,0,9.9930048965724e-05,0.000399720195862896,0.00099930048965724,0,0.000599580293794344,0,0,0.00479664235035475,0,0,0,0,0,0,0.0351753772359348,0,0,0,0.00189867093034876,0,0,0.00149895073448586,0,0,0.000199860097931448,0,0,0.0312781053262716,0,0,0.0149895073448586,0,0.0128909763165784,0.000399720195862896,0.000299790146897172,0,0,0.00199860097931448,0,0.00049965024482862,0.00529629259518337,0,0.00099930048965724,0,0,9.9930048965724e-05,0.00989307484760668,0,0,0,0,0.00429699210552613,0.000199860097931448,0,0,0.336164684720695,0,0,0,0.000299790146897172,0,0.000399720195862896,0,0.000199860097931448,0,0,0.011591885680024,0,0,0,0,9.9930048965724e-05,0.00229839112621165,0,0,0,9.9930048965724e-05,0,0.00159888078345158,0.0134905566103727,0,0.000399720195862896,0,0,0.000799440391725792,9.9930048965724e-05,0,0,0.00329769161586889,0,0,9.9930048965724e-05,0,0,0.00409713200759468,0,0,0.000699510342760068,0.00159888078345158,0.0049965024482862,0,0,0,0,0,0,0,0.0239832117517738,0,9.9930048965724e-05,0,0,0,0,0,0,0,0.00149895073448586,0,0,0,0,0,0,0,0.00629559308484061,0,0,0,0,0,0.000199860097931448,0.000399720195862896,0,0,0,0,0,0,0.00339762166483462,0,0,0,0.00049965024482862,0.00049965024482862,9.9930048965724e-05,0,0,0,0,0,0.000199860097931448,0,0.00279804137104027,0,0,9.9930048965724e-05,0.00159888078345158,0,0,0,0.00109923053862296,0.000299790146897172,9.9930048965724e-05,0.0145897871489957,0.00259818127310882,0.0049965024482862,0,0.00889377435794944,0.00229839112621165,0,0,0,0.000199860097931448,0.0153892275407215,0,0.00339762166483462,0.00379734186069751,0.0049965024482862,0.00099930048965724,0.000599580293794344,0.0330768462076546,0,0,0.000199860097931448,0,0,0.00219846107724593,0,0,0,9.9930048965724e-05,0,0,0,0,0,0,0.0223843309683222,0,0.000599580293794344,0,0.00409713200759468,0.000899370440691516,0.000399720195862896,0,0.000599580293794344,0.000899370440691516,0.000699510342760068,0,0,0.00139902068552014,0.000199860097931448,0,0,0,0,0.145897871489957,0.00489657239932048,0.00609573298690916,0,0,0,0,0,0,0.000399720195862896,0.0332767063055861,0.000399720195862896,0,0.0130908364145098,0,0,0,0,0,0.020985310282802,0.00099930048965724,0,0,0,0,0.000799440391725792,0.00659538323173778,0,0,0,0.00179874088138303,0.00049965024482862
0,0,0,0,0,0,9.99800039992002e-05,0,0,0,0,0,0,0.000599880023995201,0.00709858028394321,0,0,0,0,0,0,0.001499700059988,0,0.000599880023995201,0,0,0,0,0.000899820035992801,0,0,0,0,0.025994801039792,0,0,0.000499900019996001,0.000399920015996801,0,0,0,0,9.99800039992002e-05,0,0,0.0180963807238552,0,0,0.000399920015996801,0,0,0,0,0,0,0,0,0.000699860027994401,0,0.0376924615076985,0,0.00759848030393921,0.0001999600079984,0,0.0002999400119976,0,0.00419916016796641,0,0.000399920015996801,0.0323935212957408,0,9.99800039992002e-05,0,0,0,0.0002999400119976,0,0.0002999400119976,0,0.0011997600479904,0,0,0.0022995400919816,0,0.000399920015996801,0.00659868026394721,0,0,0,0,0,0.00769846030793841,0.000899820035992801,0,0,0,0,0,0,0,0,0.0329934013197361,0,0,0.0002999400119976,0,0,0.0604879024195161,0.000399920015996801,0.00409918016396721,0,0,0,0.013497300539892,0,0,0,0.000999800039992002,0.0295940811837632,0,0,0,0,0.000499900019996001,0.0132973405318936,0.0163967206558688,0,0,0,0,0.0001999600079984,0,0,0,0.0030993801239752,0,0.0020995800839832,0,0.0228954209158168,0,0.00469906018796241,0,0.0001999600079984,0,0.00519896020795841,0.00459908018396321,0.0031993601279744,0,0,0.00419916016796641,0.0015996800639872,0,0,0,0.0001999600079984,0,0,0,0,0.000799840031993601,0,0,0,0,0,0,0,0,0.000599880023995201,0,0.0002999400119976,0.000399920015996801,0,0,0,0,0,0,0.0469906018796241,0,0,0,0,0,0.000499900019996001,0,0,0,0,0,0,0,9.99800039992002e-05,0.0002999400119976,0,0,0,9.99800039992002e-05,0,0,0,0,0,0.0332933413317337,0,0.0167966406718656,0.000999800039992002,0,0.0012997400519896,0.0002999400119976,0,0,0,0,0.00419916016796641,9.99800039992002e-05,0.0249950009998,0,0.000499900019996001,0,0,0.00699860027994401,0,0,0,0.00799840031993601,0,0,0,0,0,0,0,0.0854829034193161,0,0,0,9.99800039992002e-05,0,0.00949810037992401,0,0,0,0,0,0.00849830033993201,0.00399920015996801,0,0,0,0,0,0,0,0,0.0195960807838432,0.00829834033193361,0,0,0,0.000799840031993601,0,0,0.000699860027994401,0,0,0,0,0.000399920015996801,0,0,0,0,0,0,0,0.0017996400719856,0,0.0002999400119976,0.291141771645671,0,0,0.0308938212357528,0,0,0,0,0,0,0,0,0,0,0,0,0,0.002999400119976,0,0,0,0.00359928014397121
0,0,0,0,0,0,0.000499700179892065,0,0,0,0.000799520287827304,0.000499700179892065,0,0.0243853687787328,0.000999400359784129,0,0,0,0,0,0.00679592244653208,0.00189886068358985,0.000599640215870478,0.000699580251848891,0,0.01259244453328,0,0,0.0387767339596242,0,0.000299820107935239,0,0,0.000199880071956826,0.0216869878073156,0.030981411153308,0.00639616230261843,0.00859484309414351,0,0,0,0,0,0.00159904057565461,0.000699580251848891,0.000799520287827304,0,0,0,0,0,0.000699580251848891,0,0,0,0,0,0,0,0.000799520287827304,0,9.9940035978413e-05,0.00159904057565461,0.0434739156506096,0,0.000199880071956826,0.00289826104337398,0,9.9940035978413e-05,0,0,0,0,0,0,0,0,0,0,0,0,0.000699580251848891,0.000299820107935239,0,0.00719568259044573,0.000299820107935239,9.9940035978413e-05,0.00239856086348191,0.000399760143913652,0.00159904057565461,0,0.00169898061163302,0.0152908255046972,0,0,0.000499700179892065,0,0,0,0,0.00969418348990606,0.00379772136717969,0,0.0076953827703378,0.000199880071956826,0,0.00329802118728763,0.352988207075755,0,0,0.0238856685988407,0,0,0.00129922046771937,0.000299820107935239,0,0,0.0119928043174096,0.0177893264041575,0,0,0,0,0.000799520287827304,0.00629622226664002,0,0,0,0,0.0030981411153308,0.00189886068358985,0,0,0.00109934039576254,0,9.9940035978413e-05,0.00529682190685589,0,0,0,0,0,0,0,0,0,0,0,0,0,0.000799520287827304,0,0,0,9.9940035978413e-05,0,0,0.000699580251848891,0.0475714571257246,9.9940035978413e-05,0,0,0,0,0,0,0,0,0,0.00279832100739556,0,0,9.9940035978413e-05,0,0,0.0022986208275035,0,0,0.00129922046771937,0,0,0,0,0,0,0.00149910053967619,0,0,0,0.00429742154707176,0,0.0112932240655607,0,0,0,0.000299820107935239,0.00189886068358985,0,0,0,0,0,0,0,9.9940035978413e-05,0.0109934039576254,0.000299820107935239,0,0,0.00599640215870478,0,0,0,0,0,0,0.000199880071956826,0,0,0,0,0.000199880071956826,0,0,0,0.000199880071956826,0,0,0.00319808115130921,0,0.00299820107935239,0.0022986208275035,0,9.9940035978413e-05,0,0.000199880071956826,0,0,0,0,0,0.00299820107935239,0.00879472316610034,0,0.000199880071956826,0,0,0,0,0,0,0,0,0,0,0.000799520287827304,0,0,0,0.000599640215870478,0,0,0,0,0,0,0,0.0257845292824305,0.0126923845692584,0.0547671397161703,0,0,0.0363781730961423,0,0.0167899260443734,0,0,0,0.000299820107935239,0.0438736757945233,0,0,0.00119928043174096,0,0,9.9940035978413e-05,0,0,0.000499700179892065,0,0,0,0,0,9.9940035978413e-05,0,0,0,0,0.000599640215870478,0
0,9.99500249875062e-05,0,0,0,0,9.99500249875062e-05,0,0,0,0,0,0,9.99500249875062e-05,0.000199900049975012,0,0.000599700149925037,0,0,0,0,9.99500249875062e-05,0,0,0,0.0391804097951024,0,0,0,0,0,0,0,0.000899550224887556,0,0,9.99500249875062e-05,0,0,0,0,0,0,0,0,0,0,0,0,0,0.000199900049975012,0,0,0,0,0,0,0,0,0.000599700149925037,0,0,0,9.99500249875062e-05,0,0,0.016191904047976,0,0,0.00569715142428786,0.000199900049975012,0,0,0,0,0,0,0,0,9.99500249875062e-05,0,9.99500249875062e-05,0,0,0,0,0,0,0,0,0,0,0.00299850074962519,0,0,0,0,0,0,0,0,0.00449775112443778,0,0,0,0,0,0.233183408295852,0,0,9.99500249875062e-05,0,0,0,0,9.99500249875062e-05,0,0,0.0063968015992004,9.99500249875062e-05,9.99500249875062e-05,0,0,0.0031984007996002,0,0,0.00279860069965018,0,0,0,0,0,0,9.99500249875062e-05,0,0,0.0015992003998001,0,0,0,0.0467766116941529,0,0,0,0,0,0,0,0,0,0,0,0,0,0,0,0,0,0,0,0,0,0,0,0,0,0,0,0,0,9.99500249875062e-05,0,0,0,0,0,0,0,0,0,0,0,0,0,0,0,0,0,0,0,0,0,0,0,0,0,0.000399800099950025,0,0,0,0,0,0,0,0,0,0,0,9.99500249875062e-05,0,0,0,0,0,0,0,0.00419790104947526,0,0.00279860069965018,0,0,0,0,0,0,0,0,0,0,0,0,0,0,0.0156921539230385,0,0,0,0,0,0,0,0,0,0,0.00859570214892554,0.000699650174912544,0,0,0,0,0,0,0,0,0,0,0,0,0,0,0,0,9.99500249875062e-05,0,0,0,0,0,0,0.599900049975012,0,0,0,0,0,0,0,0,0,0,0,0,0,0,0,0,0,0,0,0,0,0,0,0,0,0,0.000899550224887556,0,0,0,0
0,0,0,0,0.000599700149925037,0,9.99500249875062e-05,0.00169915042478761,0,0,0,0.000199900049975012,0,0.0509745127436282,0.00109945027486257,0,0,0,0,0,0.00469765117441279,0,0.000199900049975012,0,0.000399800099950025,0.102648675662169,0,0,9.99500249875062e-05,0,0,0,0,0,0,0,0.00189905047476262,0.00609695152423788,0,9.99500249875062e-05,0,0.00229885057471264,0.0707646176911544,0.0130934532733633,0,0.0152923538230885,0,0,0,0,0,0.00669665167416292,0,0.000399800099950025,0,0,0,9.99500249875062e-05,0,0.0344827586206897,0,0.00079960019990005,0,9.99500249875062e-05,0,0.00789605197401299,0.00569715142428786,0,0.00119940029985007,0.00789605197401299,0.00309845077461269,9.99500249875062e-05,9.99500249875062e-05,0.00219890054972514,0,9.99500249875062e-05,0,0,0,0.0178910544727636,0,0.000999500249875062,0.00619690154922539,0,0.00179910044977511,0,0,0,0.000299850074962519,0,0,0,0,0,0,0,0,0,0.00509745127436282,0,0,0,9.99500249875062e-05,0,0.000199900049975012,0,0.000599700149925037,0.0262868565717141,0.00279860069965018,9.99500249875062e-05,0.000999500249875062,0,0,0.00249875062468766,0.000399800099950025,0,9.99500249875062e-05,0.00129935032483758,0.0137931034482759,0,0.000199900049975012,0,0,9.99500249875062e-05,0,0,0,0,0,0,0.000899550224887556,0.0199900049975013,0,0,0,0,0.00109945027486257,0,0.00079960019990005,0,0.000399800099950025,0.000299850074962519,0,0,0,0,0.000499750124937531,0,0,0.00119940029985007,0.000499750124937531,0.00649675162418791,0,9.99500249875062e-05,9.99500249875062e-05,0,0,0,0,0.00199900049975012,0,0.000299850074962519,0,0.0499750124937531,0,0,0.000499750124937531,0,0,9.99500249875062e-05,0.00249875062468766,0.00079960019990005,9.99500249875062e-05,0,0,0,0.00179910044977511,0.00079960019990005,0.0284857571214393,0,0,0.00199900049975012,0,0,0.000499750124937531,0,0,0,0,0,0,0.00239880059970015,0,0,0.00999500249875063,0,0,0.000299850074962519,0,0,0.00689655172413793,0,0,0,9.99500249875062e-05,0.000199900049975012,9.99500249875062e-05,0,0,0,0,0,0,0,0,0.000599700149925037,0.0256871564217891,0,0,0,0.00309845077461269,0.00259870064967516,0,0,0,0,0.000199900049975012,0,0.00829585207396302,0.00219890054972514,0.0126936531734133,0.00129935032483758,0.00139930034982509,0.0296851574212894,0,9.99500249875062e-05,0,0,0.00199900049975012,0,0,0.0112943528235882,0,0,0,0,0,0,0.000599700149925037,0,0,0,0,9.99500249875062e-05,0,0.000299850074962519,0,0,0,0,0,0,9.99500249875062e-05,0.000399800099950025,0.00119940029985007,0,0,0,0.00119940029985007,0.00149925037481259,0,0,0.0120939530234883,0,0,0,0,0.000199900049975012,0.000899550224887556,0.233983008495752,0,0,0.0291854072963518,0,0,0.0112943528235882,0,0,0.00179910044977511,0,0,0.0111944027986007,0,0,0.0164917541229385,0,0,0,0,0.00919540229885057,0
0,0,0,0,0,0,0.000199900049975012,0,0,0,0.000299850074962519,0,0,0,0.000199900049975012,0.000299850074962519,0,0,0,0,0,0,9.99500249875062e-05,0,0,0.55232383808096,0,0,0.000399800099950025,0.00299850074962519,0,0,0,0,0.000999500249875062,0,0.000299850074962519,0,0,0,0,0.00079960019990005,0,0.00949525237381309,0.00519740129935032,0,0,0,9.99500249875062e-05,0,0,0.00219890054972514,0,0,0,0,0,9.99500249875062e-05,0,0,0,0,0,0,0,0,0,0.000299850074962519,0,0,0,0,0,0,0,0.00949525237381309,0,0,0,0,0.000399800099950025,0.00079960019990005,0,0,0,0.000699650174912544,0,0,0.00249875062468766,0,0,0,0.00499750124937531,0,0,0.000499750124937531,0.000999500249875062,0,0,0,0.00229885057471264,0.000399800099950025,9.99500249875062e-05,0.00939530234882559,0,0,0,0,0,0,0.0149925037481259,0,0,0,0,0,0,0.00399800099950025,0,0,0,0,0,0.000599700149925037,0.0047976011994003,0,0,0.00199900049975012,0,0,0,0,0,0,0.00079960019990005,0.000899550224887556,0.000699650174912544,0,0,0,0.00589705147426287,0.000599700149925037,0.00349825087456272,0,0.00119940029985007,0.00869565217391304,0,0,0,0,0,0,0,0,9.99500249875062e-05,0,0,0,0,0,0,0.00139930034982509,0.00169915042478761,0,0,9.99500249875062e-05,0,0,0,0.00309845077461269,0,0,0.148125937031484,0,0,0,0,0,0,0,0,0.00079960019990005,0,0,0,0.000299850074962519,0,0,0,0.00229885057471264,0,0.00679660169915042,9.99500249875062e-05,0,0,0.000299850074962519,0,0,0,0,0,0.00199900049975012,0,9.99500249875062e-05,0,0,0.000299850074962519,0.0015992003998001,0,0.000299850074962519,0,0,0,0,0,0,0,0.000599700149925037,0.0111944027986007,0,0.00609695152423788,0,0,0.00929535232383808,0,0,0,0,0,0,0,0.0031984007996002,0.00139930034982509,0.0249875062468766,0,0,0,0,0.00309845077461269,0.00839580209895052,0,0.00569715142428786,0,0,0,0,0,0,0,0,0,0,0,0,0,0,0,0,0,0,0,0,0,0,0,0.000199900049975012,0,0,0,0.0141929035482259,0,0,0.0700649675162419,0,0.00389805097451274,0,0,0.000499750124937531,0,0,0,0,0.00929535232383808,0,0,0,0.000499750124937531,0,0,0,0,9.99500249875062e-05,0,0.000299850074962519,0,0,0,0,0,0,0
0,0,0,0,0,0,0,0.00210063018905672,0,0,0,0.000500150045013504,0,0.00770231069320796,0,0,0,0,0,0,0.00340102030609183,0.00140042012603781,0,0,0,0.000100030009002701,0,0,0.00290087026107832,0,0.0237071121336401,0,0,0.00620186055816745,0,0,0.00180054016204861,0.00800240072021607,0.000200060018005402,0,0,0.000800240072021606,0.0319095728718616,0.00240072021606482,0,0.000300090027008102,0,0,0,0,0,0.000600180054016205,0.000200060018005402,0,0.000800240072021606,0,0,0,0.000300090027008102,0.00830249074722417,0,0,0.000100030009002701,0,0.000200060018005402,0.000100030009002701,0.00220066019805942,0,0,0,0.00180054016204861,0,0.00400120036010803,0.00220066019805942,0,0,0,0,0,0.00230069020706212,0.000700210063018906,0,0,0,0.00550165049514854,0,0.000100030009002701,0,0.00160048014404321,0.0392117635290587,0,0,0.00300090027008102,0,0.00800240072021607,0.0166049814944483,0,0,0.0145043513053916,0,0.00220066019805942,0.000500150045013504,0,0,0.000100030009002701,0.00210063018905672,0,0.0525157547264179,0.000900270081024307,0,0,0,0,0.0148044413323997,0.000300090027008102,0,0,0.000600180054016205,0.00360108032409723,0,0,0.00530159047714314,0,0,0.00830249074722417,0.000200060018005402,0,0,0,0,0.00530159047714314,0.0291087326197859,0,0,0,0,0.000600180054016205,0.000200060018005402,0,0,0.000100030009002701,0,0.00110033009902971,0,0.00230069020706212,0,0.00230069020706212,0,0,0,0.000500150045013504,0,0,0,0.000100030009002701,0,0,0,0.00300090027008102,0.00580174052215665,0,0,0.000900270081024307,0,0,0,0,0,0,0,0.000900270081024307,0,0,0,0,0,0,0,0.0145043513053916,0,0,0,0,0,0.00150045013504051,0,0,0,0,0,0,0.00860258077423227,0.00270081024307292,0,0,0,0,0,0,0,0.000100030009002701,0,0,0,0,0.00200060018005402,0.000100030009002701,0,0,0.00110033009902971,0,0,0,0,0.00160048014404321,0.00100030009002701,0.00450135040512154,0,0,0.000300090027008102,0,0,0,0,0,0.000200060018005402,0,0,0,0.000400120036010803,0.00950285085525658,0,0,0.106832049614884,0,0,0,0,0,0,0,0.00240072021606482,0,0,0,0,0,0,0,0.00480144043212964,0,0,0,0,0,0.000200060018005402,0.000100030009002701,0,0.000200060018005402,0.000800240072021606,0,0,0,0.000500150045013504,0,0,0,0,0,0.0116034810443133,0,0.000200060018005402,0.105831749524857,0,0,0,0,0,0.00160048014404321,0.333600080024007,0,0,0.00640192057617285,0,0,0,0,0,0,0.00100030009002701,0,0,0,0,0.0201060318095429,0.000200060018005402,0.000500150045013504,0,0,0.00560168050415125,0
0.000899550224887556,0,9.99500249875062e-05,0,0,0,0,0,0,0,0,0,0,0,0.00589705147426287,0,0.00569715142428786,0,0,0,0,0.00329835082458771,0,0,0,0.202698650674663,0,0,0.00229885057471264,0.00199900049975012,0.0451774112943528,0,9.99500249875062e-05,0.00519740129935032,0,0,0.000999500249875062,0.00939530234882559,0,0,0,0.00199900049975012,0,0,0,0.00119940029985007,0.000199900049975012,0,0,0,0.000299850074962519,0.0136931534232884,0.000399800099950025,0.000599700149925037,0,0.000499750124937531,0,0,0.000199900049975012,0.0105947026486757,0,0,0,0.000499750124937531,0,0,0.000999500249875062,0,0,9.99500249875062e-05,0.00139930034982509,0,0,0,0,0,0,0.000299850074962519,0,0.00179910044977511,0,0.000299850074962519,0.000299850074962519,0,0,0.000299850074962519,0.000199900049975012,0,0,0,0,0.00189905047476262,0,0,0,0,0,0,0.00329835082458771,0,0,0.00889555222388806,0.0015992003998001,0,0,0,0,0.0537731134432784,0,0,0.0239880059970015,0,0.00129935032483758,0.0031984007996002,0.000199900049975012,0,0,0.0015992003998001,0.00869565217391304,0,0,0,0,0,0,0,0.000199900049975012,0.00219890054972514,0,0,9.99500249875062e-05,0,0,0,0,0,0.0268865567216392,0,0,0.000299850074962519,0.00569715142428786,0,0.00119940029985007,0,0,0,0.000899550224887556,0,0,0,0.000699650174912544,0,9.99500249875062e-05,0.00079960019990005,9.99500249875062e-05,0,0,0,0,0.00289855072463768,0,0.00079960019990005,0,0,0,0,0.00079960019990005,0,0.000399800099950025,0,0.000599700149925037,0,0,0,0,0,0.00369815092453773,0,0.0220889555222389,9.99500249875062e-05,0,0.00079960019990005,0,0,0,0,0,0,0,0,9.99500249875062e-05,0.00169915042478761,0,0,0,0,0,0,0,0,0,0.00579710144927536,0,0.000199900049975012,0,0.0079960019990005,0,0,0,0,0,0,0,0,0.00119940029985007,0.00179910044977511,0.0112943528235882,9.99500249875062e-05,0,0,9.99500249875062e-05,0,0,0.000599700149925037,0,0,0,0,0.00119940029985007,0.00179910044977511,0.015392303848076,0,0.0031984007996002,0.0900549725137431,0,0,0.00149925037481259,0,0,0.000299850074962519,0,0.00309845077461269,0.000399800099950025,0,0.000199900049975012,0.00819590204897551,0,0,0,0,0,0,0,0,0.000199900049975012,0.00179910044977511,0.00249875062468766,0,0,0.00079960019990005,0.000399800099950025,0,0,0.00169915042478761,0,0,0,0,0,0.0784607696151924,0,0,0.0371814092953523,0,0,0,0,0,0,0.19400299850075,0,0,0.00989505247376312,0,0,0,0,0,0.00179910044977511,0.00569715142428786,0,0,0,9.99500249875062e-05,0,0.000299850074962519,0.00189905047476262,0,0,0.00759620189905048,0
0.00359892032390283,0,0,0,0,0,0,0,0,0,0,0.000199940017994602,0.000199940017994602,0,0.00249925022493252,9.99700089973008e-05,0.00539838048585424,0,0,0,0,0,0,9.99700089973008e-05,0,0.000599820053983805,0,0.000399880035989203,0.00159952014395681,0.000599820053983805,0,0,0,0.0153953813855843,0,0,0,0.0118964310706788,0,0,0,0,0,0,0,0.0365890232930121,0,0,0,0,9.99700089973008e-05,0,0,0,0,9.99700089973008e-05,0,0,0,0.00279916025192442,0,0,0,0,0,0,0.00359892032390283,0,0,0,0.000999700089973008,9.99700089973008e-05,0,0,0,0,0,0,9.99700089973008e-05,0.0147955613316005,0,0.000799760071978406,0.00539838048585424,0,0,0,0,0,0.000799760071978406,0.00179946016195141,0,9.99700089973008e-05,0.184244726582025,0,0,0,0,0.000199940017994602,0,0,0,9.99700089973008e-05,0,0,0,0,0,0.0618814355693292,0,0.00359892032390283,0.00199940017994602,0,0,0.00319904028791363,0,0,9.99700089973008e-05,0.000199940017994602,0.00949715085474358,0,0,0,9.99700089973008e-05,0.000199940017994602,0.0100969709087274,0,0,0,0,0,0.000899730080975707,0.0239928021593522,0,0,0,0,0.000699790062981106,9.99700089973008e-05,0.0100969709087274,0,9.99700089973008e-05,0.000299910026991902,0.00159952014395681,0,0,0,0.00169949015295411,0,0,0,0,0,0,0.000199940017994602,0,0,0,0,0,0,0,0.000299910026991902,0,0.279816055183445,0,0,0.000499850044986504,0,0,0,0.000199940017994602,0,9.99700089973008e-05,0,0,0,0.000699790062981106,0,0,0,0,0,0,0,0.000899730080975707,9.99700089973008e-05,0,0,0,0,0,0.00489853044086774,9.99700089973008e-05,0,0,0,0,0,0,0.000599820053983805,0,0,0,0,0,0.00189943017094872,0,0,9.99700089973008e-05,0,9.99700089973008e-05,0,0,0.000399880035989203,0,0,0.00639808057582725,0,0,0,0.00729781065680296,0,0,0,0,0.00139958012596221,0,0,0.00539838048585424,0,0,0,0.00119964010796761,0.00179946016195141,0,0,0,0,0.00169949015295411,0,0,0,0,0,0.000199940017994602,0,0,0,0,0,0,0,0,0,0.000499850044986504,0.000399880035989203,9.99700089973008e-05,0,0,0,0,0,0,0.000199940017994602,9.99700089973008e-05,0,0,0,0,0.00159952014395681,0,0,0.019594121763471,0.0128961311606518,0,0,0,0,0,0.192242327301809,0,0.00829751074677597,0.0176946915925222,0,0.000199940017994602,0.00119964010796761,0,0,0,0.00299910026991902,0,0,0,0,0,0,9.99700089973008e-05,0,0,0,0
0,0,0,0,0,0,0,0,0,0,0,0,0,0,0.0023002300230023,0,0,0,0,0,0.0001000100010001,0.0011001100110011,0,0,0.0003000300030003,0.534753475347535,0,0,0,0,0,0,0,0.0189018901890189,0,0,0,0.0141014101410141,0,0,0,0,0,0.0096009600960096,0,0.022002200220022,0,0,0,0,0,0,0,0,0,0,0,0,0,0.0002000200020002,0,0.0002000200020002,0,0.0003000300030003,0,0,0.0016001600160016,0,0,0.0074007400740074,0.0008000800080008,0,0,0,0,0,0,0,0,0.0003000300030003,0,0,0,0,0.0002000200020002,0,0,0,0,0,0,0,0,0,0,0,0,0,0.0038003800380038,0,0,0,0,0.0068006800680068,0.0002000200020002,0,0,0.0003000300030003,0,0.0019001900190019,0,0,0,0.0027002700270027,0,0,0,0,0,0,0.0001000100010001,0,0,0,0.0173017301730173,0,0,0,0,0,0,0.0081008100810081,0,0,0,0,0,0,0,0,0,0,0,0,0,0,0,0.0013001300130013,0,0,0.0017001700170017,0,0,0.0061006100610061,0,0,0,0,0.0019001900190019,0.0109010901090109,0,0,0,0,0,0,0,0,0,0,0,0,0,0,0,0,0,0,0.0051005100510051,0,0,0,0,0,0,0,0,0,0,0,0,0.0106010601060106,0.0002000200020002,0.0001000100010001,0,0,0,0.0002000200020002,0,0,0,0,0,0,0.0002000200020002,0.0407040704070407,0,0,0,0,0,0,0.0042004200420042,0,0,0,0.0015001500150015,0,0,0.0004000400040004,0.0001000100010001,0,0,0,0,0,0,0,0.0002000200020002,0,0.0003000300030003,0,0,0.0227022702270227,0,0,0.0007000700070007,0,0,0,0,0,0,0,0,0,0,0.0002000200020002,0,0,0.0026002600260026,0.0008000800080008,0.0008000800080008,0.0001000100010001,0,0.0018001800180018,0,0,0.0002000200020002,0,0.0003000300030003,0.0024002400240024,0,0,0,0,0,0,0,0.0006000600060006,0,0,0,0,0,0,0,0,0.0003000300030003,0.14981498149815,0,0,0.0337033703370337,0,0,0,0,0,0,0.0012001200120012,0,0,0,0,0,0,0.001000100010001,0,0,0.0397039703970397,0
0,0,0,0,0.0047976011994003,0,0,0,0,0,0,0.000299850074962519,0,0.0254872563718141,9.99500249875062e-05,0,0,0,0,0,0,0.000599700149925037,0,0,0,0.0583708145927037,0,0,0.000399800099950025,0,0.276861569215392,0,0,0.00449775112443778,0,0.00229885057471264,0.000899550224887556,0.0206896551724138,0,0,0,0.000699650174912544,0.0299850074962519,0,0,0.000399800099950025,0,0,0,0,0,0,0,0,0,0,0,0,0.000599700149925037,0.00139930034982509,0,0,0,0,0,0.00169915042478761,0.0214892553723138,0,0,0,0,0,0,0,0,0,0,0,0,0.000399800099950025,0,0,0,0,0,0.000399800099950025,9.99500249875062e-05,0,0.000399800099950025,0.0031984007996002,0,0,0.0147926036981509,0,0,0,0,0,0.000299850074962519,0,0.00219890054972514,0.000599700149925037,0,0,0,0,0,0.153323338330835,0.000999500249875062,0.000399800099950025,0.00389805097451274,0,0,0.000899550224887556,0.000899550224887556,0,0,0.00139930034982509,0.00289855072463768,0,0,0.00579710144927536,0,0.00179910044977511,0,0.00259870064967516,0,0,0,0,0.0214892553723138,0.00549725137431284,0,0,0,0,0.000599700149925037,0,0,0.000899550224887556,0.00179910044977511,0.000299850074962519,0.000999500249875062,0.000499750124937531,0.00859570214892554,0,0,0,0,0,0,0.00119940029985007,0,0,0,0,0,0,0,0,0.00389805097451274,0,0.00149925037481259,0.000199900049975012,0,0,0.00359820089955022,0,0,0,0.000999500249875062,0,0,0,0.000999500249875062,0,0,0.0107946026986507,0.0116941529235382,0.000199900049975012,0,0,0,0,0,0,0,0,0,0,9.99500249875062e-05,0.0112943528235882,9.99500249875062e-05,0,0,0,0,0.000399800099950025,0,0,9.99500249875062e-05,0,0,0,0,0.00369815092453773,0,0,9.99500249875062e-05,9.99500249875062e-05,0,0,0,0,0,0.00109945027486257,0.00269865067466267,0,0.00739630184907546,0,0,0,0,0,0,0,0,0,0.00079960019990005,0.000599700149925037,0,0,0.00249875062468766,0.00439780109945028,0,0,0,0,0,0,0,0.0191904047976012,0,0,0,0,0,0,0,0,0,0,0,0,0,0,0,0,0.00589705147426287,0,9.99500249875062e-05,0,0,0.000199900049975012,0,0,0,0,0,0.00309845077461269,0,0,0.0288855572213893,0,0,0,0,0,0,0.155622188905547,0,0,0.0122938530734633,0,0,0,0,0,0.000499750124937531,0,0,0,0,0,0,0,9.99500249875062e-05,0,0,0.0140929535232384,0
0,0,0,9.99700089973008e-05,0.000199940017994602,9.99700089973008e-05,0.00119964010796761,0,0,0,0.000199940017994602,0,0,0.00939718084574628,0.00339898030590823,0,0,9.99700089973008e-05,0,0,0.00559832050384884,0.011296611016695,0,0,0,0.000299910026991902,0,0,0.00859742077376787,0,0,0,0,0.0183944816555034,0.000199940017994602,0,0.00109967009897031,0.0248925322403279,0,0,0,0,0,0.00499850044986504,0.000199940017994602,0.00569829051284615,0,0.000899730080975707,0,0,0,0,0,0,0,0,0,0,0,0.0374887533739878,0,0.00369889033290013,0,0.0136958912326302,0,0,0.0156952914125762,0,0,0,0.00349895031490553,9.99700089973008e-05,0.00199940017994602,0.000899730080975707,0,0,0,0,0,0.0197940617814656,0.000199940017994602,0.00279916025192442,0,9.99700089973008e-05,0.00609817054883535,0,0,0,0,0.00589823053084075,9.99700089973008e-05,0.00629811056682995,0.00579826052184345,0,0,0,0,0,0.000499850044986504,0,0,0,0,0.00199940017994602,0.000999700089973008,0,0,0.123562931120664,0,0.0227931620513846,0,0,0,0.00189943017094872,0,0,0,0,0.0176946915925222,0,0.000399880035989203,0,0,9.99700089973008e-05,0.00169949015295411,0,0.0158952314305708,0,0.000199940017994602,0,0,0.000299910026991902,0,0.000699790062981106,0,0.000799760071978406,0.00189943017094872,0,0,0,0,0,0,0,0,0,0.00869739078276517,0,0,0,0.000999700089973008,0,0,0,9.99700089973008e-05,0,0,0,0,0.0270918724382685,0,0,0,0,0,0,0.000299910026991902,0,0,0,0.00339898030590823,0,9.99700089973008e-05,0,0,0.000499850044986504,0,0.0168949315205438,0.0559832050384885,0,0,0,0,0,0.00499850044986504,0,0,0,0,9.99700089973008e-05,0,0.00889733080075977,0,0,0,0,0.000599820053983805,0,9.99700089973008e-05,0,0,0,0,0,0,0.0213935819254224,0.000999700089973008,0,0,0.000999700089973008,0,0,0,0,0.00229931020693792,0,0.012296311106668,0.0137958612416275,0,0,0,0.00869739078276517,0,0,0,0,0,0,0.00149955013495951,0,0.00569829051284615,0,0,0.0935719284214736,0,0,0.00269919024292712,0,0,0,0,0,0,0,0,0,0,0,0,0,0,0.000599820053983805,0.00389883035089473,0,0.0106967909627112,0.0175947215835249,0,0,0.00959712086374088,0,0,0,0,0.00339898030590823,0,0,0,0.0136958912326302,0,0.0414875537338798,0,0.00329901029691093,0.000799760071978406,0,0,0,0,0.000199940017994602,0.00589823053084075,0.0800759772068379,0,0,0.076776966909927,0,0,0,0,0,0.00119964010796761,0.00719784064780566,0,0,0,0,0,0,0,0,0,0.0183944816555034,0
0,0,0,0.000199900049975012,0,0,0.00489755122438781,0,0,0,0,0.000299850074962519,0,0.000199900049975012,0.000299850074962519,0.000499750124937531,0,0,0.000999500249875062,0,0,0,0,0.000599700149925037,0,0.132833583208396,0,0,0.00169915042478761,0.000999500249875062,0,0,0,0.0031984007996002,0,0,0.0336831584207896,0,0,0,0,0.00339830084957521,0.0185907046476762,0,0,0.00119940029985007,0,0,0,0,0,0,0,0,0,0,0,0.000199900049975012,0,0,0,0.0113943028485757,0,0,0,0,0.0278860569715142,0,0,0.00249875062468766,0,0,0,0.0115942028985507,0,0,0,0.000199900049975012,0,0.00219890054972514,0,0,0,0,0.00429785107446277,9.99500249875062e-05,0,0,0.000199900049975012,0.0112943528235882,0,0.00969515242378811,0.00489755122438781,0,0,0,0.000399800099950025,0,0.00249875062468766,0,0,0.000399800099950025,0,0,0,0,0,0.00679660169915042,0,0,0.00189905047476262,0.000399800099950025,0,0.00169915042478761,0,0,0,0,0.00349825087456272,0,0,0,0,0.000199900049975012,0.00439780109945028,0,0.00129935032483758,0.00119940029985007,0,0,0.000599700149925037,0,0,0,0,0,0.000199900049975012,0.000699650174912544,0,0,0.000299850074962519,0,0.00079960019990005,0,0,0,0.000599700149925037,0,0,0,0.000399800099950025,0,0,9.99500249875062e-05,0,0,0,0,0.000499750124937531,0,0,0.000699650174912544,0,0,0,0,0.000299850074962519,0.00339830084957521,0,0,0,0,9.99500249875062e-05,0,0,0,0,0.0335832083958021,0.047576211894053,0,0,0,0,0,0.000499750124937531,0.000999500249875062,0,0,0,0,0,0.00729635182408796,0.00109945027486257,0,0,0,0,0,0,0,0,0.00279860069965018,0,9.99500249875062e-05,0,0.0169915042478761,0,0.00079960019990005,9.99500249875062e-05,0.00209895052473763,0,0,0.00649675162418791,0,0,0.000599700149925037,0,0,9.99500249875062e-05,0,0,0.00129935032483758,0,0,0,0,0,0,0.00679660169915042,0,0.0587706146926537,0,0.000999500249875062,0.197801099450275,0.000699650174912544,0,0,0,0.000399800099950025,0.000199900049975012,0,0.0287856071964018,0,0,0,0,9.99500249875062e-05,0,0,0,0.0893553223388306,0.000499750124937531,0,0,0.00299850074962519,0.000499750124937531,0.000199900049975012,0,0,0,0,0,0,9.99500249875062e-05,0.000499750124937531,9.99500249875062e-05,0,0,0,0,0,0,0.00749625187406297,0,0,0,0,0,0,0.0750624687656172,0,0,0.0120939530234883,0,0,0.000199900049975012,0,0,0.0116941529235382,0,0,0,0,0,0.00719640179910045,0,9.99500249875062e-05,0,0,0.0514742628685657,0
0,0,0,9.9940035978413e-05,0,9.9940035978413e-05,9.9940035978413e-05,0,0,0,0,0,9.9940035978413e-05,0,0.000899460323805717,0,0,9.9940035978413e-05,0,0,0,0.00249850089946032,0,0,0,0.00609634219468319,0,0,0.000999400359784129,0.00989406356186288,0.0107935238856686,0.00159904057565461,0,0.00239856086348191,0,0,0.0101938836697981,0,0.000399760143913652,0,0,0,0,0,0,0.0690585648610833,0,0.000499700179892065,0,0,0.000699580251848891,0,0,0,0,0,0,0,0,0.0475714571257246,0,0,0,9.9940035978413e-05,0,0,0.0121926843893664,0,0,0,0.00299820107935239,0,0,0,0,0.000699580251848891,0,0,0,0.0176893863681791,0,0,0.0672596442134719,0,0,0.000299820107935239,0.00859484309414351,0,0,0,0,0,0.000199880071956826,0,0,0.000199880071956826,0,0,0,0,0,9.9940035978413e-05,0,0,0,0,0,0.189386368179093,0,0,0.00339796122326604,0,0,0.00919448331001399,0.000599640215870478,0.000299820107935239,0,0.000499700179892065,0.0348790725564661,9.9940035978413e-05,0,0,0,0.000199880071956826,0.00279832100739556,0,0,0,0,0,0,0,0,0,0,0,9.9940035978413e-05,0,9.9940035978413e-05,0,0.0264841095342794,0.0022986208275035,9.9940035978413e-05,0,0,0,0.00919448331001399,0,0,0,0.00199880071956826,0,0,0.00249850089946032,0,0,0,0,0,0,0,0.000399760143913652,0,0,0,0,0.000999400359784129,0,0,0,0.00109934039576254,0,0,0,0,0,0.00159904057565461,0,0.00359784129522287,0,0,0,0,0,0,0,0,0,0,0,0,0.0243853687787328,0,9.9940035978413e-05,0,0,0,0,0,0,0,0,0,0,0.090745552668399,0.0101938836697981,0.000499700179892065,0.00199880071956826,9.9940035978413e-05,0.00129922046771937,0.000799520287827304,0,0,0.00149910053967619,0,0,0.00399760143913652,0,0.0439736158305017,0,0,0.00209874075554667,0,0,0,0,0,0,0.000399760143913652,0,0,0,0.00149910053967619,0.00239856086348191,0,0,0.00289826104337398,0,0.00159904057565461,0,0,0,0,0,9.9940035978413e-05,0.00349790125924445,0,0,0,0,0,0,0.00149910053967619,0,0,0.000699580251848891,0.00129922046771937,0,0,0.00569658205076954,0,0,0,0.000699580251848891,0.00119928043174096,0,0,0,0,9.9940035978413e-05,0,0.0130921447131721,0.00519688187087747,0,0,0,0,0,0,0.116630021986808,9.9940035978413e-05,0,0.0591645012992205,0.00119928043174096,0,0.00149910053967619,0,0,0,0.0148910653607835,0,0,0,0,0,0,9.9940035978413e-05,0,0,0.0165900459724166,0
0,0,0,0,0,0,0.0001999800019998,0.0076992300769923,0,0,0,0,0,0,0.0032996700329967,9.99900009999e-05,0,0,0,0,0.0165983401659834,0.004999500049995,0,0.000999900009999,0,0.207379262073793,0.000999900009999,0,0.0014998500149985,0,0.0198980101989801,0,0,0,0,0,0.0036996300369963,0.013998600139986,0,0,0,0,0,0.0502949705029497,0,0.0478952104789521,0,0,0,0,0,0,0,0,0,9.99900009999e-05,0,0,0,0.0082991700829917,0,0,0.0001999800019998,0,0,0,0.0090990900909909,0,0,0.0338966103389661,0.0034996500349965,0,0,0.0024997500249975,0,0,0,0,0,0.0043995600439956,0,0.0002999700029997,0,0,0.0053994600539946,0,0,0,0,0.0168983101689831,0,0.0002999700029997,0.0403959604039596,0,0,0,0,0,0,0,0,0.0001999800019998,0,0.0002999700029997,0,0,0,0.143385661433857,0,0.0091990800919908,0,0,0,0.0194980501949805,0,9.99900009999e-05,0,0,0.0038996100389961,0,0,0,0,0.0001999800019998,0.0197980201979802,0,0,0,0,0,0,0,0,9.99900009999e-05,9.99900009999e-05,0,0.0465953404659534,0,0,0,0,0,0,0,0,0,9.99900009999e-05,0.0001999800019998,0,0,0.0014998500149985,0,0.0056994300569943,0.0002999700029997,9.99900009999e-05,0,0,0,0,0.0087991200879912,0,0,0,0,0,0,0,0,9.99900009999e-05,0,0,0,0.0004999500049995,0,0,0,0,0.0035996400359964,0.060993900609939,0.0001999800019998,0,0,0,0,0,0,9.99900009999e-05,0,0,0,0.0001999800019998,0.0074992500749925,9.99900009999e-05,0,0,0,0,0,0,0,0,0,0,9.99900009999e-05,0,0.0023997600239976,0,0,0,0.001999800019998,0,0,0,0,0.0003999600039996,0,0,0.0031996800319968,9.99900009999e-05,0,9.99900009999e-05,0.004999500049995,0,0,0,0,0,0,0,0,0.0164983501649835,9.99900009999e-05,0,0.0441955804419558,0,0,0,0,0,0,0,0,0,0,9.99900009999e-05,9.99900009999e-05,9.99900009999e-05,0,0,0,0,0,0,0,0.0004999500049995,0,0.0002999700029997,0,0,0,0,0,0,0,0.0001999800019998,0,0,0,0,0.0163983601639836,0,0,0,0,0,0,0.0078992100789921,0,0,0.0417958204179582,0,0,0.0134986501349865,0,0,0,0,0,0.0042995700429957,0,0,0,0,0,0,0,0,0,0,0.0024997500249975,0
0,0,0,0,0,0,9.99500249875062e-05,0.00079960019990005,0,0,0,0.000699650174912544,0,9.99500249875062e-05,0.00779610194902549,0.000399800099950025,0.000499750124937531,0.000199900049975012,0,0,9.99500249875062e-05,9.99500249875062e-05,0,0.000299850074962519,0.000199900049975012,0.00569715142428786,0,0,0.000199900049975012,0,0.00179910044977511,0,0,0.00219890054972514,0,0,9.99500249875062e-05,0.000599700149925037,9.99500249875062e-05,0,0.00109945027486257,0.000399800099950025,0.0160919540229885,0,0,0.000299850074962519,0,0,0,0,0,9.99500249875062e-05,0,0,0,9.99500249875062e-05,0,0.000599700149925037,0.000399800099950025,0.00839580209895052,0,0,9.99500249875062e-05,0,0.0143928035982009,0,0.00539730134932534,0.000499750124937531,0,0.000199900049975012,0.00109945027486257,0,0,0.00109945027486257,0,0,0,0,0,0.00289855072463768,0,0,0,0,9.99500249875062e-05,0,0,0,0.000199900049975012,0.000199900049975012,0.00839580209895052,0.00249875062468766,0.00409795102448776,0,0.00179910044977511,0.000999500249875062,0,0,0.00269865067466267,0,0.00139930034982509,0,0,0,0,0,0,0.0559720139930035,0,0.00209895052473763,0.00699650174912544,0,0,0.00139930034982509,0,0.00109945027486257,0,0.00209895052473763,0.00079960019990005,0,0,0.000199900049975012,0,0,9.99500249875062e-05,0,0,0,0,0,0.000299850074962519,9.99500249875062e-05,0,0,0,0,0.000199900049975012,0,0.000699650174912544,0,0.00149925037481259,0.000499750124937531,0.00189905047476262,0,0.000199900049975012,0,0.00129935032483758,0,0,0.0047976011994003,9.99500249875062e-05,0,0,0,0,0,0,0,0.000999500249875062,0.0178910544727636,0,0.00149925037481259,0,0,0,0,0.00129935032483758,0,0,0,0,0,0,0,0,0,0,0.00409795102448776,0.00569715142428786,0,0,0,0,0,9.99500249875062e-05,0.00179910044977511,0,0,0,0,0,9.99500249875062e-05,9.99500249875062e-05,0,0,0,0,0,0,0,0,0,0,0,0.169615192403798,0.000399800099950025,0,0.000199900049975012,0,9.99500249875062e-05,0,0,0.00189905047476262,0,9.99500249875062e-05,0,0.0095952023988006,0,0,0,9.99500249875062e-05,0,0,0,0,0,0,0,0.00199900049975012,0,0.000699650174912544,0,0.0015992003998001,0.08015992003998,0,0,0,0,0,0,0,0.0285857071464268,0,0,0,0,0,0,0,0,0,9.99500249875062e-05,0.000199900049975012,0,0,0,0.000299850074962519,0,0,0.000699650174912544,0,0,0,9.99500249875062e-05,0,0,0,0,0,0.428285857071464,0,9.99500249875062e-05,0.00529735132433783,0.000999500249875062,9.99500249875062e-05,0,0,9.99500249875062e-05,9.99500249875062e-05,0.048175912043978,0,0,0.000399800099950025,0.000199900049975012,0,0,0,9.99500249875062e-05,0.00079960019990005,9.99500249875062e-05,0,0,0,0,0.00249875062468766,0,0.00109945027486257,0,0,0.000299850074962519,0.00139930034982509
0,0,0,0,0,0,0,0,0,0,0,0,2e-04,0.0025,0.0016,0,0,1e-04,0,0,0,0.0022,0,0,0,0.1693,0,0,3e-04,0,0,0,0,0.0062,0,0,4e-04,0,0,0,0,0,0,0,0,5e-04,0,0,0,0,0,0,0,0,0,0,0,0,0,0.0268,0,0,0,0,0,0,0.035,0,0,0,0,0,0,0,0,0,0,0,0,0.0106,0,0,0,0,0.0023,0,0,0,0,0.0022,0,0,0.0044,0,0,0.0013,0,0,0.001,0,0,0,0,0,0,0,0,0.2895,0,0,0,0,0,0.0169,0,0,0,0,0.0079,0,0,0,0,2e-04,0.0019,0.0055,0,0,0,0,0,0.0072,0,0,0,0,1e-04,0,0,0,0.0013,0,0,0,0,0,0,0,0,0,0,0,0,0,0,0,0,0,3e-04,0.0035,0,0,0,0,0,0,0,0,0,0,6e-04,0,0,0,0,0,0,0,0,0,0,0,0,0,0,0,0,0,0,0,0,0.0075,0,0,0,0,0,1e-04,0,0,0,0,0,0,0,0.0095,0,0,0,0,0,0,0,0,0,0,0.0425,0,0,0,0,0,0,0,0,0,0,0,0,2e-04,0,0,0,0.1957,0,0,0,0,0,0,0,0,0,0,0,0,0,0,0,0,0,0,0,0,0,0.0011,1e-04,0,0.0019,0,0,0,0,1e-04,0,0,0,0,0,0.0171,0,0,0.0031,0,0,0,0,0,0,0.1097,0,0,0.0047,0,0,0,0,0,0.0027,6e-04,0,0,0,0,0,0,3e-04,0,0,0.0013,0
0,0,0,0,0,0,0,0.00159696576504641,0,9.98103603154007e-05,9.98103603154007e-05,9.98103603154007e-05,0,0.0393252819642679,0.00219582792693882,0,0,9.98103603154007e-05,0,0,0.00479089729513924,0.00309412116977742,0,0,0,0.130352330571913,9.98103603154007e-05,0,0.00519013873640084,9.98103603154007e-05,0.00538975945703164,0,0,0.00698672522207805,0.000199620720630801,0.000998103603154007,0.00688691486176265,0,0,0,0,0,0,0.00628805269987025,0,0.00109791396346941,0,9.98103603154007e-05,0,0,0.000399241441261603,0,0,0,0.00189639684599261,0,0,0,0,9.98103603154007e-05,0,0.000698672522207805,0,0,0.00918255314901687,0,0.0197624513424493,0,0,0.00389260405230063,0.000399241441261603,9.98103603154007e-05,9.98103603154007e-05,0.00139734504441561,0,0.00469108693482383,0,0,0,0.000199620720630801,0,9.98103603154007e-05,0.000299431080946202,9.98103603154007e-05,0.0283461423295738,9.98103603154007e-05,0,0,0,0.0530991116877932,0.0504042319592774,0,0,0,0.000199620720630801,0,0,0,0.00159696576504641,0,9.98103603154007e-05,0,0,0.000598862161892404,0.000199620720630801,9.98103603154007e-05,0.00798482882523206,0.17816149316299,0,0,0,0.00159696576504641,0,0.00548956981734704,9.98103603154007e-05,0,0,0,0.00858369098712446,9.98103603154007e-05,0,0.000499051801577004,0,0,0.0151711747679409,0.00429184549356223,0,0,9.98103603154007e-05,0.00149715540473101,0.00189639684599261,0.00988122567122467,0,0,0,0,0.00359317297135443,0,0,0,0,0,0,0,0.000399241441261603,0,0.000499051801577004,9.98103603154007e-05,0,0,0.00229563828725422,0.00209601756662342,0,0,0,0,0,0,0.000199620720630801,0.00199620720630801,0,0,0,9.98103603154007e-05,0,0,0,0,0,0,9.98103603154007e-05,0,0,0,0,0,0,9.98103603154007e-05,0.00319393153009282,0,9.98103603154007e-05,0,0,9.98103603154007e-05,0.00189639684599261,0,0,0.000598862161892404,0,0.000998103603154007,0,0.00209601756662342,0.00119772432378481,0,0.00788501846491666,0,0,0.000199620720630801,9.98103603154007e-05,0,0,0,0,9.98103603154007e-05,0,0.000598862161892404,9.98103603154007e-05,0,0,0.00908274278870147,0,0,9.98103603154007e-05,9.98103603154007e-05,0.000598862161892404,0,0.00179658648567721,0.000898293242838607,0.00588881125860864,0.000199620720630801,0.00359317297135443,0.00199620720630801,9.98103603154007e-05,0,0,0.00249525900788502,9.98103603154007e-05,0,0.00169677612536181,0.000598862161892404,0.0136740193632099,9.98103603154007e-05,9.98103603154007e-05,0.0933226868948997,0,0.000199620720630801,9.98103603154007e-05,0,0,0.00149715540473101,0,0,0,0,0,0,9.98103603154007e-05,0,0,0.00169677612536181,0.00678710450144725,0.000299431080946202,0,0,0,0.000698672522207805,9.98103603154007e-05,9.98103603154007e-05,0.000199620720630801,0.000598862161892404,0,0.00119772432378481,9.98103603154007e-05,0.000199620720630801,0.000399241441261603,0,0,0.00139734504441561,0.000299431080946202,0.0102804671124863,0,0.000698672522207805,0.0416209202515221,0,0,0,0,0,0.000698672522207805,0.0997105499550853,0.000199620720630801,0,0.0107795189140633,0,0,0,0,0,0.000399241441261603,0.00219582792693882,0,0,0,0,0.00289450044914662,9.98103603154007e-05,0.00169677612536181,0.000199620720630801,0,0.0169677612536181,0
0,9.99800039992002e-05,0,0,0,0,9.99800039992002e-05,0.0013997200559888,0,0,0,0.0016996600679864,0.0001999600079984,0.0022995400919816,9.99800039992002e-05,0.000599880023995201,0,0,0,0,0.00489902019596081,0.012997400519896,0,9.99800039992002e-05,0,0.0554889022195561,0,0,0.000599880023995201,0.000499900019996001,0,0,9.99800039992002e-05,0.00839832033593281,0.0012997400519896,0,0.001999600079984,0.00839832033593281,0,0.000599880023995201,0,0.00429914017196561,0.000799840031993601,0.00459908018396321,0.0001999600079984,0.0137972405518896,0,0,0,0,0,0,0,0,0.001999600079984,0,0,9.99800039992002e-05,0,0.0347930413917217,0,0.0010997800439912,0,0.0010997800439912,9.99800039992002e-05,0,0.001499700059988,0,0,0.00849830033993201,0.0011997600479904,0.0001999600079984,0,0.0023995200959808,0,0.00799840031993601,0,0,0,0.0377924415116977,0,0.000699860027994401,0.001499700059988,0,0.002999400119976,9.99800039992002e-05,0.002999400119976,0,0.0002999400119976,0.00249950009998,0.0687862427514497,0.0002999400119976,0.0016996600679864,0,0,0.0161967606478704,0.0031993601279744,0,0.00419916016796641,0,0.00519896020795841,0.0001999600079984,0,0.00769846030793841,0,0,0.0227954409118176,0.0195960807838432,0,0,0.000999800039992002,0.00559888022395521,0.000499900019996001,0.001499700059988,0,0,0,0.0002999400119976,0.020995800839832,0,0,0,0,9.99800039992002e-05,0.0190961807638472,0,0,0,0,0,0.010997800439912,0.0182963407318536,0.00689862027594481,0,0.001499700059988,0,0.000399920015996801,0,0,0,0.000499900019996001,0.0001999600079984,0.0013997200559888,0,0.0411917616476705,0,0.000499900019996001,0.0023995200959808,0,0.0020995800839832,0.0017996400719856,0,0,0.0002999400119976,9.99800039992002e-05,0,0,0,0.0250949810037992,0.00929814037192562,0,0.000699860027994401,0,0,0,0,0,0,0,0.0012997400519896,0,0,0.000799840031993601,0,0,0,0.000699860027994401,0.0022995400919816,0.0016996600679864,0,0,0,0,0,0.0027994401119776,0.0021995600879824,0,0,0,0,0,0.00849830033993201,0,0,0,0.0001999600079984,0,9.99800039992002e-05,0,0,0,0,0,0.001999600079984,0,0.0026994601079784,0.0002999400119976,0.000599880023995201,0,0.000399920015996801,0,0,0,0,0,0.0018996200759848,0,0.0020995800839832,0.00799840031993601,0,0.0023995200959808,0.0012997400519896,0,0,0,0,0.0023995200959808,0,0.00509898020395921,0,0.0125974805038992,0.0013997200559888,0.001499700059988,0.001999600079984,0.0013997200559888,0,0,0,0.001499700059988,9.99800039992002e-05,0,0.0121975604879024,0,0.0012997400519896,0.0001999600079984,0,0,0,0.0002999400119976,0,0.0241951609678064,0.000399920015996801,0,0,0.000799840031993601,0.0001999600079984,0.0002999400119976,0,0,0,0,0,9.99800039992002e-05,0.000599880023995201,0.0016996600679864,0,0,0,0.0002999400119976,0.0002999400119976,0,0.0031993601279744,0.00519896020795841,0,0,0,0.104579084183163,0,0,0.152069586082783,0,0.0001999600079984,0.0190961807638472,0,0,9.99800039992002e-05,0,0,0.0141971605678864,0.00559888022395521,0,9.99800039992002e-05,0,0,0.0117976404719056,0.00459908018396321,0.0001999600079984,0,0,0.00679864027194561,0.000999800039992002
0.0004000400040004,0.0005000500050005,0,0,0,0,0,0,0,0,0,0,0.0005000500050005,0,0.0027002700270027,0,0,0.0017001700170017,0,0,0.0092009200920092,0.0102010201020102,0,0,0,0,0,0,0.0021002100210021,0.0017001700170017,0,0,0.0003000300030003,0.0259025902590259,0.0004000400040004,0,0.0008000800080008,0.0159015901590159,0,0,0,0,0,0,0,0.0258025802580258,0,0,0,0,0.0026002600260026,0,0,0.0006000600060006,0.002000200020002,0,0,0,0,0.0096009600960096,0.0001000100010001,0,0.0001000100010001,0,0,0,0.0227022702270227,0,0,0,0.0127012701270127,0,0.001000100010001,0.0011001100110011,0,0,0,0,0,0.0488048804880488,0,0,0.127412741274127,0.0009000900090009,0,0.0004000400040004,0.0003000300030003,0,0.0004000400040004,0.0329032903290329,0,0,0.013001300130013,0,0.0038003800380038,0.0039003900390039,0,0,0.0626062606260626,0,0,0.0001000100010001,0,0,0.0002000200020002,0,0,0,0,0,0,0,0,0.0217021702170217,0,0,0,0,0.0035003500350035,0.0002000200020002,0,0,0,0,0.0065006500650065,0,0,0.0021002100210021,0,0,0.0049004900490049,0.0187018701870187,0,0,0,0.0002000200020002,0.0037003700370037,0,0,0,0.007000700070007,0,0,0,0,0,0.0077007700770077,0,0,0,0.0011001100110011,0,0,0,0.0002000200020002,0,0,0,0,0,0,0,0,0,0,0,0.0004000400040004,0,0,0,0.0004000400040004,0,0,0.0001000100010001,0,0,0.0007000700070007,0.0056005600560056,0,0,0,0,0,0,0.004000400040004,0.0014001400140014,0,0,0,0,0,0.0051005100510051,0.0007000700070007,0,0.0036003600360036,0,0,0,0,0,0,0,0,0.165416541654165,0,0.0091009100910091,0.0004000400040004,0,0,0.0021002100210021,0,0,0,0.0012001200120012,0.0011001100110011,0,0,0,0.0133013301330133,0,0,0,0,0,0,0,0.0685068506850685,0,0.012001200120012,0,0.0123012301230123,0,0,0.0436043604360436,0,0,0,0.0001000100010001,0.0001000100010001,0,0,0,0,0,0.0005000500050005,0,0,0,0,0,0.0265026502650265,0,0.005000500050005,0,0.0049004900490049,0.0002000200020002,0,0,0,0.001000100010001,0,0,0,0.0005000500050005,0,0,0,0,0,0,0,0.0003000300030003,0.0209020902090209,0,0,0,0,0,0,0,0,0,0.0511051105110511,0,0,0,0,0,0,0.0052005200520052,0,0,0,0,0.004000400040004,0,0.0024002400240024,0,0,0.0034003400340034,0
0,0,0,0.0013997200559888,0,0,9.99800039992002e-05,0.0020995800839832,0,0,0,0.000399920015996801,0,0.011497700459908,0.0002999400119976,0.00459908018396321,0,0,0,0,0,0.000699860027994401,0,0,0,0.00769846030793841,0,0,0,0,0.0177964407118576,0,0,0.0017996400719856,0.000799840031993601,0,0.0010997800439912,0.0141971605678864,0.0002999400119976,0,9.99800039992002e-05,0.00379924015196961,0.0678864227154569,0.0100979804039192,0,0.0497900419916017,0,0,0,0,0.001499700059988,0.0021995600879824,0,0,0.0143971205758848,0,0,0,0,0.0265946810637872,0,0,0,0.000399920015996801,0,0,0.018996200759848,0,0,0.00669866026794641,0.00629874025194961,0,0,0,0,0,0,0,0,0.0180963807238552,0,0,0.010497900419916,0,0,0,9.99800039992002e-05,0,0.0011997600479904,0.0113977204559088,0.0427914417116577,0,0.0001999600079984,0,0,0.000899820035992801,0,0,0.00779844031193761,0,0.0011997600479904,0,0,0.000599880023995201,0.0013997200559888,0.000499900019996001,0,0.00979804039192162,0.00529894021195761,0.0326934613077385,0.0020995800839832,0,0,0,0.0001999600079984,0,0,0.0012997400519896,0.000599880023995201,0.000599880023995201,0,0,0,0,0.000499900019996001,0,9.99800039992002e-05,0,0,0,0.00549890021995601,0,0,0,0,0.0022995400919816,9.99800039992002e-05,0.0002999400119976,0,0.000499900019996001,0.0217956408718256,0,0,0,0,0,0,0,0,0,0.000899820035992801,0,0,0,0,0,0,0,0.00379924015196961,0.0133973205358928,0,0.000799840031993601,0.000799840031993601,0,0,9.99800039992002e-05,0.0002999400119976,0,0,0,0.000399920015996801,0,0,0,0,0,0,0.0156968606278744,0.0464907018596281,0,0,0.0001999600079984,0,0,0,0,0,0,0,0,0,0.021495700859828,0.0001999600079984,0,0.0015996800639872,0,0,0,0,0,0,0,0,0,0,0.000699860027994401,0,0,0,0,0,0,0,0,0.000899820035992801,0,0.0101979604079184,0,0,0,0,0,9.99800039992002e-05,0,0.000399920015996801,9.99800039992002e-05,0,0,0,0.0011997600479904,0.0304939012197561,0,0.000599880023995201,0.00429914017196561,0,0,0,0,0.0010997800439912,0.000499900019996001,0,0.0107978404319136,0,0,0,0,0,0,0,0,0.0186962607478504,0,0.0025994801039792,0,0,0.000399920015996801,0.0002999400119976,0,0.0017996400719856,0.00689862027594481,0,0,0,0.0001999600079984,0,0,0,0.00449910017996401,0,0.000699860027994401,0,0,0.001999600079984,0,0,0,0,0.0001999600079984,0.000999800039992002,0.298940211957609,0,0,0.00459908018396321,0,0,0,0,0,0.01749650069986,0,0,0,0,0,0.0131973605278944,0.00409918016396721,0,0,0,0.000899820035992801,0
0,0,0,0,0,0,0,0,0.0009000900090009,0,0,0,0,0,0.021002100210021,0,0,0.0001000100010001,0,0,0.0055005500550055,0.0001000100010001,0,0,0.0005000500050005,0.221122112211221,0,0,0,0.0337033703370337,0.0045004500450045,0,0,0.0103010301030103,0,0,0.003000300030003,0,0,0,0,0,0.0001000100010001,0.0013001300130013,0,0,0,0.001000100010001,0,0,0,0,0.0003000300030003,0,0,0.0002000200020002,0,0,0.0006000600060006,0.0001000100010001,0,0,0,0,0,0,0,0,0,0,0,0,0,0.0022002200220022,0,0,0,0,0,0.0001000100010001,0,0.0004000400040004,0.0394039403940394,0,0,0.0007000700070007,0,0,0,0.0036003600360036,0.0039003900390039,0,0,0,0,0,0,0,0.0003000300030003,0,0,0,0,0,0,0.0002000200020002,0,0.383438343834383,0,0.0033003300330033,0,0,0,0.0001000100010001,0,0,0,0.0007000700070007,0.0078007800780078,0,0,0,0.001000100010001,0,0.0231023102310231,0.0008000800080008,0,0,0,0,0.0017001700170017,0.0012001200120012,0,0,0,0,0.0014001400140014,0,0,0.0001000100010001,0.0048004800480048,0,0,0,0,0,0.0001000100010001,0,0,0,0.0012001200120012,0,0.0005000500050005,0,0,0,0,0,0,0,0,0,0.001000100010001,0,0,0,0.0002000200020002,0,0,0,0,0,0,0,0.0149014901490149,0,0,0,0.0001000100010001,0.0002000200020002,0,0,0,0,0.0008000800080008,0,0,0,0,0,0,0.0011001100110011,0,0,0,0,0,0.0002000200020002,0,0,0,0,0,0,0,0.0005000500050005,0,0,0,0.0046004600460046,0,0,0,0.0007000700070007,0.0002000200020002,0.0001000100010001,0,0,0.0445044504450445,0,0,0,0,0.0009000900090009,0,0,0,0,0.0015001500150015,0,0.0039003900390039,0,0,0,0,0,0,0,0,0.0015001500150015,0,0.0002000200020002,0,0,0,0,0,0,0.0003000300030003,0,0,0,0.0011001100110011,0,0.0004000400040004,0,0.0001000100010001,0,0.0002000200020002,0.0021002100210021,0.0005000500050005,0,0,0.0001000100010001,0,0,0,0,0.0002000200020002,0,0,0,0.119211921192119,0.0032003200320032,0,0,0,0,0,0,0.0001000100010001,0,0.0031003100310031,0.0005000500050005,0,0,0,0,0,0.0008000800080008,0,0,0,0,0.0036003600360036,0.0008000800080008,0.0002000200020002,0,0,0,0
0,0,0,0,0,0,0.00209916033586565,0,0,0,0.00039984006397441,0,0,0.0400839664134346,0.0037984806077569,0,0.000299880047980808,0,0,0,0.00879648140743703,0.00359856057576969,0,0,0,9.99600159936026e-05,0,0,0.00199920031987205,0,0,0,0,0.00149940023990404,0,0.00199920031987205,9.99600159936026e-05,9.99600159936026e-05,0,0,0,0,0,0,0,0,0,9.99600159936026e-05,0,0,0,0,0,0,0,0,0.000499800079968013,0,0,0.0307876849260296,0,0.00619752099160336,9.99600159936026e-05,0.000299880047980808,0,0,0.00159936025589764,0,0,0,0.00369852059176329,0,0,0.00149940023990404,0,0,0,0,0,0.023890443822471,0,0,9.99600159936026e-05,0,0,0.000199920031987205,0,0,0,0.00079968012794882,0,0.000599760095961615,0.299980007996801,0,0,0,0,0,9.99600159936026e-05,0,0,0,0,0.00149940023990404,0,0,0,0.0323870451819272,0,0,0,0,0,0,0,0,0,0.00039984006397441,0.00119952019192323,0,0,0,0,9.99600159936026e-05,9.99600159936026e-05,0,0,0,0,0.014594162335066,0,0,0,0,0,0,0.0392842862854858,0,0,0,0,0,0,0,0,0.0372850859656138,0.000199920031987205,0,9.99600159936026e-05,9.99600159936026e-05,0,0,9.99600159936026e-05,0,0,0,0,0,0.00949620151939224,0.00369852059176329,0,0,0,0,0,0,0,0,0,0,0,0,9.99600159936026e-05,0,0,0,0,0.0106957217113155,0.0146941223510596,0,0,0,0,0,9.99600159936026e-05,0,0,0,0,0,0,0,0,0,0,0,0,0,0,0,0,0,0,0,0,0.000499800079968013,0,0,0,0,0,0,0.00079968012794882,0,0.000299880047980808,0,0.00369852059176329,0.0124950019992003,9.99600159936026e-05,0,0.00109956017592963,0.00169932027189124,0,0,0,0,0,0,0.00179928028788485,0.00039984006397441,9.99600159936026e-05,0,0,0,0,0,0,0,0,0,0,0,0,0,0,0,0,0,0,0,0,0.000599760095961615,0,0,0.00119952019192323,0,0,0,0.000199920031987205,0,9.99600159936026e-05,0,0,0,0,0,0,0,0,0.307876849260296,0,0,0.0038984406237505,0,0,0,0,0,0.000199920031987205,0.0525789684126349,0,0,0.00599760095961615,0,0,0,0,0,0.00139944022391044,0,0,0,0,0,0.000299880047980808,0,0.000299880047980808,0,0,0.000899640143942423,0
0,0,0,0,0,0,0,0,0,0,0,0,0,0.024997500249975,0.0022997700229977,0,0,0,0,0,0.0057994200579942,0.0036996300369963,0,0,0,0.0020997900209979,0,0,0.000999900009999,0.0005999400059994,0,0,0,0,0,0,0.0012998700129987,0,0,0,0,0,0,0.0074992500749925,0,0.005999400059994,0,0,0,0,0.0006999300069993,0,0,0,0,0,0,0,0,0,0,0,0,0,0,0,0.0283971602839716,0,0,0,0.002999700029997,0,0,0.0013998600139986,0,0,0,0,0,0.0155984401559844,0,0,0,0,0.124587541245875,9.99900009999e-05,0.0001999800019998,0,0,0.0021997800219978,0,0,0.0016998300169983,0,0,0,0.0013998600139986,0,0.0044995500449955,0,0,0,0,0,9.99900009999e-05,0,0,0.0985901409859014,0,0,0,0,0,0.0083991600839916,0,0,0,0,0.0013998600139986,0,0,0,0,0.0013998600139986,0.0322967703229677,0,0,0,0,0,0,0.130986901309869,0,0,0,0,0.0025997400259974,0,0,0,0.0062993700629937,0,0,0,0,0,0,0,0,0,0.0002999700029997,0,0,0.0027997200279972,9.99900009999e-05,0,0,0,0,0.0107989201079892,0,0,0,9.99900009999e-05,0,0,0,0,0,0,0,0,9.99900009999e-05,0,0,0,0,0.0298970102989701,0,0,0,0,0,0,0,0,0,0,0,0,0,0.0018998100189981,0,0,0,0,0,0.0056994300569943,0,0,0,0,0,0,0,0.0006999300069993,0,0,0,0,9.99900009999e-05,0,0,0,0.0010998900109989,0,0.0212978702129787,0.0066993300669933,0,0.000999900009999,0,0.0054994500549945,0,0,0,0,0,0,0.0043995600439956,0,0.0050994900509949,0,0,0.0222977702229777,0,0,0,0,0,0.0036996300369963,0,0,0,0,9.99900009999e-05,0,0,0,0,0,0.0312968703129687,0,0,0,0.0024997500249975,0,9.99900009999e-05,0,0.0024997500249975,0,0,0,0,0.0005999400059994,0.0001999800019998,0.0001999800019998,0,0,0,0.0610938906109389,0,0,0.0181981801819818,0,0,0,0,0,0,0.207579242075792,0,0,0.0020997900209979,0,0,0,0,0,0,0.002999700029997,0,0,0,0,0.0123987601239876,0,9.99900009999e-05,0,0,0.0132986701329867,0
0,0,0,0,0,0,9.99700089973008e-05,0,0,0,0,0,0,0,0.00299910026991902,0.000799760071978406,0,9.99700089973008e-05,0,0,0.0101969409177247,0.000199940017994602,0,0.000299910026991902,0,0.369389183245027,0,0,0.00109967009897031,9.99700089973008e-05,9.99700089973008e-05,0.00109967009897031,0,0,0,0,0.00379886034189743,0,0.000499850044986504,0,0,0,0,0,0,0.00969709087273818,0,0,0,0,9.99700089973008e-05,0,9.99700089973008e-05,0,0,0,0,0,0,0.00129961011696491,0,0,0,9.99700089973008e-05,0,0,0.000399880035989203,0,0,0,0.00109967009897031,0,0,0,0,0.000199940017994602,0,0,0,0.00179946016195141,0,0,9.99700089973008e-05,0,0.00269919024292712,0,9.99700089973008e-05,0,0,0.0149955013495951,9.99700089973008e-05,0.000299910026991902,0.000499850044986504,0,0,0,0,0,0.00499850044986504,0,0,0,0,0,0,0,0,0.00999700089973008,0,0,0,0.00169949015295411,0,0.00359892032390283,0,0,0,0,0.00199940017994602,0,0,0,0,0.000299910026991902,0.00669799060281915,0,0,0,0,0,0,0.0315905228431471,0,0.000199940017994602,0,0,0.00139958012596221,0,0,0,0.00409877036888933,9.99700089973008e-05,0,0,0,0,0,0,0,0,0.000499850044986504,0.00129961011696491,0,0,0,0,0,0,0,0,0,0,0,0.0151954413675897,0,0,0,0,0,0,0,0.00249925022493252,0.00169949015295411,0,0,0,0,0.00609817054883535,0.00179946016195141,9.99700089973008e-05,0,0,0.000599820053983805,0,0,0,0,0,0,0.000199940017994602,0,0.000699790062981106,0,0,0,0,0.000299910026991902,0,0,0,0,0,0,0,9.99700089973008e-05,0,0,0,0.00559832050384884,0.000899730080975707,0,0,0,0,9.99700089973008e-05,0,0.0364890532840148,0.00129961011696491,0.0412876137158852,0,0.00709787063880836,0.00209937018894332,0,0,0,0,0,0,0.013296011196641,0,0.0164950514845546,0,0,0.0149955013495951,0,0,9.99700089973008e-05,0,0,0,0,0.00659802059382185,0,0,0,0,0,0,0,0,0.0239928021593522,0,0,0,9.99700089973008e-05,9.99700089973008e-05,0,0,0,0,9.99700089973008e-05,0,0,0,9.99700089973008e-05,0,0,0.00259922023392982,0,0.00109967009897031,9.99700089973008e-05,0,0.0342897130860742,0.000299910026991902,0,0,0,0,0,0.245226432070379,0,0,0.000399880035989203,0,0,0,0,9.99700089973008e-05,0,0,0,0,0,0,0.0175947215835249,0,0.000399880035989203,0,0,0.00499850044986504,0
0,0,0,0,0,0,9.99800039992002e-05,0,0,0,0,0.0020995800839832,0,0.00379924015196961,0.0012997400519896,0,0.00589882023595281,0,0,0,0.000699860027994401,0.0002999400119976,0,0.000899820035992801,0,0.0172965406918616,0,0,0.000399920015996801,0.00519896020795841,0.207758448310338,0,0,0.025994801039792,0.000699860027994401,0,0.0015996800639872,0.00249950009998,0.00619876024795041,0,0.0001999600079984,0.001499700059988,0.000399920015996801,0.00739852029594081,0,0.0001999600079984,0,0,0,0,0.0001999600079984,9.99800039992002e-05,0,0,0,0,0,0.0002999400119976,0,0,0,0.0011997600479904,9.99800039992002e-05,0.000499900019996001,0,0.000899820035992801,0.000899820035992801,0.0002999400119976,0.0002999400119976,0,0.0030993801239752,0,0,0.0011997600479904,0,0,0,0,0,0.000499900019996001,0,0.000799840031993601,0.022995400919816,0,0.00339932013597281,0.0002999400119976,0.00619876024795041,0,0.000399920015996801,0.00719856028794241,0,0.000499900019996001,0.0358928214357129,0,0,0.0202959408118376,0,0,0.00459908018396321,0,0.0011997600479904,0,0,0,0.000399920015996801,0,0,0.0231953609278144,0,0,9.99800039992002e-05,0,0,0.0110977804439112,0,0.0010997800439912,0,0.0001999600079984,0.0257948410317936,0.0001999600079984,0,0,0,0,0.0470905818836233,0,0,0,0,0.013997200559888,0,0.00939812037592481,0.00779844031193761,9.99800039992002e-05,0,0.000999800039992002,0.031493701259748,0,0,0,0.000599880023995201,0,0.000699860027994401,0,0.012997400519896,0,0.001999600079984,0,0,0.00249950009998,0.000699860027994401,0,0,0,9.99800039992002e-05,0,0,0,0,0.0135972805438912,0,0.000499900019996001,0,9.99800039992002e-05,0,0,0,0,0,0,9.99800039992002e-05,0,0,0,0,0,0,0.018496300739852,0.0147970405918816,0,0,0.0002999400119976,0,0,9.99800039992002e-05,0,0,0,0,9.99800039992002e-05,0,0.00539892021595681,0.0001999600079984,0,0,0,0,0,0,0,0,0,0,0,0,0.0010997800439912,0,0,0.0001999600079984,9.99800039992002e-05,0,0,0,0,0.0027994401119776,0,0.00899820035992801,0.0162967406518696,0.0145970805838832,0.000899820035992801,0,0.0021995600879824,0,0,0.000599880023995201,0,0,0,0.029494101179764,0.0013997200559888,0.000699860027994401,0,0,0.00339932013597281,0,0,0.0010997800439912,0,0,0,0,0,0,0,0,0,0,9.99800039992002e-05,0,0,0,0,0,0,0.001499700059988,0.000899820035992801,9.99800039992002e-05,0.000699860027994401,0,0,0,0,0,0.0002999400119976,0,0,0,0,0.0001999600079984,0.000599880023995201,0,0.00859828034393121,0.0668866226754649,0,9.99800039992002e-05,0,0,0,0.00249950009998,0.133573285342931,0,0,0.0285942811437712,0,0,0,0,0,0.0031993601279744,0.0002999400119976,0,0,0,0,0.0141971605678864,0,9.99800039992002e-05,0,0,0.0015996800639872,0
0,0,0,0,0,0,9.9930048965724e-05,0.00419706205656041,0,0,0,0,0,0.0520635555111422,0.000699510342760068,0,0.000199860097931448,0,0,0,0.00759468372139502,0.00899370440691516,0,0.00049965024482862,0,0.141001299090637,0,0,0.0053962226441491,0.000799440391725792,0.000199860097931448,0,0,0.00189867093034876,0,0,0.00189867093034876,0,9.9930048965724e-05,0,0,0,0,0,0,0,0,0,0,0,0,0,0,0,0.0196862196462476,0,0,0.000199860097931448,0,0.00449685220345758,0,0.00259818127310882,0.00049965024482862,0,9.9930048965724e-05,0,0.0200859398421105,0.000199860097931448,0,0.0109923053862296,0.0125911861696812,0,0,0,0,0,0,0,0,0.00339762166483462,0,0,0.000299790146897172,0,0.0102927950434696,9.9930048965724e-05,0.00689517337863496,0,9.9930048965724e-05,0.0053962226441491,0,0.00119916058758869,0.0100929349455381,0,0,0.000699510342760068,0,0,0,0,0,0,0,0,0.000299790146897172,0.000199860097931448,0,0.129209553312681,0.000199860097931448,0,0,0,0,0.00659538323173778,0,0.000599580293794344,0,0,0.0288797841510942,0,0,0,0,0,0.0169881083241731,0,0,0,0,0,0,0,0,9.9930048965724e-05,0,0,0.000199860097931448,0,0,0,0.00099930048965724,0,0,0,0,0,0.000199860097931448,0,0,9.9930048965724e-05,0.00369741181173179,0,0,0,0.000799440391725792,0,0,0,0,0.00439692215449186,0,0,0,0,9.9930048965724e-05,0,0,0,0,0,0.00199860097931448,0,0,0,0,0,0,0.0300789447386829,0.000899370440691516,0,0,0,0,0,0,0,0,0,0,0,9.9930048965724e-05,0.0105925851903667,0,0,0,0,0,0.000199860097931448,0,0,0,0,0,0,0,0.000399720195862896,0.000299790146897172,0,0,0.0183871290096932,0,0,0,0,0,0,0.000199860097931448,0,0.0387728589987009,0.000599580293794344,0,0,0,0,0.000199860097931448,0,0,0,0,0,0.0167882482262416,0,0,0.0099930048965724,0,0,0,0,0,9.9930048965724e-05,0,0,0,0,9.9930048965724e-05,0,0,0,0,0,0,0.000399720195862896,0,0,0,9.9930048965724e-05,0.00339762166483462,0,0.000299790146897172,0,9.9930048965724e-05,0,0,9.9930048965724e-05,0,0,0,0,0,9.9930048965724e-05,0,0,0.0468671929649246,0,0,0,0.000399720195862896,0,9.9930048965724e-05,0.196162686119716,0,0,0.0603577495752973,0,0,0,0,0,0.00159888078345158,0.00489657239932048,0,0,0,0,0.00379734186069751,0.000199860097931448,0.00139902068552014,0,0,0.0208853802338363,0
0,0,0,0,0,0,0.0204897551224388,0.00129935032483758,0,0,0,0.000399800099950025,0,0.0397801099450275,9.99500249875062e-05,0,0,9.99500249875062e-05,0,0,0.00239880059970015,0.00149925037481259,0,0.000499750124937531,0,0.064167916041979,0,0,0.000299850074962519,0,0,0,0,0.00539730134932534,0.000899550224887556,0,0.000599700149925037,0.0118940529735132,0,0,0,0.00129935032483758,0,0.00999500249875063,0,0.00229885057471264,0,0,0,0,0,0.000299850074962519,0.000899550224887556,0,0,0.000399800099950025,0,9.99500249875062e-05,0,0.0129935032483758,0,0.00289855072463768,0,0.0199900049975013,9.99500249875062e-05,0.0015992003998001,0.00509745127436282,0,0,0.0047976011994003,0.00369815092453773,0,0,0.00229885057471264,0,0,0,0.00079960019990005,0,0.0127936031984008,0,0.000299850074962519,0.00169915042478761,0,0.0203898050974513,9.99500249875062e-05,0.000299850074962519,0,0,0.00439780109945028,0.0696651674162918,0.00079960019990005,0.00659670164917541,0,0,0.00119940029985007,0,0,0.00349825087456272,0.000599700149925037,0.00789605197401299,0,0,0,0.000499750124937531,0,0.00109945027486257,0.0951524237881059,0.00119940029985007,0.00329835082458771,0.0126936531734133,0,0,0,0,0,0,0.00339830084957521,0.000899550224887556,0,0,0.000299850074962519,0,0,0.000499750124937531,0,0.0047976011994003,0,0,0,0,0.00209895052473763,0,0.000999500249875062,0,0,9.99500249875062e-05,0,0,0,0.000199900049975012,0,0,0,0,0,0.00409795102448776,0,0,0,0.000899550224887556,0.000499750124937531,0,0,0,0,0,0,0,0.0109945027486257,0,0.000499750124937531,0,9.99500249875062e-05,0,9.99500249875062e-05,0,0,0,0,0.000699650174912544,0,0,0,0,0,0.00169915042478761,0.0195902048975512,0.00549725137431284,0,0,0,0,0,0.00419790104947526,0,0,0,0,0,0.00119940029985007,0.00209895052473763,9.99500249875062e-05,0,0,0.000199900049975012,0,0,0,0,0,0,0,0,0,0.00119940029985007,9.99500249875062e-05,0,9.99500249875062e-05,0.000199900049975012,0,0,0.000399800099950025,0,0.000299850074962519,0.0015992003998001,0.00249875062468766,0.00209895052473763,0.0121939030484758,0,0,0.000199900049975012,0,0,0,0,0,0,0.00139930034982509,0.000399800099950025,0.015192403798101,0.00149925037481259,0.00259870064967516,0.00299850074962519,0,0,0,0,0.000899550224887556,0,0,0.00249875062468766,0,0,0,0,0,0.000199900049975012,0,0,0.032183908045977,0.000399800099950025,0,0,0.000499750124937531,9.99500249875062e-05,9.99500249875062e-05,0,0.00109945027486257,0.00259870064967516,0.000199900049975012,0,0,9.99500249875062e-05,0.00179910044977511,0,0,0.00719640179910045,0.00139930034982509,0.0998500749625187,0,0,0.00119940029985007,0,0.000299850074962519,0,0.000199900049975012,0.000699650174912544,0.00129935032483758,0.248975512243878,0,0,0.00499750124937531,0,0,9.99500249875062e-05,0,9.99500249875062e-05,0.00299850074962519,0,0,0,0,0,0.0111944027986007,0,9.99500249875062e-05,0,0,0.00239880059970015,0
0,0,0,0,0,0,0,0.00179946016195141,0.012296311106668,0,0,0,0,0,0,0,0,0,0,0,9.99700089973008e-05,0.000399880035989203,0,0.000299910026991902,0,0.23962811156653,0,0,0.00669799060281915,0.00819754073777867,0,0,0,0,0,0,0.000399880035989203,0.0101969409177247,0,0,0,0,0,0,0,0.0230930720783765,0,0,0.000199940017994602,0,0,9.99700089973008e-05,0,0,0,0,0,0,0,0.0218934319704089,0,0.00389883035089473,0,0,0,0,0.00429871038688393,0,0,0,0.00129961011696491,0,0,0.000299910026991902,0,0,0,0,0,0.00389883035089473,0,0,0,0,9.99700089973008e-05,0,9.99700089973008e-05,0,0,0.00139958012596221,0.000699790062981106,0.00169949015295411,0,0,0,0,0,0,0,0,0,0,0,0,0,0,0.00799760071978406,0.0269919024292712,0,0,0,0,0,0.000199940017994602,0,0,0,0,0.0123962811156653,0,0,0,0,9.99700089973008e-05,0.000899730080975707,0.0578826352094372,0,0,0,0,0,0.000599820053983805,0,0,0,0,0,0,0,0,0,0,0,0,0,0,0,0,0,0,9.99700089973008e-05,0,0,0,0,0,0,9.99700089973008e-05,0,0,0,0,0,0,0,0,0,0,0,0,0.000699790062981106,0.00219934019794062,0,0,0,0,0,0,0,0,0,0,0,0,0,0,0,0,0,0,0,0.00229931020693792,0,0,0,0,0,0,0,0,0,0,0,0.000799760071978406,0,0.00939718084574628,0,0,9.99700089973008e-05,0.000299910026991902,0.0129961011696491,0,0,0,0.000199940017994602,0,0.00769769069279216,0.00119964010796761,0,0,0,0,0,0,0,0,0,0,0.00179946016195141,0.000399880035989203,0,0,0,0.0366889933020094,0,0,0,0,0,0,0,0,0,0,0.000399880035989203,0,0,0,0,0,0,0,0,0,0.000399880035989203,0.00179946016195141,0.0108967309807058,0,0,0.000399880035989203,0,0,0,0.000499850044986504,9.99700089973008e-05,0,0,0,0,0.452064380685794,0,0,0.00439868039588124,0,0,0,0,0,0,0.000399880035989203,0,0,0.00159952014395681,0,0,0,0,0,0,0,0,0,0,0,0,0,0,0,0,0,0
0.000600300150075037,0,0,0.000100050025012506,0,0,0.000500250125062531,0,0,0,0,0,0,0,0.00170085042521261,0,0,0,0,0,0,0.000600300150075037,0,0.00100050025012506,0,0.133066533266633,0,0,0.000500250125062531,0.00210105052526263,0,0,0,0.0196098049024512,0,0,0.000300150075037519,0,0,0,0,0,0,0,0,0,0,0,0,0,0,0,0,0,0,0,0,0,0,0.00260130065032516,0,0,0.000100050025012506,0.000200100050025013,0,0,0.0255127563781891,0,0,0,0.000500250125062531,0,0.00390195097548774,0,0,0,0.000100050025012506,0.00110055027513757,0,0.00710355177588794,0,0,0,0,0.133666833416708,0.000300150075037519,0,0,0,0.00270135067533767,0,0.00260130065032516,0.0191095547773887,0,0,0,0,0,0,0,0,0.0016008004002001,0,0,0.00100050025012506,0,0,0.0131065532766383,0,0.00210105052526263,0,0,0,0.0308154077038519,0,0,0,0,0,0.00080040020010005,0,0,0,0.000400200100050025,0.00700350175087544,0,0,0,0,0,0,0,0,0.000500250125062531,0,0,0.00310155077538769,0.000100050025012506,0,0,0.00140070035017509,0,0,0,0,0,0.000300150075037519,0,0,0,0,0,0,0,0.000100050025012506,0,0,0,0,0,0,0,0,0,0,0,0,0,0,0,0.000300150075037519,0,0,0,0,0,0,0.00430215107553777,0.0282141070535268,0,0,0,0,0,0,0,0,0,0,0,0,0,0.000200100050025013,0.000100050025012506,0,0,0,0,0,0,0,0,0,0,0,0.00650325162581291,0,0.00560280140070035,0.000100050025012506,0.000100050025012506,0,0,0,0,0,0.000200100050025013,0.00510255127563782,0.000700350175087544,0,0,0.0204102051025513,0.0107053526763382,0,0,0,0,0,0,0.00860430215107554,0,0.0303151575787894,0,0,0.00550275137568784,0,0,0,0.000100050025012506,0,0.00210105052526263,0,0,0,0,0,0,0,0,0,0,0.0462231115557779,0,0,0,0.00100050025012506,0.000300150075037519,0.00560280140070035,0,0,0,0,0,0,0.000300150075037519,0,0,0,0,0.00180090045022511,0.00080040020010005,0,0,0.0110055027513757,0,0,0,0,0.00170085042521261,0.000200100050025013,0.356778389194597,0,0.0048024012006003,0.00720360180090045,0,0,0,0,0,0,0.000500250125062531,0,0,0,0,0.00410205102551276,0,0.00100050025012506,0,0,0.00560280140070035,0
0,9.9940035978413e-05,0,0,0,0,0.0268838696781931,0,0,0,0,0,0,0,0.00739556266240256,0,0,0,0,0.00369778133120128,0,0.00409754147511493,0,0,0,0.0877473515890466,0,0,0.0163901659004597,0.00259844093543874,0.00599640215870478,0.000799520287827304,0,0.0053967619428343,0,0,0.00129922046771937,0.0180891465120927,0,9.9940035978413e-05,0,0.00499700179892065,0,0,0,0.00289826104337398,0,0.000199880071956826,0,0,9.9940035978413e-05,0,0,0,0.0030981411153308,0,0,0,0,9.9940035978413e-05,0,0,0,0,0,0,0.00319808115130921,0,0.000199880071956826,0,0,0,0,0.000399760143913652,0,0,0,0,0,0.000199880071956826,0,0,0.00799520287827304,0,0,0,0.00519688187087747,0,0.00279832100739556,0,0,0.00439736158305017,0.0022986208275035,0,0,0.0076953827703378,0.000799520287827304,0,0.00599640215870478,0,0,9.9940035978413e-05,0,0,0,0,0,0.424045572656406,0,0,0.016689986008395,0.00679592244653208,0,0.000399760143913652,0.000199880071956826,0,0,0,0.0130921447131721,0,0,0,0,0.000299820107935239,0.000999400359784129,0,0,0.0346791924845093,0,0,0.0121926843893664,0.0398760743553868,0,0,0,0.00519688187087747,0.00209874075554667,0.0022986208275035,0,0,0.0022986208275035,0,0.00189886068358985,0,0,0,0.00139916050369778,0,0,0,0,0.000999400359784129,0,0,9.9940035978413e-05,0,0,0,0,0,0,0,0,0,0,9.9940035978413e-05,0,0,0,0,0,0,0.00239856086348191,0,0,0,0.000699580251848891,0,0,0,0,0,0,0,0.0105936438137118,0,0,0,0,0,0,0.00139916050369778,0,0,0,0,0,0,0,0,0,0,0,0.0294823106136318,0,0.000599640215870478,0,0,0,0.00249850089946032,0,0.00719568259044573,0,0.000299820107935239,0,0,0.00389766140315811,0,9.9940035978413e-05,0,0,0.00299820107935239,0,0,0,0,0,0,0.000699580251848891,0,0,0,0,0.0368778732760344,0,0,0,0,0.00349790125924445,0,0.000499700179892065,0.00629622226664002,0,0,0,0,9.9940035978413e-05,0,0,0,0,0,0,0,0,0.000599640215870478,0.000199880071956826,0,0,0,0,0,0,0.000299820107935239,9.9940035978413e-05,0,0,0,0,0.029282430541675,0,0.000399760143913652,0.00959424345392764,0,0,0.000299820107935239,0,0,0.00109934039576254,0.0231860883469918,0,0,0.00209874075554667,0,0,0,0,0.00639616230261843,0,0.000599640215870478,0,0,9.9940035978413e-05,0,0.00659604237457526,0,0.000599640215870478,0,0,0.00949430341794923,0
0,0,0,0,0,0,9.99800039992002e-05,0,0,0,0,0.0001999600079984,0,0,0.0001999600079984,0.000799840031993601,0.002999400119976,0,0,0.000499900019996001,0,0,0,0.000699860027994401,0,0.11377724455109,0,0,0.0018996200759848,0.00559888022395521,0,0,0,0.00819836032793441,0,0,0,0.0397920415916817,0,0,0,0.000699860027994401,0,0,0,0.013497300539892,0,0,0,0,0.0002999400119976,9.99800039992002e-05,0.0002999400119976,0,0.0010997800439912,0.000399920015996801,0,0,0,0.00389922015596881,0,0.000499900019996001,9.99800039992002e-05,0.000599880023995201,0,0.000899820035992801,0.0136972605478904,0.00569886022795441,0,0.00389922015596881,0,0,0,0.000999800039992002,0,0.0385922815436913,0,0.0001999600079984,0,0.00519896020795841,0,0,0.0150969806038792,0,0,0.0013997200559888,0,0,0.0013997200559888,0.000799840031993601,0,0.000999800039992002,0.0022995400919816,0,0,0,0,0,0.00349930013997201,0.000399920015996801,0.000799840031993601,0.0020995800839832,0,0,9.99800039992002e-05,0,0,0.284643071385723,0.000799840031993601,0,0.00489902019596081,0,0,0.000499900019996001,0,0,0,0.001999600079984,0.0143971205758848,0,0,0.0013997200559888,0,0,0.00949810037992401,0,0,0,0.0020995800839832,0,0.00489902019596081,0.0023995200959808,0,0,0,0,9.99800039992002e-05,0,0.000899820035992801,0,0.0011997600479904,0.000499900019996001,0.0025994801039792,0,0,0,0.00429914017196561,0,0,0,0.00569886022795441,0.0001999600079984,0,0.000799840031993601,0,0,0,0,0.00419916016796641,0,0,0,0.0001999600079984,0.0236952609478104,9.99800039992002e-05,0,0.0013997200559888,0,0,0.000899820035992801,9.99800039992002e-05,0,9.99800039992002e-05,0,0,0,0.00249950009998,9.99800039992002e-05,0.00979804039192162,0,0.0001999600079984,0,0,0.00249950009998,0.00609878024395121,0,0,0,0,0,0,0.00659868026394721,0,9.99800039992002e-05,0,0,0,0,0,0,0,0,0,0.0013997200559888,0,0.0302939412117576,0.000599880023995201,0,0,0.000699860027994401,0,0,0.0002999400119976,9.99800039992002e-05,0.000999800039992002,0,0.0020995800839832,0.000499900019996001,0.0641871625674865,9.99800039992002e-05,0,9.99800039992002e-05,0,0,0.0001999600079984,0,0,0.000399920015996801,0,9.99800039992002e-05,0.00359928014397121,0.0016996600679864,0.001999600079984,0.0470905818836233,0,0,0.000499900019996001,0,0.0027994401119776,0.0001999600079984,0,0,0,0,0,0.0027994401119776,0,0,0,0,0,0.0001999600079984,0.0012997400519896,0,0.000899820035992801,0.0383923215356929,0.0017996400719856,0,0.0012997400519896,0,0,0,0,0.0002999400119976,0,0,9.99800039992002e-05,0,0.00349930013997201,0.0010997800439912,0.00459908018396321,0.00929814037192562,0.00379924015196961,0,0,0,0,9.99800039992002e-05,0.000499900019996001,0.016996600679864,0,0,0.0444911017796441,0,0,0,0,9.99800039992002e-05,0.0002999400119976,0.00349930013997201,0,0,0.0001999600079984,0,0,0.0001999600079984,0,0,0,0.00749850029994001,0
0,0,0,0,0,0,0,0.001000200040008,0,0,0,0,0,0.0013002600520104,0.0029005801160232,0,0,0.0001000200040008,0,0,0.00430086017203441,0.0027005401080216,0.0001000200040008,0.0001000200040008,0,0.170834166833367,0,0,0.00490098019603921,0.0019003800760152,0.00520104020804161,0,0.0002000400080016,0.00350070014002801,0,0,0.00970194038807762,0,0.000800160032006401,0,0,0.0003000600120024,0.0219043808761752,0.0026005201040208,0.0002000400080016,0,0.00350070014002801,0.0017003400680136,0.0002000400080016,0,0,0,0.000600120024004801,0.0002000400080016,0,0,0,0,0,0.00920184036807361,0,0,0,0.0172034406881376,0,0.003000600120024,0.0108021604320864,0,0,0,0.0021004200840168,0,0.000800160032006401,0.0003000600120024,0,0,0,0,0.0022004400880176,0.0198039607921584,0,0.0019003800760152,0.028505701140228,0,0.00450090018003601,0,0,0.0349069813962793,0,0.0021004200840168,0,0.001500300060012,0.0023004600920184,0,0,0.0017003400680136,0,0,0,0,0,0,0,0,0.0001000200040008,0,0.00520104020804161,0.214242848569714,0,0,0.000800160032006401,0,0,0.000400080016003201,0.0001000200040008,0,0,0.000500100020004001,0.0146029205841168,0,0,0,0,0.0002000400080016,0.00920184036807361,0,0,0,0.0012002400480096,0,0,0.00920184036807361,0,0,0,0.0001000200040008,0.00660132026405281,0,0,0,0.00960192038407682,0.0019003800760152,0,0,0.0149029805961192,0,0,0,0,0,0.000900180036007201,0,0,0.000500100020004001,0,0,0,0.003000600120024,0.001500300060012,0.0013002600520104,0,0.000700140028005601,0.000600120024004801,0,0,0,0.0003000600120024,0,0,0,0,0.0001000200040008,0.0001000200040008,0,0,0.000400080016003201,0.0017003400680136,0.0173034606921384,0.0229045809161832,0,0,0,0,0,0,0,0,0.0208041608321664,0,0,0,0.001500300060012,0,0,0,0,0.0002000400080016,0,0,0,0.0003000600120024,0.010502100420084,0,0,0,0.001000200040008,0,0,0,0.00920184036807361,0,0,0,0.0012002400480096,0.001500300060012,0.000400080016003201,0.00390078015603121,0.011002200440088,0.0437087417483497,0,0,0,0,0,0,0,0,0,0.00340068013602721,0,0.00730146029205841,0,0.0011002200440088,0.00470094018803761,0,0,0,0,0,0,0,0.00490098019603921,0,0,0,0,0,0,0,0,0,0,0.0024004800960192,0,0.0011002200440088,0,0,0,0,0.00330066013202641,0,0,0,0.0012002400480096,0,0,0,0,0,0.000600120024004801,0,0.00740148029605921,0.003000600120024,0,0,0,0,0.000400080016003201,0.0003000600120024,0.0912182436487297,0,0,0.024004800960192,0,0,0,0.0002000400080016,0,0,0.00360072014402881,0,0,0,0,0.001500300060012,0.0003000600120024,0.0002000400080016,0,0,0.00890178035607121,0
0,0,9.99800039992002e-05,0,0,0,0,0,0.0001999600079984,0,0,0.0002999400119976,0,0,0.00399920015996801,0.0001999600079984,0.000999800039992002,9.99800039992002e-05,0,0,0,0.0021995600879824,0,0.000599880023995201,0.00359928014397121,0.279344131173765,0,0.000599880023995201,0.00509898020395921,0.00339932013597281,0,0,0,0.0211957608478304,0.000699860027994401,0,0.000999800039992002,0,0,0,0,0,0.0249950009998,0,0,0.0393921215756849,0,0,0,0.000999800039992002,0,0.00839832033593281,0.000699860027994401,0,0,0.000599880023995201,0,9.99800039992002e-05,0,0.00599880023995201,0,0.00499900019996001,9.99800039992002e-05,0,0,0.0001999600079984,0.000899820035992801,0.0025994801039792,0,0.000799840031993601,0,0,0,0,0.0001999600079984,0,0,0.000999800039992002,0,0.000799840031993601,0,0.0013997200559888,0.000499900019996001,0,0.00949810037992401,0.000799840031993601,0,9.99800039992002e-05,0.0011997600479904,0,0.000499900019996001,0.0017996400719856,0.011497700459908,0,0,0.00449910017996401,0.0001999600079984,0,0,0.000399920015996801,0.001499700059988,0,0,0.0010997800439912,0.0002999400119976,0,0,0.0002999400119976,0,0,0.0025994801039792,0,0.00479904019196161,0,0,0,0,0.000599880023995201,0.00559888022395521,0,0,0,0,0,0,0,9.99800039992002e-05,0.0021995600879824,0,0,0,0.00429914017196561,0.00799840031993601,0.000499900019996001,0.000799840031993601,0,0,0,0.000799840031993601,0.0001999600079984,9.99800039992002e-05,0.002999400119976,0.0011997600479904,0,0,0,0.0002999400119976,0,0.000599880023995201,0.0010997800439912,9.99800039992002e-05,0,0.000399920015996801,0,0,0,0,0.00559888022395521,0.00499900019996001,0,0,0.000799840031993601,0,0,0.0001999600079984,0,0,0.000399920015996801,0,0.0235952809438112,0.000499900019996001,0,0,0.0016996600679864,0,0,0.000399920015996801,0.00539892021595681,0.0027994401119776,0,0,0,0.0002999400119976,0,0.000599880023995201,0.0012997400519896,0,0,0.00499900019996001,0,0.0001999600079984,0,0,0,0,0.0012997400519896,0,0,0,9.99800039992002e-05,0,0.00379924015196961,0,0,0,0.0001999600079984,0,0,0,0.000599880023995201,0,0,0.0023995200959808,0,0,0.000699860027994401,0.00349930013997201,0.0010997800439912,0,0,0,0,0,0.00569886022795441,0.0002999400119976,0,0,0,0,0,0.00389922015596881,0.00869826034793041,0.00439912017596481,0.0152969406118776,0.000899820035992801,0,0,0,0.0016996600679864,0.0001999600079984,0,0.0136972605478904,0.00849830033993201,0,0.000399920015996801,0,0,0.0001999600079984,0.000799840031993601,0,0,9.99800039992002e-05,0,9.99800039992002e-05,0.000599880023995201,0.00329934013197361,9.99800039992002e-05,0,0,0,9.99800039992002e-05,0,0,0,0,0,0,0,0,0.001999600079984,0,0,0,0.147070585882823,0.000499900019996001,0,0,0,0.000799840031993601,0.212057588482304,0,0,0,0,0,0,0,9.99800039992002e-05,0.0013997200559888,0,0,0,0,0,0,0,0,0,0,0.0102979404119176,0
0,0,0,0,0,0,0,0,0,0,0.000199920031987205,0,0,0,0.00189924030387845,0,0,0,0,0,9.99600159936026e-05,0.00199920031987205,0,0,0,0,0,0,0,0,0.0268892443022791,0,0,0.0164934026389444,0,0,0.0117952818872451,0.0152938824470212,0,0,0,0,0,0.0180927628948421,0,0,0.00479808076769292,0,0,0,0.000599760095961615,0,0,0,0,0,0,0,0.000199920031987205,9.99600159936026e-05,0,0,9.99600159936026e-05,0,0.000299880047980808,0,0.00439824070371851,0,0.00209916033586565,0.000199920031987205,0,0,0,0,0,0,0,0,0,0.000299880047980808,0,0,0.000599760095961615,0,0,0,0.0076969212315074,0,0,0.0790683726509396,0,9.99600159936026e-05,0,0,0,0,0,0,0.0694722111155538,0,0,0,0,0,0,0,0,0.0639744102359056,0,0.0192922830867653,0,0,0,0.0956617353058777,0,0.000899640143942423,0,0.000299880047980808,0.000999600159936026,0,0,0,0.000199920031987205,9.99600159936026e-05,0.106757297081168,0,0,0,0,0,0.00629748100759696,0.00039984006397441,0,0,0,0,0,0,0,0,9.99600159936026e-05,0,0,0,0,0,0.000199920031987205,0,0,0,0.000899640143942423,0,0,0,0,0,0.00039984006397441,0,0,0.007796881247501,0,0,0,0,0,0,0,0,0,0,0,0,0,0,0,0,0,0,0.0302878848460616,0,0,0,0,0,0,0,0,0,0,0,0,0.0234906037584966,0,0.000999600159936026,0,0,0,0,0,0,0,0,0,0,0,0,0,0,0,9.99600159936026e-05,0,0,0,0.000199920031987205,0.00299880047980808,0,0.00259896041583367,0,0,0,0,0,0,0,0,0.000499800079968013,0,0,0.0214914034386245,0,0.00119952019192323,0,0,0.0715713714514194,0,0,0,0,0,0.00229908036785286,0,0,0,0.00079968012794882,0,0.000199920031987205,0,0,0,0,0,0,0.00079968012794882,0,0.000899640143942423,0,0,0,9.99600159936026e-05,0,0,0,0,9.99600159936026e-05,0,0,0,0,0,0.0037984806077569,0,0,0.015593762495002,0,0,0,0,0,0.00039984006397441,0.182127149140344,0,0,0.0361855257896841,0,0,0,0,0,0,0.00669732107157137,0,0,0,0,0.00669732107157137,0,0.00219912035185926,0,0,0.0185925629748101,0
0,9.9940035978413e-05,0,0,0,0,0,0,0,0,0,0.000299820107935239,0,0,0.049370377773336,0,0.0115930441734959,0.00119928043174096,0,0,0,0.00249850089946032,0,0.000399760143913652,0,0.123525884469318,0,0,0.00699580251848891,0.0144913052168699,0.00579652208674795,0,0,0.00289826104337398,0.000999400359784129,0,9.9940035978413e-05,9.9940035978413e-05,0,0,0,0,0.0547671397161703,0,0,0.0473715770537677,0,0,0,0,0,0,0,0,0,0.000299820107935239,0,0,9.9940035978413e-05,0,0,0,0,0,0,0,0.012092744353388,0,0,0,0,0,0,0,0,0,0,0,0,0.00289826104337398,0,0.000499700179892065,0.00479712172696382,0,0,9.9940035978413e-05,0.00499700179892065,0,0,0.000499700179892065,0,0.00359784129522287,0.0955426743953628,0,0,0.00759544273435938,0,0,0.00149910053967619,0,0,0,0,0,0.000199880071956826,0,0,0.0114931041375175,0,0.0276833899660204,0.00149910053967619,0,0,0.0225864481311213,0,0,0,0.000199880071956826,0.00579652208674795,0,0,0,0,0.000299820107935239,0.0053967619428343,0.000899460323805717,0,0.00279832100739556,0,0,0.00519688187087747,0,0,0.000199880071956826,0,0,0.00129922046771937,0,0,0,0.00129922046771937,0.00369778133120128,0,0.000199880071956826,0,0,0,0,0,0,0,0,0,0,0,0,0,0,0,0.00449730161902858,0,0,0,0.12092744353388,0,0,0.000299820107935239,0,0,0.000799520287827304,0.000199880071956826,0,0,0.00299820107935239,0,0,0.00109934039576254,0,0.000699580251848891,0,0,0,0,0,9.9940035978413e-05,0,0,0,0,0,0.000399760143913652,0.00329802118728763,0,0,0,0,0,0,0,0,0,0,0,0.0514691185288827,0,9.9940035978413e-05,0,0,0,0,0.000199880071956826,0.00349790125924445,0,0,0.000399760143913652,0.000999400359784129,0.00429742154707176,0,0,0,0.00529682190685589,0,0,0,0,0,0,0,0.0053967619428343,0,0.00189886068358985,0,0.00239856086348191,0.0134919048570857,0,0,0,0,0,9.9940035978413e-05,0,0.00959424345392764,0,0,0.000499700179892065,0.000399760143913652,0,0,0,0,0,0,0,0,0,0.000199880071956826,9.9940035978413e-05,0,0,0.00579652208674795,9.9940035978413e-05,0,0,9.9940035978413e-05,0,0,0,0,0,0.00289826104337398,0,0,0.0830501698980612,0,0,0,0,0,0,0.11083349990006,9.9940035978413e-05,0,0.0109934039576254,0,0,0,0,0,0,0.000899460323805717,0,0,0,0,0,0,0.000299820107935239,0,0,0.00149910053967619,0
0,0,0,0,0,0,0.00409918016396721,0,0,0,0,0,0,0,0.00829834033193361,0,0,0,0,0,0.00669866026794641,0.00549890021995601,0,0,0.000399920015996801,0.499700059988002,0,0,0.0351929614077185,0.0026994601079784,0.0026994601079784,0.0183963207358528,0.0002999400119976,0.02249550089982,0,0,0,0,0,0,0,0,0,0.00459908018396321,0,0.00369926014797041,0,0.0012997400519896,0,0,0,0,0,0,0.0021995600879824,9.99800039992002e-05,0,0,0,0.0193961207758448,0,0,0,0,0,0,0.0010997800439912,0,0,0,0.000899820035992801,0,0,0.0016996600679864,0,0,0,0,0,0.000999800039992002,0,0,0,0,0.00529894021195761,0,0,0,0,0.0103979204159168,0.0002999400119976,0,0,0,0,0,9.99800039992002e-05,0,0.0010997800439912,0,0,0,0,0.000399920015996801,9.99800039992002e-05,0.0001999600079984,0,0.0456908618276345,0,0,0,0,0,9.99800039992002e-05,0.000999800039992002,0,0,0,0.0028994201159768,0,0,0,0,0,0.0206958608278344,0,0,0,0.0002999400119976,0,0.0011997600479904,0.00379924015196961,0,0,0,0,0,0,0,0.000499900019996001,0.0018996200759848,0,0,0,0,0,0,9.99800039992002e-05,0,0,0.0030993801239752,0.0002999400119976,0,0,9.99800039992002e-05,0,0,0,0.0027994401119776,0.0026994601079784,0,0,0,0,0,0,0,0,0,0,0,0,0,0,0,0,0,0,0.0016996600679864,0.000499900019996001,0,0,0,0,0,0,0,0.0324935012997401,0,0,0.00579884023195361,0.00599880023995201,0,0,0,0,0,0,0,0,0,0,0,9.99800039992002e-05,0.00689862027594481,0,0,0,0,0.00339932013597281,0,0.00699860027994401,0.0026994601079784,0.001499700059988,0.000599880023995201,0,0.00889822035592881,0.000699860027994401,0,0,0,0,0,0,0,0.0012997400519896,0.00569886022795441,0,0.000899820035992801,0,0.014497100579884,0,0,0.023495300939812,0,0,0,0,0,0,0,0.00339932013597281,0,0,0.0001999600079984,0,0,0,0,0,0,0.000399920015996801,0.00329934013197361,0.0002999400119976,0.0001999600079984,0,0,0,0.0010997800439912,0.0021995600879824,0,0,0,0.000499900019996001,0,0,0,0,0,0,0,0.0158968206358728,0,0,0,0,0,0,0,0.0383923215356929,0,0,0.0342931413717257,0,0,0,0,0,0,0.00369926014797041,0.0111977604479104,0,0,0,0.0026994601079784,0,0,0.0027994401119776,0,0.00769846030793841,0
0,0,9.98502246630055e-05,0,0,9.98502246630055e-05,9.98502246630055e-05,0,0,9.98502246630055e-05,0.000299550673989016,0,9.98502246630055e-05,0.00748876684972541,0.00129805292061907,0,0,9.98502246630055e-05,0,9.98502246630055e-05,0.00149775336994508,0.00299550673989016,0,9.98502246630055e-05,0.000898652021967049,0.0830753869196206,0,0,0.000199700449326011,0.0035946080878682,0.0120818771842237,0,0,0.0228657014478283,0,0,0.0334498252621068,0.018771842236645,0.000698951572641038,0,9.98502246630055e-05,0,0,0,0,0.0617074388417374,0.00429355966050924,0.000399400898652022,0,9.98502246630055e-05,0.000199700449326011,0,9.98502246630055e-05,0,0.00808786819770345,0,0,0,0,0.0123814278582127,9.98502246630055e-05,0,9.98502246630055e-05,0,0,0,0.000299550673989016,0,0,0,0,9.98502246630055e-05,0,0.00119820269595607,0,0,0,0,0,0.00858711932101847,0.000599101347978033,0,0.0253619570644034,0,0.00389415876185721,0.000199700449326011,0.0156764852720919,9.98502246630055e-05,0,0.00439340988517224,0,0.000599101347978033,0.000199700449326011,0,0,0,0,0,0.00479281078382426,0,0,0,0,0,0,0.00159760359460809,0,0.0280579131303045,0,0,0,0,0,0.0146779830254618,0,9.98502246630055e-05,0,9.98502246630055e-05,0.00609086370444333,0,0,0,0,0,0.118422366450325,0,0,0,0.000299550673989016,0,0.00688966550174738,0.000998502246630055,0,0.000299550673989016,0,0,0.000199700449326011,0,0,0,0.000499251123315027,0,0,0,0,0,0.000998502246630055,0.000599101347978033,0,0,0,0.00599101347978033,0,0,0,0,0,0,0,0.0133799301048427,0,0,0,0,0,0,0,0,0,0,9.98502246630055e-05,0,9.98502246630055e-05,0,0,0,0.000399400898652022,0.00798801797304044,0.00309535696455317,0.000798801797304044,0,0,0,0,0.0018971542685971,0,0,0,0,0,0,0.0110833749375936,9.98502246630055e-05,0,0.018072890664004,0,0,0,0,0.0239640539191213,0,0,0,0,0,0.000199700449326011,0.00159760359460809,0,0,0.000199700449326011,0,0,0,0.00159760359460809,0.00499251123315027,0,0.00818771842236645,0.0128806789815277,0.0234648027958063,0,0,0,0.00619071392910634,0,0,0,0,9.98502246630055e-05,0.0224663005491762,0.00119820269595607,0.0234648027958063,9.98502246630055e-05,0,0.0219670494258612,0,0.000199700449326011,0,0,0,0.000599101347978033,0,0,0,0,0,0,0,0,0,0,0,0.000499251123315027,0.00169745381927109,0,0.00139790314528208,0.00109835247129306,9.98502246630055e-05,0,0.00768846729905142,0.00309535696455317,9.98502246630055e-05,0,0,0.000299550673989016,0,0,0,0,0,0,0.000299550673989016,0.00798801797304044,0.0208686969545681,0.000199700449326011,0,0,0,0,0.000299550673989016,0.142685971043435,0.000299550673989016,0,0.0604093859211183,0,0,0,0,0,0,0.00219670494258612,0,0,0,0,0.00419370943584623,0.000199700449326011,0.000898652021967049,0,0,0.0036944583125312,0
0,0,0.000299880047980808,0.000199920031987205,0,0,9.99600159936026e-05,0.00269892043182727,0,0,0,0,0.000999600159936026,0,0.190323870451819,9.99600159936026e-05,0.00649740103958417,0,0,0.000599760095961615,0.0136945221911235,0.00289884046381447,0,0,0,0,0,0,0.007796881247501,0.0126949220311875,0,0,0,0.0195921631347461,0,0,0.00039984006397441,0.00849660135945622,0,0.000199920031987205,0,0,0,0,0,0.0479808076769292,0,0,0,0,0.000999600159936026,0,0,0,0.00079968012794882,9.99600159936026e-05,0,0,0,0.00219912035185926,0,0,0,9.99600159936026e-05,0,0,0.00309876049580168,0,0,0,0.00199920031987205,0,0.000199920031987205,0,0,0,0,0.000599760095961615,0,0.0161935225909636,0,0,0.00199920031987205,0,0.0164934026389444,0,0.0196921231507397,0,0,0.0119952019192323,0,0.00179928028788485,0.0349860055977609,0,0,0.00369852059176329,0,0.000299880047980808,0.00439824070371851,0,0,0.00219912035185926,0,0,9.99600159936026e-05,0,0,0.0076969212315074,0,0.00469812075169932,0,0,0,0,0,0,0,0,0.0266893242702919,0,0,0,0,9.99600159936026e-05,0.0417832866853259,0,0,0,0.00079968012794882,0,0,0.0162934826069572,0,9.99600159936026e-05,0,0,0,0,0,0,0.00349860055977609,9.99600159936026e-05,0,0,0,0.00179928028788485,0.00149940023990404,0,0,0.00119952019192323,0.000699720111955218,0.00369852059176329,0,0,0.00209916033586565,0.00239904038384646,0.00189924030387845,0,0,0.00209916033586565,0,0.000499800079968013,0,0.0490803678528589,0.0104958016793283,0,0,0,0,0,0.000299880047980808,0,0.0203918432626949,0,0,0,0,0.00079968012794882,0,0,0,0,0,0.00249900039984006,0.00039984006397441,0.00149940023990404,0,0,0,0,0,0.0117952818872451,0,0,0,0,0,9.99600159936026e-05,0,0,0,0,0,0,0,0.00179928028788485,0,0.00489804078368653,0,0.00039984006397441,0.000599760095961615,0,0,0.00179928028788485,0.000999600159936026,0,0,0.000299880047980808,0.015093962415034,0,0.00239904038384646,0,0,0,0,0,0.00939624150339864,0.0362854858056777,0,0,0.040983606557377,0,0.000199920031987205,0.0863654538184726,0,0,0,0.000299880047980808,0.000199920031987205,0,0,0,0,0,0.00039984006397441,0,0,0,0,0,0,0,0.00249900039984006,0,0.00039984006397441,0.00929628148740504,0,0,0.00039984006397441,0,0,0,0,0,0.000599760095961615,0,0,0,0.000299880047980808,0,0.015593762495002,0.0119952019192323,0,0,0,0,0,0.00039984006397441,9.99600159936026e-05,0,0,0.0522790883646541,0.0255897640943623,0,0,0,0,0.00239904038384646,0,0.00839664134346262,0,0,0,0,0,0,0.00569772091163535,0,0,0.00509796081567373,0
0,0,0,0,0,0,0.00139902068552014,9.9930048965724e-05,0,0,9.9930048965724e-05,0.000199860097931448,0,0,9.9930048965724e-05,0.000199860097931448,0.000199860097931448,9.9930048965724e-05,0,0,0,0.00489657239932048,0,9.9930048965724e-05,0.000399720195862896,0.118916758269212,0,0,0.000299790146897172,9.9930048965724e-05,0.0661536924153093,0,0,0.00429699210552613,0.000799440391725792,0.00259818127310882,0.000199860097931448,0.00629559308484061,0.000199860097931448,0,0,0.00099930048965724,0.0346757269911062,0.00099930048965724,0,0.0658539022684121,0,0.00129909063655441,0,0,0.000299790146897172,9.9930048965724e-05,0.00049965024482862,0,0.00529629259518337,0.000199860097931448,0,0,0,0.00219846107724593,0,0.00349755171380034,0,0.000599580293794344,0,0.00819426401518937,0.0078944738682922,0,0,0,0.000299790146897172,0,0,9.9930048965724e-05,0,0.000199860097931448,0,0,0,0.00989307484760668,0,0.000799440391725792,0.01518936744279,0,0,0.000199860097931448,0,0,0.000299790146897172,0.000399720195862896,9.9930048965724e-05,9.9930048965724e-05,0,0,0,9.9930048965724e-05,0,0,0.00229839112621165,0.000199860097931448,0,0,0,0.000799440391725792,0.000399720195862896,0.000699510342760068,9.9930048965724e-05,0.108524033176776,0,0,0.00279804137104027,0,0,0.00259818127310882,0.000299790146897172,0,0,0.0155890876386529,0.0110922354351954,0,0,0.00099930048965724,0,0,0.00699510342760068,0,0,0,0.000199860097931448,0.0106925152393325,0.00149895073448586,0.0112920955331268,0.00809433396622364,0,0,0,9.9930048965724e-05,0,0,0,9.9930048965724e-05,0,0,0,0.00809433396622364,0,0.00379734186069751,0,0,9.9930048965724e-05,0.00169881083241731,0,0.000199860097931448,0,9.9930048965724e-05,0,0,0,0.000699510342760068,0.00139902068552014,0,9.9930048965724e-05,0.000699510342760068,9.9930048965724e-05,0,9.9930048965724e-05,0.00049965024482862,0,0,0.00149895073448586,0.000299790146897172,0,0,0,0,0,0.00219846107724593,0.000699510342760068,0.0361746777255921,0,9.9930048965724e-05,0,0,0,0.00169881083241731,0,0,0,0.0145897871489957,0,0.000699510342760068,0.00279804137104027,0,0,0,0,0,0.000299790146897172,0,0,0,0,0,0.0696512441291096,0,0.000599580293794344,9.9930048965724e-05,0,0,9.9930048965724e-05,0,0,0,0,0.000399720195862896,0.00929349455381233,0,0.00429699210552613,0.000399720195862896,0.000399720195862896,0,0.000399720195862896,0,0.00169881083241731,0,0,0,0,0.000299790146897172,0.000199860097931448,0.00049965024482862,0.00109923053862296,0.00199860097931448,0.00659538323173778,0,0.000399720195862896,0,0,0.000599580293794344,0.000299790146897172,0,0.00109923053862296,0,0.00169881083241731,0,0.00239832117517738,0,0,0.000399720195862896,0,0,0.000199860097931448,0.0020985310282802,0,0.00269811132207455,0,0.000299790146897172,0,0.000599580293794344,0.00139902068552014,0.000199860097931448,0,0,0.000199860097931448,0,0,9.9930048965724e-05,0,0.0297791545917858,0.00929349455381233,0,0.00349755171380034,0.0361746777255921,0,9.9930048965724e-05,0,0,0.000199860097931448,0.000599580293794344,0.113020885380234,0,0,0.0403717397821525,0,0,0,0,0,0.00049965024482862,0.00309783151793744,0,9.9930048965724e-05,0,0,9.9930048965724e-05,0,0,0,0,0.0184870590586589,0
0,0,0,0,0,0,9.9940035978413e-05,0,0,0,0,0.000399760143913652,0,0,0.112932240655607,0,0,0,0,0,0,0.000399760143913652,0,0,0,0.000899460323805717,0,0,0.00499700179892065,0,0,0,0.000299820107935239,0.00189886068358985,0.000699580251848891,0,0.000499700179892065,0,0.000299820107935239,0,0,0,0.000399760143913652,0.000899460323805717,0,0.00149910053967619,0,0,0,0,0,0.000199880071956826,0,0,0,0,0,0.000199880071956826,0,0.000499700179892065,0,0,0,0,0.00279832100739556,0,9.9940035978413e-05,0,0,0.000199880071956826,0.000399760143913652,0,0,0,0,0,0,0.000199880071956826,0,0.000299820107935239,0,0.000499700179892065,0,0,0,0.000999400359784129,0,0,0.000299820107935239,0.00329802118728763,0,0,0.0382770337797322,0,0,0.000199880071956826,0,0,9.9940035978413e-05,0,0,0.00629622226664002,0.00259844093543874,0,0,0,0.000199880071956826,0.0170897461523086,0,0,0.00119928043174096,9.9940035978413e-05,0,0.00699580251848891,0,0,0,0.0149910053967619,0.0155906456126324,0,0,0,0,0,0.0121926843893664,0,0.110633619828103,0.00159904057565461,0,0,0,0,0,0.000299820107935239,0,0,0.00209874075554667,0.000199880071956826,0,0,0.00319808115130921,0,0.00219868079152508,0,0,0,0.000599640215870478,0,0,0,0.000299820107935239,0,0,0,0,0,0,0,0.000499700179892065,9.9940035978413e-05,0,0.00179892064761143,0,0,0,0,0,0,9.9940035978413e-05,0,0,0,0,0,0,0,0.00219868079152508,9.9940035978413e-05,0.00449730161902858,0,0,0,0,0,9.9940035978413e-05,0.00209874075554667,0,0,0,0,0,0.00339796122326604,0,0,0,0,0,0,0,0,0,0,0,0,0,0,0,0,0,0.000799520287827304,0,0,0,0,9.9940035978413e-05,0,0.00399760143913652,0,0.0502698380971417,0,0.000999400359784129,0.00269838097141715,0,9.9940035978413e-05,0,0.000199880071956826,0,0,0.000199880071956826,0,0.00109934039576254,0,0.00169898061163302,0.038476913851689,0,9.9940035978413e-05,0,0,0,0.0145912452528483,0,0.0126923845692584,0,0.00199880071956826,0,0,9.9940035978413e-05,0,0,0,0,0,0,0,0.000599640215870478,0.00119928043174096,0,0,0,0,9.9940035978413e-05,0,0,9.9940035978413e-05,9.9940035978413e-05,0,0,0,0,0.00139916050369778,0,0,0.334899060563662,0,9.9940035978413e-05,0,0,0,0.000199880071956826,0.118528882670398,0,0,0.00119928043174096,0,0,0,0,0,9.9940035978413e-05,0.000199880071956826,0,0,0,0,0.00339796122326604,0,0.0130921447131721,0,0,0.00659604237457526,0
0,0,0,0,0,0,0.0028,0,0,0,0,0.003,0,0,0.0123,0.001,0,0,0,0,6e-04,0.0141,0,0,0,0.2083,0,0,0.022,0,0,0,0,0,0.0039,0,3e-04,0.0116,0,0,0,0.0052,0.0377,0,0.0045,0.0011,0,0,0,0,0,0,0,0,0,0.001,0,0,0,0,0,0,0,0.0088,0,0,0.01,0,4e-04,0.0051,0,0,0,0.0015,0,0,0,0,0,0.0113,0,3e-04,0,0,9e-04,4e-04,0,1e-04,0,6e-04,0,0.0117,0.0242,0,0,0,0,0,0.0045,0,0.0011,0.001,1e-04,9e-04,0,0,0,0.0516,0,0,0.0042,0,0,0.0119,0,0,0,0.0033,0.0024,0,0,0,0,5e-04,0.0033,0.0021,0,0,2e-04,0,0,2e-04,0,0,0,0,0.0088,0,0,0,0,6e-04,0.0036,0,0,0,0.0012,0.0066,0,0,2e-04,6e-04,0,0,0,0,0,0,0,0,0,0.0012,0,0,0,0,0,0,0,0,0,0,1e-04,0,0,0,0.0018,0,0.128,0,0,0,0,0,0,0,4e-04,0,0,0,0,0.0012,0,0,0,0,0,0,0,0,0,0,0,0,0.0587,0.0226,0,0,1e-04,0,0,0,0,0,7e-04,0,0,0,0.0232,0,0.0022,5e-04,0,0,0,0,0,0,6e-04,0,0.0013,0,0.0025,0.1759,0,0,0,0,0.0021,0,0,0.0116,0,0,0,2e-04,0,3e-04,0,0,0,0,0,0,0,0,0,0,0.001,0,0,0,0,4e-04,0,0,0,0,0,0.0038,0,0,0.0105,0,0,0,0,0,0,2e-04,0,0,0.008,0,0,0,0,0.0056,0,3e-04,0,0,0,0,0.0061,0,7e-04,0,0,0.0146,0
0,0,9.99800039992002e-05,0,0,0,0,0,9.99800039992002e-05,0,0,0,0,0,0.0012997400519896,0,0.0192961407718456,0,0,0,0,0.00819836032793441,0,0,0,0.106778644271146,0,0,0.0013997200559888,0,0,0,0,0.00359928014397121,0,0,9.99800039992002e-05,0,0,0,9.99800039992002e-05,0,0.0764847030593881,0.002999400119976,0,0,0,0,0,0,0,0,0,0,0,0.0002999400119976,0,0.0002999400119976,0,0,0,0,0,0.000599880023995201,0,0,0,0,9.99800039992002e-05,0,0,0,0,0.0010997800439912,0,0,0,0,0,0,0,0,0,0,0,9.99800039992002e-05,0,0,0,0,0,0.0002999400119976,0.0173965206958608,0,0,0,0.0016996600679864,0,0.00389922015596881,0,0,9.99800039992002e-05,0,0,0,0,0.0103979204159168,0.133873225354929,0,0,0.001499700059988,0,0,0.00609878024395121,0,0,0,0,0.0105978804239152,0,0,0,0.0001999600079984,0,0.001499700059988,0,0,0,0,0,0.00529894021195761,0.0140971805638872,0,0,0,0,0.00519896020795841,0.000599880023995201,0.0011997600479904,0,0.00429914017196561,0.000499900019996001,0.000899820035992801,0,0,0,0,0,0,0,0,0,0,0,9.99800039992002e-05,0,0,0.0010997800439912,0,0,0,0,0,0.0181963607278544,0,0,0,0,0,0,0,0,0.000399920015996801,0,0,0.000699860027994401,0,0,0,0,0,0,0,0,0,0.0001999600079984,0,0,0,0,0,0,9.99800039992002e-05,0,0,0,0,0,0,0,0,0,0,0,0,0.000599880023995201,0,0,9.99800039992002e-05,0,0.0192961407718456,0,0.0023995200959808,0,0,0,0,0,0.0011997600479904,0,0,0,0,0,0,0,0,0,0.000399920015996801,0,0.00699860027994401,0,0.0021995600879824,0.0406918616276745,0,0,0,0,0.000699860027994401,9.99800039992002e-05,0,0.0435912817436513,0.00679864027194561,0,0,0,9.99800039992002e-05,0,0,0,0,0,0,0,0,0,0,0,0,0,0,0,0,0,0,0,0,0,0,0.0649870025994801,0,0,0.0107978404319136,9.99800039992002e-05,0,0,9.99800039992002e-05,0,0,0.305138972205559,0,0,0.0108978204359128,0,0,0.0002999400119976,0,0.0002999400119976,0,0,0,0,0,0,0.00689862027594481,0,0.00779844031193761,0,0,0.00409918016396721,0
0,0,0,0.00229931020693792,0,0,0.000199940017994602,0,0,0,0.000799760071978406,0,0,0,0,0.000199940017994602,0,0,0,0,0,0.00599820053983805,0,0.000199940017994602,0,0.339398180545836,0,0,0,9.99700089973008e-05,9.99700089973008e-05,0,0,0,0,0,0.00329901029691093,0,0,0,0,0.00159952014395681,0.0280915725282415,0.00779766070178946,0,0.12556233130061,0,0,0,0,0,0,0,0,0,0.000299910026991902,0,0.000299910026991902,0.00289913026092172,0.00489853044086774,0,0,0,0,0,0,0,0,0,0,0,0,0,0,0,0.010296910926722,0,0,0,0,0,0.000599820053983805,0.00169949015295411,0,0,0.00109967009897031,0,0,0.000399880035989203,0,0,0.000199940017994602,0,0,0,0,0,0,0,0,0,0,0.000199940017994602,0,0,0,0,0.0355893232030391,0,0,0.00369889033290013,0,0.00109967009897031,0,0,0,0,0,0,0,0,0,0,0,0.0184944516645007,0,0,0,0,0,0.00239928021593522,0,0,0,9.99700089973008e-05,0,0.000599820053983805,0,0,0,0.0559832050384885,0,0.000699790062981106,0,0,0,0.000799760071978406,0.015295411376587,0.000199940017994602,0,0,0,0.000499850044986504,0,0,0,0,0,0,0.0121963410976707,0,0.00129961011696491,0.000799760071978406,0,0,0,0.00199940017994602,0,0,0.00559832050384884,0,0,0,0,9.99700089973008e-05,0,0,0.0124962511246626,0,0.000199940017994602,0,0,0,0,0.000799760071978406,0.000199940017994602,0.000399880035989203,0,0.000399880035989203,0,0,0.00319904028791363,0,0,0,9.99700089973008e-05,0,0.000399880035989203,0,0,0,0,0,0,0.020593821853444,0.00309907027891633,0,0,0,0.000199940017994602,0,0,0,0,0,0.00199940017994602,0,0,0,0,0,0.000199940017994602,0,0,0,0,0,0,0,0,0,0,0.00169949015295411,0.00769769069279216,0,9.99700089973008e-05,0,0,0.00199940017994602,0,0,0.0179946016195141,0,0,0,0,0.000199940017994602,0,0,0,0,0,0.00229931020693792,0,0,0,0.00429871038688393,0,0,0,0,0,0,0,9.99700089973008e-05,0,0,0,0,0.000999700089973008,0,0,0,0,0,0,0.00419874037788663,0,0.000499850044986504,0.175147455763271,0,0,0.0289913026092172,0,0,0,0,0,0.00159952014395681,0.00299910026991902,0,0.000499850044986504,0,0,0.00789763071078676,0.000499850044986504,0,0,0,0,0
0,0.000399800099950025,0.000299850074962519,0,0.000899550224887556,0,9.99500249875062e-05,0.00279860069965018,0,0,0.00139930034982509,0.000499750124937531,0,0,0.000399800099950025,0.000499750124937531,0.00079960019990005,0.000399800099950025,0.00369815092453773,0.00229885057471264,0,0.00329835082458771,0,0.00329835082458771,0.000899550224887556,0.0901549225387306,0.00079960019990005,0,0.00149925037481259,0.00129935032483758,0.0217891054472764,0,0,0.00169915042478761,0.00249875062468766,0,0.000399800099950025,0.00349825087456272,0,0,0,0.00119940029985007,0.023488255872064,0.0103948025987006,0,0.00419790104947526,0.000199900049975012,0.000499750124937531,0,0,0.000499750124937531,0,0.000199900049975012,0,0.0175912043978011,0.000199900049975012,0,0,9.99500249875062e-05,0.0129935032483758,0.000199900049975012,0.00199900049975012,0,0.000899550224887556,0.0164917541229385,0.000399800099950025,0.0349825087456272,0,0,0.00119940029985007,0.0114942528735632,0.000299850074962519,0.000199900049975012,0,0,0,0,0,0,0.00919540229885057,0,0.00079960019990005,0.0205897051474263,0.00339830084957521,0.00419790104947526,0,0.0191904047976012,0,0,0.00349825087456272,9.99500249875062e-05,0,0,0,0.000899550224887556,0,0,0,0.00119940029985007,0,0.000499750124937531,0,0,0.00449775112443778,0,0.00189905047476262,0.0120939530234883,0.00269865067466267,0.000699650174912544,0,0.00109945027486257,0.00119940029985007,0,0.000599700149925037,0.000499750124937531,0,0,0,0.00279860069965018,0,0,0.000199900049975012,0,0,0.00359820089955022,0.00419790104947526,0,0.00209895052473763,9.99500249875062e-05,0,0.0143928035982009,0.023488255872064,0.00259870064967516,0.000299850074962519,9.99500249875062e-05,0,0.00389805097451274,0.000199900049975012,0.000199900049975012,0.000199900049975012,0.00239880059970015,0.00279860069965018,0.000699650174912544,0,0,0,0.0015992003998001,0,0.000399800099950025,0.00219890054972514,0.000999500249875062,0.0124937531234383,0,0.00289855072463768,0,0,0,0,0.00359820089955022,0.0100949525237381,0,0.00109945027486257,9.99500249875062e-05,9.99500249875062e-05,0,9.99500249875062e-05,0.00139930034982509,0,0,0.00179910044977511,0.000499750124937531,0,0,0,0,0,0.000899550224887556,0.0154922538730635,0.00589705147426287,9.99500249875062e-05,0,0,0,0,0.000599700149925037,0,0,0,0,0,0,0.00469765117441279,9.99500249875062e-05,0,0.00279860069965018,0,0,0,0,0.0750624687656172,0,0,0.168815592203898,0.00149925037481259,0,0.00249875062468766,9.99500249875062e-05,0,0,0.000199900049975012,0,0,0.000599700149925037,0.000699650174912544,0.00139930034982509,0.00249875062468766,0.00649675162418791,0.0135932033983008,0,0.000199900049975012,0,0.00139930034982509,0.0158920539730135,0,0,0.00139930034982509,0.0124937531234383,0,0.00209895052473763,9.99500249875062e-05,0.0179910044977511,0.00139930034982509,0.00169915042478761,0.0338830584707646,9.99500249875062e-05,0,0.00219890054972514,0,0.00189905047476262,0.000199900049975012,0.000599700149925037,0.00169915042478761,0,0.000299850074962519,0,0,0,0,9.99500249875062e-05,0,0.00289855072463768,0.000199900049975012,0.00379810094952524,9.99500249875062e-05,0.00169915042478761,0.00139930034982509,0.000499750124937531,0,0.00179910044977511,0.00209895052473763,0.000499750124937531,0,0.000199900049975012,0.000299850074962519,9.99500249875062e-05,0,0,0.00249875062468766,0.016791604197901,0.0110944527736132,0.00109945027486257,0.00759620189905048,0.00309845077461269,0,0,0,0.000599700149925037,0,0.000399800099950025,0.0202898550724638,0,0,0.0228885557221389,0,0,0,0,0,0,0.00939530234882559,0,0.000399800099950025,0,0,0,0.00509745127436282,0.000399800099950025,0,0,0.00359820089955022,0.0015992003998001
0,0,0,0,0,0,9.99000999000999e-05,0,0,0,0,0,0,0,0.0002997002997003,0.0003996003996004,0.0001998001998002,0,0,0,0,0.000799200799200799,0,9.99000999000999e-05,0,0.00729270729270729,0,0,9.99000999000999e-05,0,0,0,0,0,0,0,0.0017982017982018,0.00649350649350649,0,0,0,0.0003996003996004,0.0442557442557443,0,0,0.000699300699300699,0,0,9.99000999000999e-05,0,0,0,0,0,0,0,0,0,0,0,0,0,9.99000999000999e-05,0,0,0.0011988011988012,0.0027972027972028,0,0,0,0,0,0,0,0,0,0,0.0001998001998002,0,0,0,0,0,0,0,0.000799200799200799,0.0004995004995005,0,0.0002997002997003,0.0040959040959041,0.001998001998002,0.0002997002997003,0.0105894105894106,0,0,0.0004995004995005,0,0,0,0,0,0.0002997002997003,0,0,0,0,0,0.183716283716284,0,0,0,0,0,0.00519480519480519,0,0,0,0,0.0015984015984016,9.99000999000999e-05,0,0,0.0001998001998002,0,0.0042957042957043,0,0,0,0,0,0,0.0024975024975025,0,9.99000999000999e-05,0,0,9.99000999000999e-05,9.99000999000999e-05,9.99000999000999e-05,0,0.0003996003996004,0,0,0,0,0,0,0,0,0.0001998001998002,0,0,0,0,9.99000999000999e-05,0,0,0.0385614385614386,0,0,0,0,0,0.116083916083916,0,0,0.0030969030969031,0,0,0,0,0,0.0017982017982018,0,0,0,0,0.00559440559440559,0,0,0,0,0,0,0,0,0,0,0,0,0,0.00579420579420579,9.99000999000999e-05,0,0,0,0,0,0,0,0,0,0,0,0,9.99000999000999e-05,0,0.0004995004995005,9.99000999000999e-05,9.99000999000999e-05,0,0,0,0,0.0002997002997003,0,0,0,0.0027972027972028,0,0,0,0,0,0,0.0013986013986014,0,0,0,0,0.0022977022977023,0,0.0011988011988012,0.00649350649350649,0,0,0,0,0,0,0,0.027972027972028,0,0,0.0001998001998002,0,0,0,0,0,0.0157842157842158,0,0,0,0,0.0002997002997003,9.99000999000999e-05,0,0,0,0,0,0,0,0,0,0,0,0,0.378621378621379,0,0,0.0262737262737263,0,0,0,9.99000999000999e-05,9.99000999000999e-05,0,0.0673326673326673,0,0,0.00579420579420579,0,0,0,0,9.99000999000999e-05,0,0.0030969030969031,0,0,0,0,0,0,0.0003996003996004,0,9.99000999000999e-05,0.000699300699300699,0.0012987012987013
0,0,0,0.000500250125062531,0,0,0.0273136568284142,0,0.000100050025012506,0,0,0,0,0.0844422211105553,0,0,0,0,0,0,0,0.000200100050025013,0,0.000200100050025013,0,0,0,0,0,0,0,0,0,0,0,0,0,0,0,0,0,0,0.0259129564782391,0.0113056528264132,0,0,0,0,0,0,0,0,0,0.000300150075037519,0,0,0,0.000600300150075037,0,0,0,0,0.000200100050025013,0,0.00140070035017509,0,0.0032016008004002,0,0.000400200100050025,0.00080040020010005,0,0,0,0,0,0,0,0.000200100050025013,0,0,0,0.00880440220110055,0,0,0.000300150075037519,0,0,0,0,0,0,0.000500250125062531,0,0,0,0,0,0,0,0,0,0,0,0,0.000100050025012506,0,0,0,0,0,0,0,0,0,0,0.000200100050025013,0,0,0,0.000200100050025013,0.000100050025012506,0,0,0.000500250125062531,0,0,0,0,0,0,0,0.032216108054027,0,0,0,0.00350175087543772,0,0,0,0,0.00880440220110055,0,0,0,0,0,0.000500250125062531,0,0,0.000700350175087544,0,0,0,0.00140070035017509,0,0,0,0,0,0.000200100050025013,0,0,0,0,0,0,0,0.00120060030015007,0.000100050025012506,0,0,0,0,0.000300150075037519,0,0,0,0.000100050025012506,0.00590295147573787,0,0,0,0,0,0.00180090045022511,0,0,0,0,0,0,0.00370185092546273,0.00390195097548774,0.000100050025012506,0,0,0,0,0,0,0,0,0.0912456228114057,0,0.000900450225112556,0.00100050025012506,0,0,0,0,0,0,0,0,0,0,0.0112056028014007,0.00780390195097549,0.00890445222611306,0,0,0,0,0,0,0,0,0,0,0,0,0,0,0.0337168584292146,0,0,0,0,0,0,0,0,0,0,0,0,0,0,0,0,0,0,0.00170085042521261,0,0,0.000300150075037519,0.00350175087543772,0,0,0,0,0,0,0.000300150075037519,0,0,0,0,0.000900450225112556,0.172686343171586,0,0,0,0,0,0,0,0,0.000100050025012506,0.425912956478239,0,0,0,0.00440220110055028,0,0,0,0,0.00300150075037519,0,0,0,0,0,0.000200100050025013,0,0,0,0,0,0
0,0,0,0.000999400359784129,0,0,0,0,0,0,0,0,0,0,9.9940035978413e-05,0.00569658205076954,0.00169898061163302,0,0,0,0,0.018388966620028,0,0,0,0.384669198480911,0,0,0.000299820107935239,0.000499700179892065,0.0247851289226464,0,0.000799520287827304,0,0,0,0.000499700179892065,0.0114931041375175,0,0,0,0,0,0,0,0.00449730161902858,0,0.000899460323805717,0,0,9.9940035978413e-05,0,0.000199880071956826,0,0,0,0,0,0,0,0,0,0,9.9940035978413e-05,0,0,0,0,9.9940035978413e-05,0,0,0,0,0,9.9940035978413e-05,0,0,0,0,0,0,0.00119928043174096,0.00439736158305017,0.000999400359784129,0,9.9940035978413e-05,0,9.9940035978413e-05,0,0,0.00909454327403558,0,0.000899460323805717,0,0,0.0177893264041575,0.0378772736358185,0,0.00119928043174096,0,0,0,0,0,0,0.000799520287827304,0,0.000799520287827304,0,9.9940035978413e-05,0.00259844093543874,0,0,0.00159904057565461,0,0,0,0,0.0121926843893664,0.000199880071956826,0,0,0,0.000499700179892065,0,0,0,0,0,0.000999400359784129,0.00359784129522287,0.000299820107935239,0,0,0,0.0022986208275035,0.00209874075554667,0,0,0.000599640215870478,0.000299820107935239,0,0,0,0,0,0.000799520287827304,0.00189886068358985,0,0,0,0.00239856086348191,0,0.00289826104337398,9.9940035978413e-05,0,0,0.000299820107935239,0,0.0206875874475315,0,0,0.000999400359784129,0,0,0,0.000299820107935239,0,0,0.0158904657205677,0,0,9.9940035978413e-05,0.000199880071956826,0,0,0.00139916050369778,0.0133919648211073,0,0.000299820107935239,0,0,0,0,0.00239856086348191,0.00249850089946032,0,0,0,0,9.9940035978413e-05,0.0128922646412153,9.9940035978413e-05,0,0,0,0,0,0,0,0,0,0,0,0.000199880071956826,0.00149910053967619,0,0,0.000499700179892065,0,0,0,0,0,0.0146911852888267,0.000699580251848891,0,0.00179892064761143,0.0211872876274235,0,0,0.00329802118728763,0,0,0,0,0,0,0.004597241655007,0,0,0,0.00119928043174096,0.0202878273036178,0,0,0,0,0.000599640215870478,0.000299820107935239,0,0.0133919648211073,9.9940035978413e-05,0,0.000699580251848891,0,0,0,0,0,0,0,0,0,0.00159904057565461,0.000199880071956826,9.9940035978413e-05,0,0,0,0.000199880071956826,0,0,0.000199880071956826,9.9940035978413e-05,0,0,0,0,0.00169898061163302,0,0,0.00729562262642415,0,0,0,0,0,0.000399760143913652,0.152208674795123,0,0,0.0460723565860484,0,0,0,0,0,0.000699580251848891,0,0.000499700179892065,0,0,0,9.9940035978413e-05,0,0,0,0,0.0653607835298821,0
0,9.99500249875062e-05,0,0,0,0,9.99500249875062e-05,9.99500249875062e-05,0,0,0,0,0,0,0.00079960019990005,0,0.000499750124937531,0,0,0,0,0.000399800099950025,0,0,0,0,0,0,0,0.000999500249875062,0.000399800099950025,0,0,0.00779610194902549,0,0,0,0,0,0,0,0,0,0.00129935032483758,0,0,0,0.000199900049975012,0,0,0,0,0,9.99500249875062e-05,0.000299850074962519,0,0,0,0,0.000599700149925037,9.99500249875062e-05,0,0,9.99500249875062e-05,0,0,0.000599700149925037,0,0,0.00389805097451274,0.00119940029985007,9.99500249875062e-05,0.000199900049975012,0.000499750124937531,0,0,9.99500249875062e-05,0,0,0.00179910044977511,0,9.99500249875062e-05,0.000599700149925037,0,0,0,0.000899550224887556,0,0,0,0,0.000199900049975012,0,0,0,0,0,0,0,0,0,0,0,0,0,0.000199900049975012,0,0.0919540229885057,0,0.0031984007996002,0,0,0,0,0,0.000199900049975012,0,0.000299850074962519,0,0.000499750124937531,0,0,0,0,0,0,0,0,0,0,0,0,0,9.99500249875062e-05,0,0,9.99500249875062e-05,0,0,0,0.000299850074962519,0,0,0,0,0,0.000599700149925037,9.99500249875062e-05,0,0,9.99500249875062e-05,0,0,0.000299850074962519,9.99500249875062e-05,0,0.000699650174912544,0.0346826586706647,0,0.00679660169915042,0,0,0,0,0,0,0,0,0.000199900049975012,0,0.000199900049975012,0,0,0,0.000699650174912544,0.000599700149925037,0.000299850074962519,0.00079960019990005,0.00229885057471264,9.99500249875062e-05,0,0,0,0,0.000999500249875062,0,0,0,0,0,0.0015992003998001,0,0,9.99500249875062e-05,0,0,0,0,0,0,0,0,0.00649675162418791,0.016791604197901,0,9.99500249875062e-05,9.99500249875062e-05,9.99500249875062e-05,0,0,0,0,0,0,0,9.99500249875062e-05,0.00339830084957521,0.000499750124937531,0,0,0,9.99500249875062e-05,0,0,0.000899550224887556,0,0,0,0.00669665167416292,0,0.00079960019990005,0,0,0.0144927536231884,0,0,0,0,0,9.99500249875062e-05,0,0,0,0,0,9.99500249875062e-05,0,0,0,0,0,0.000399800099950025,0,0,0.000399800099950025,9.99500249875062e-05,9.99500249875062e-05,0,0.000199900049975012,0,0,0,0,9.99500249875062e-05,0,0,0,0,0.000299850074962519,0.55352323838081,0,0,0.0433783108445777,0,0,9.99500249875062e-05,0,0,0,0.171314342828586,0,0,0.00439780109945028,0,0,0,0,0,0,9.99500249875062e-05,0,0.000399800099950025,0,0,0.000999500249875062,0.000199900049975012,0.000399800099950025,0,0,0.000599700149925037,0
0,0,0,0,0,0,0,0,0,0,0,0.0001000100010001,0,0,0.0004000400040004,0.0012001200120012,0,0,0,0,0,0.0067006700670067,0,0,0.0002000200020002,0.33023302330233,0,0,0.0002000200020002,0,0,0,0,0.0031003100310031,0,0,0,0,0,0,0,0,0,0,0.0009000900090009,0.0001000100010001,0,0,0,0,0,0.001000100010001,0,0,0,0,0,0,0,0,0,0,0,0,0,0,0,0.0001000100010001,0.0017001700170017,0,0,0,0,0,0.0023002300230023,0,0,0,0,0,0,0,0,0,0,0,0,0,0,0,0,0,0.041004100410041,0,0,0,0,0,0.0028002800280028,0,0,0.0039003900390039,0,0,0,0,0,0.0371037103710371,0,0,0.0008000800080008,0,0,0,0,0,0,0,0.029002900290029,0,0,0,0,0.0004000400040004,0.0433043304330433,0,0,0,0,0,0,0,0,0,0,0,0.0068006800680068,0,0.004000400040004,0,0.0016001600160016,0.0021002100210021,0.0008000800080008,0,0,0,0,0,0,0,0,0,0,0,0,0,0,0,0,0.007000700070007,0,0,0,0,0,0,0.0005000500050005,0,0,0,0,0,0.0076007600760076,0,0,0,0,0,0,0,0,0,0,0,0,0.0001000100010001,0,0,0,0.0019001900190019,0,0.0067006700670067,0,0,0,0,0,0,0,0,0,0,0,0,0,0.0007000700070007,0,0,0,0,0,0,0,0,0,0,0,0,0.0484048404840484,0,0,0,0,0,0,0,0,0,0,0,0,0,0.0013001300130013,0.0696069606960696,0,0,0,0,0.0005000500050005,0,0,0,0.0024002400240024,0,0,0,0,0.0001000100010001,0,0,0,0,0,0,0,0.0001000100010001,0,0,0,0,0,0,0,0,0,0,0,0,0,0.0018001800180018,0,0,0.0651065106510651,0,0,0,0,0,0.0004000400040004,0.168616861686169,0,0,0.0487048704870487,0,0,0,0.0001000100010001,0,0,0.005000500050005,0,0,0,0,0,0,0.0004000400040004,0,0,0.0411041104110411,0
0,0,0,0,0,0,0,0,0,0,0,0,0,9.99600159936026e-05,0.00239904038384646,0,0.00879648140743703,0.000199920031987205,0,0,0,0.00409836065573771,0,0,0,0.284586165533786,0,0,0.00119952019192323,0.000199920031987205,0.0174930027988804,0,0,0.00639744102359056,0.00159936025589764,0,0.000499800079968013,0,0,0,0,0.00079968012794882,0.0976609356257497,0,0.00189924030387845,0.00079968012794882,0,0,0,0,9.99600159936026e-05,0.000999600159936026,0,0,0,0,0,0,0.000199920031987205,0.00479808076769292,0,0,0,0.000699720111955218,0,0,0.0116953218712515,0.0134946021591363,0,0.00519792083166733,0.000599760095961615,9.99600159936026e-05,0,0,0,0,0,0,0,0.0114954018392643,0,0,0,0,0,9.99600159936026e-05,0,0,0.000699720111955218,0.00469812075169932,0,0.007796881247501,0,0,0,0,0,0,0.00209916033586565,0,0.00469812075169932,0.00129948020791683,0,0,0.000299880047980808,0,0,0.0783686525389844,0,0,0.00689724110355858,0,0,0.00279888044782087,0,0,0,0.000699720111955218,0.0134946021591363,0,0,0,0.00489804078368653,0.000199920031987205,0.00939624150339864,0.00959616153538585,0,0,0,0,0,0,0,0,0,0.000499800079968013,0.00269892043182727,0,0,0,0.00689724110355858,0.000899640143942423,0.00119952019192323,0,0.0436825269892043,0,0,0,0,0,0.00209916033586565,0,0.000699720111955218,9.99600159936026e-05,0,0,0,0,0.00589764094362255,0,0,0.000199920031987205,0,0,0,0,0.000499800079968013,0,0,0.000899640143942423,0.000599760095961615,0.00159936025589764,0,0,0,0,0.00139944022391044,0,0.0156937225109956,0,0,0,0,0,0,0,0.00079968012794882,0.0184926029588165,0,0,0,0.00219912035185926,0,0,0,0,0,0,0,0,0,0.0167932826869252,0,0,0,0,0,0,0.00039984006397441,0,0,0,0,0,0,0.00169932027189124,0.000299880047980808,0,0.0147940823670532,0,0,0.00239904038384646,0,0,0,0,0,0,0.00179928028788485,0,0,0,0.00159936025589764,0.0791683326669332,0,0,0.000599760095961615,0,0.00159936025589764,0.00169932027189124,0,0.0122950819672131,0,0,0.000899640143942423,0.00589764094362255,0,0,0,0,0,0.00109956017592963,0,0,0,0,0.00039984006397441,0,0.000899640143942423,0,0,0,0,0.000199920031987205,0,0,0,0,0.00109956017592963,0.09406237504998,0,0,0.00139944022391044,0,0,0,0,0,0,0.00589764094362255,0,0.00109956017592963,0.00469812075169932,0.00039984006397441,0,0,0,0,0.00169932027189124,0,0,0,0,9.99600159936026e-05,0.00189924030387845,0,0.00439824070371851,0,0,0.00549780087964814,0
0,0,0,0,0,0,0.00259844093543874,0,0,0,0,0.00399760143913652,0.000899460323805717,0,0.00269838097141715,0.0149910053967619,0.000499700179892065,0,0,0,0,0,0,0.00989406356186288,0.00179892064761143,0.266540075954427,0,0,0.0346791924845093,0.00199880071956826,0,0,0,0,0,0,0.0390765540675595,0.0645612632420548,0,0,0,0,0,0,0,0,0,0,0,0,0,0.000899460323805717,0,0,0,0,0,0.00149910053967619,0,0,0,0,0.000299820107935239,0.000999400359784129,0,0,0,0.00659604237457526,0,9.9940035978413e-05,0,0,0,0,0,0.136418149110534,0,0.00289826104337398,0,0,0,0,0,0,0,0,0,0,0.00119928043174096,0.00649610233859684,0.0761543074155507,0.0111932840295823,0.00269838097141715,0,0,0,0,0,0,0,0,0.000999400359784129,0,0,0.000399760143913652,0,0,0.0317809314411353,0,0.00389766140315811,0.0084949030581651,0,0,0.000199880071956826,0,0,0,0.0022986208275035,0.0266839896062363,0.000399760143913652,0,0,0.00359784129522287,0.000299820107935239,0,0,0,0,0,0,0,0,0,0,0,0,0.0480711573056166,0,0.000299820107935239,0,9.9940035978413e-05,0.00159904057565461,0.00479712172696382,0,0,0,0,0.0149910053967619,0,0.00569658205076954,0,0,9.9940035978413e-05,0,0.000999400359784129,0,0.000299820107935239,0,0,0,0,0.00219868079152508,0,0,0,0,0.000499700179892065,0.0219868079152508,0,0.00139916050369778,0,0.000199880071956826,0,0.000399760143913652,0,0,0.00509694183489906,0,0,0,0,0,0,0,0,0.000299820107935239,0,0,0,0.00239856086348191,0,0,0.000999400359784129,0.00349790125924445,0,0,0,0,0,0,0,0,0,0,0,0.000799520287827304,0,0,0,0,0,0,0,0,0,0.00249850089946032,0,0,0,0,0.00559664201479113,0,0,0,0.000699580251848891,0,0,0,0,0,0,0,0.00339796122326604,0,0,0,0,0,0.00279832100739556,0,0,0,0,0,0,9.9940035978413e-05,0,0.000199880071956826,0,0,0,0,0,0,0,0,0.00119928043174096,0,0,0,0,0,0,0.000499700179892065,0,0,9.9940035978413e-05,0,0.000699580251848891,0.00279832100739556,0,0,0.00909454327403558,0,0.00559664201479113,0,0,0,0,0.000499700179892065,0,0.000499700179892065,0.0366779932040776,0,0,0,0,0,0,0,0,0,0,0,0.000999400359784129,0,0.000699580251848891,0,0.000199880071956826,0.0199880071956826,0.0176893863681791
0.0001999600079984,0,0,0,0,0,0,0,0,0,0,0,0,0,0.00779844031193761,0,0,0,0,0,0,0,0,0.000699860027994401,0,0.259448110377924,0,0,0.0018996200759848,0.000399920015996801,0.0170965806838632,0,0,0,0,0,0.0028994201159768,0,0,0,0,0,0,0,0.0012997400519896,0,0,0,0,0,0,0,0,0,0,0,0,0,0,0.000999800039992002,0,0,0,0,0,0,0.0023995200959808,0.0001999600079984,0,0,0,0,0,0.000399920015996801,0,0,9.99800039992002e-05,0,0,0,0,0,0,0,0,9.99800039992002e-05,0,0,0,0.00939812037592481,0,0,0,0,0,0,0,0,0,0,0,0.0210957808438312,0,0,0,0,0,0,0,0,0,0,0,0.0018996200759848,0,0,0,0,0,0,0,0,0,0.0267946410717856,0,0,0,0,0,0,0,0.000399920015996801,0,0,0,0.0010997800439912,0.00419916016796641,0,0,0,0.0017996400719856,0,0,0,0,0,0,0,0,0.0107978404319136,0,0,0,9.99800039992002e-05,0,0,0,0,0,0,0,0,0,0,0,0,0,0,0,0,0,0,0,0,0.0017996400719856,9.99800039992002e-05,0,0.0002999400119976,0,0,0,0,0,0,0,0,0,0,0,0,0,0,0.000399920015996801,0.0010997800439912,0,0,0,0,0,0,0,0,0,0,0,0,0,0,0.000399920015996801,0.0021995600879824,0,0,0,0,0,0,0.0390921815636873,0,0.0148970205958808,0,0,9.99800039992002e-05,0,0,0,0,0,0,0.00829834033193361,0,0,0,0,0.152969406118776,0,0,0,0,0,0.0011997600479904,0,0,0,0,0,0,0,0,0,0,0,0,0,0,0,0.0001999600079984,0.000599880023995201,0,0,0,0,0,0,9.99800039992002e-05,0,0,0,0,0,0.0183963207358528,0,0,0.0595880823835233,0,0.000599880023995201,0,0,0,0,0.235552889422116,0,0,0,0,0,0,0,0.026494701059788,0,0,0,0,0,0,0.0433913217356529,0,0,0,0,0.0186962607478504,0
0,0,0,0,0,0,9.99900009999e-05,0.0001999800019998,0,0,0,0.0001999800019998,0,9.99900009999e-05,0.0378962103789621,0,0,0,0,0,0.0043995600439956,0.0011998800119988,0,0.0017998200179982,0,0.118688131186881,0,0,0.0055994400559944,0,0.0073992600739926,0,0,0.0022997700229977,0.0006999300069993,0,0.0008999100089991,0.010998900109989,0,0,0.0001999800019998,0.0010998900109989,0.0204979502049795,0.0008999100089991,0,0.0056994300569943,0,0,0,0,0,0,0,0,0,0.0028997100289971,0,0.0004999500049995,0,0.0014998500149985,0,0.0008999100089991,0,0,0,9.99900009999e-05,0.0073992600739926,0,9.99900009999e-05,0,0.0027997200279972,0,0,0,0,0,0,0,0,0,0,0.0001999800019998,0.0254974502549745,0,0.0042995700429957,0,0.0133986601339866,0,0,0,9.99900009999e-05,0.0041995800419958,0.0128987101289871,9.99900009999e-05,0,0,0,0,0.0005999400059994,0,0.0016998300169983,0,0,0,0.0003999600039996,0,0.0123987601239876,0.319068093190681,0,0,0.0081991800819918,0,0,0.0004999500049995,0,0,0,0.0023997600239976,0.0610938906109389,9.99900009999e-05,0,0,0,0,0.0026997300269973,0,0,0,0,0.0078992100789921,0,0.0165983401659834,0.0002999700029997,9.99900009999e-05,0,0.0010998900109989,0,0,0,0,0.0654934506549345,0.0007999200079992,0,0,0,0,0,0,0,0,0,0.0004999500049995,0,0.0018998100189981,0,0,0,0,0,0.0025997400259974,0,0.0008999100089991,0.000999900009999,9.99900009999e-05,0,0,0.0011998800119988,0,0,0.0004999500049995,0,9.99900009999e-05,0.0004999500049995,0,0,0,0,9.99900009999e-05,0.0011998800119988,0,0,0,0,0,0.002999700029997,0,0,0,0,0,0,0.0015998400159984,0.0002999700029997,0,0,0,0,0,0,0,0,0,0,0,0,0.0154984501549845,0,0,0,0,0,0,0.0023997600239976,0,0.0013998600139986,0,0.0141985801419858,0.0045995400459954,0,0.0001999800019998,0,0.0015998400159984,0,0,0,0,0,0,0.0001999800019998,9.99900009999e-05,0.0095990400959904,0,0.0041995800419958,0.0288971102889711,0,0,0,0,0.0015998400159984,0,0,0.0017998200179982,0,0,0,0,0,0,0,0,0.0001999800019998,0.0006999300069993,0,0,0,0,0,0,0,0,0.0001999800019998,0,0,0,0,0,0,0,0,0.0331966803319668,0,0,0.0175982401759824,0,0,0,0.0005999400059994,0.0001999800019998,0.0008999100089991,0.0094990500949905,0,0,0.0144985501449855,0,0,0,0,0,0.0002999700029997,0,0,0,0,0,0.0005999400059994,0,0.0001999800019998,0,0,0.0202979702029797,0
0,0,0,0,0.000199900049975012,0.00239880059970015,0,0.00139930034982509,0,0,0.000399800099950025,0.000199900049975012,0,0,0.000699650174912544,0.000499750124937531,0,0,0,0.00119940029985007,0.0119940029985007,0.0192903548225887,0,9.99500249875062e-05,0,0.281259370314843,9.99500249875062e-05,0,0.000999500249875062,9.99500249875062e-05,0.00109945027486257,0.00169915042478761,0,0.00519740129935032,0,0,0.000199900049975012,0.00409795102448776,9.99500249875062e-05,0,0,0.000499750124937531,0.0347826086956522,0.00329835082458771,0,0.00389805097451274,0,9.99500249875062e-05,0,0,9.99500249875062e-05,0,0.000199900049975012,0,0.000499750124937531,0,0,0,0,0.00469765117441279,9.99500249875062e-05,0,0,0,0,0,0.00649675162418791,0,0,0,0.00109945027486257,0,0,0.00079960019990005,0,0,0,0.000199900049975012,0,0.00909545227386307,0,0,9.99500249875062e-05,0.000599700149925037,0.0194902548725637,0,0.000199900049975012,0,0.000199900049975012,0.00169915042478761,0,0.000299850074962519,0.0015992003998001,0.00199900049975012,0.0126936531734133,0,0,0,0.00519740129935032,0,0,0,0,0,0.00079960019990005,0,0.00429785107446277,0.000199900049975012,0,0,0.00239880059970015,0,0,0.00849575212393803,0,0,0,0,0.00279860069965018,0,0,0.000199900049975012,0,0.000199900049975012,0.00399800099950025,0,0,0,9.99500249875062e-05,0,0.000599700149925037,0.00929535232383808,9.99500249875062e-05,0,0,0,0.000599700149925037,0,0.000499750124937531,0,9.99500249875062e-05,0.000599700149925037,0,0,0,0,0,0.00239880059970015,0,0,0.000599700149925037,0.0105947026486757,0,0.00129935032483758,0,0,0,0,0,0.00519740129935032,0,0.000599700149925037,0.000899550224887556,0.0250874562718641,0,0,0.000199900049975012,0,0,0,0.000699650174912544,0,0,0,0,0,0.000999500249875062,0.00109945027486257,0,9.99500249875062e-05,0,0,0,0,9.99500249875062e-05,0.000699650174912544,0,0.00429785107446277,0,0,0,0.00219890054972514,0,0,0,0,0,0,0,0,0,0,0.000299850074962519,0,0,0.000199900049975012,9.99500249875062e-05,0,9.99500249875062e-05,0,9.99500249875062e-05,9.99500249875062e-05,0,0.000199900049975012,0.00579710144927536,0.000699650174912544,0.00369815092453773,0.00149925037481259,0.000299850074962519,0,9.99500249875062e-05,9.99500249875062e-05,0,0,0,0,0.000199900049975012,0,0.00999500249875063,0,0.00699650174912544,0,0.000999500249875062,0.0661669165417291,0,0,0,0,0.000499750124937531,0,0.000199900049975012,0,0,0,0,0,0,0,0,0,0.0143928035982009,0.000299850074962519,9.99500249875062e-05,0,9.99500249875062e-05,9.99500249875062e-05,0.000399800099950025,0,0.000499750124937531,0.000299850074962519,0,0.00129935032483758,0,9.99500249875062e-05,0,0,0,0,0,0.015792103948026,0.000399800099950025,0.00309845077461269,0.000899550224887556,0,0,0,0,0,9.99500249875062e-05,0.308345827086457,9.99500249875062e-05,0,0.00119940029985007,0,0,0,0,0,0,0.000599700149925037,0,0,9.99500249875062e-05,0,0.00219890054972514,0,0.000599700149925037,0.00629685157421289,0,0.00879560219890055,0
0,0,0,0,0,0,0.0001000100010001,0.0021002100210021,0,0,0,0.0005000500050005,0,0.0002000200020002,0.0007000700070007,0,0,0,0,0,0.0002000200020002,0,0,0,0,0.281728172817282,0,0,0.0003000300030003,0,0,0,0,0,0,0,0.0001000100010001,0.0039003900390039,0,0,0,0,0.0289028902890289,0,0,0,0,0,0,0,0,0,0,0.0005000500050005,0,0,0,0,0.0005000500050005,0.0044004400440044,0,0,0.0001000100010001,0,0,0.0028002800280028,0.0324032403240324,0.0002000200020002,0,0,0.0094009400940094,0,0,0.0011001100110011,0,0,0,0.0017001700170017,0,0,0,0,0,0,0,0,0,0,0.0003000300030003,0,0,0.0006000600060006,0.0885088508850885,0,0,0.0051005100510051,0,0,0,0,0.0034003400340034,0,0,0,0.0004000400040004,0,0,0,0.0005000500050005,0,0.003000300030003,0,0,0.0076007600760076,0,0,0,0.0085008500850085,0.0254025402540254,0.0001000100010001,0,0.0011001100110011,0,0.0003000300030003,0,0,0,0,0,0,0,0,0,0,0,0,0.019001900190019,0,0.0007000700070007,0,0.0009000900090009,0,0.0013001300130013,0,0,0,0,0,0,0,0.004000400040004,0,0,0,0,0,0,0,0,0,0,0,0,0.0168016801680168,0,0,0,0,0,0,0,0,0,0,0,0,0.0031003100310031,0,0.0523052305230523,0,0,0,0,0.0018001800180018,0,0,0,0,0,0,0,0.0025002500250025,0.0001000100010001,0,0,0,0,0,0,0,0.0021002100210021,0,0,0,0,0,0.0004000400040004,0,0,0,0,0,0,0,0,0,0.0056005600560056,0,0.0647064706470647,0,0,0,0,0,0.0001000100010001,0.0069006900690069,0,0,0,0,0,0,0,0.0247024702470247,0,0,0,0,0,0.0016001600160016,0,0.0164016401640164,0,0,0,0,0,0,0,0,0,0,0,0,0,0.0046004600460046,0.0001000100010001,0,0,0,0.0016001600160016,0,0,0.002000200020002,0,0,0.0005000500050005,0,0,0.0029002900290029,0,0,0.0076007600760076,0,0.0003000300030003,0.0001000100010001,0.0001000100010001,0.0002000200020002,0,0.198319831983198,0,0.004000400040004,0,0,0.0001000100010001,0.0015001500150015,0,0,0.0122012201220122,0,0,0,0,0,0.0088008800880088,0,0,0,0,0.0134013401340134,0
0,0,0,0.0001000200040008,0,0,0,0,0,0,0,0,0.0003000600120024,0,0.0017003400680136,0.0011002200440088,0.000400080016003201,0,0.000800160032006401,0,0,0.000400080016003201,0,0,0.000600120024004801,0.20624124824965,0,0,0.00420084016803361,0.00820164032806561,0.0136027205441088,0.0013002600520104,0.000400080016003201,0.0031006201240248,0.0017003400680136,0,0.0001000200040008,0,0,0,0,0.002000400080016,0.147429485897179,0,0,0.0267053410682136,0,0,0,0,0,0.0002000400080016,0,0.0001000200040008,0,0.0002000400080016,0,0,0.0016003200640128,0.0108021604320864,0,0,0,0.000800160032006401,0,0,0.0129025805161032,0,0,0,0.001000200040008,0,0,0,0,0,0,0,0,0.002000400080016,0,0.0018003600720144,0,0,0,0.0021004200840168,0,0,0,0,0,0.0019003800760152,0.001500300060012,0,0,0,0,0,0,0,0,0.00430086017203441,0.0019003800760152,0,0,0,0,0.00480096019203841,0,0,0.0143028605721144,0,0,0.0003000600120024,0,0,0,0.000900180036007201,0.00600120024004801,0,0,0,0,0,0.000700140028005601,0,0,0,0,0,0,0,0,0,0,0,0.00360072014402881,0.001500300060012,0,0,0.000600120024004801,0.000500100020004001,0.002000400080016,0.0002000400080016,0,0,0.000900180036007201,0,0,0,0,0,0,0,0.0001000200040008,0,0,0,0.000600120024004801,0,0,0.000600120024004801,0,0,0,0,0.000400080016003201,0,0,0.0014002800560112,0,0,0.0128025605121024,0,0,0,0.00340068013602721,0,0,0.000400080016003201,0,0,0,0,0,0.00980196039207842,0,0,0,0,0,0.000800160032006401,0,0,0,0,0,0,0,0,0,0,0,0.00520104020804161,0,0.000400080016003201,0,0,0.000500100020004001,0,0.00630126025205041,0,0,0,0,0.0012002400480096,0,0,0.000800160032006401,0,0,0,0,0.0002000400080016,0,0,0,0,0.0002000400080016,0,0.0001000200040008,0,0.001500300060012,0.091618323664733,0,0,0,0,0.00340068013602721,0,0,0.023504700940188,0,0,0.000600120024004801,0.0440088017603521,0,0,0,0,0,0,0,0,0,0.000500100020004001,0.0001000200040008,0,0,0,0,0,0,0,0.0002000400080016,0,0,0,0,0.263652730546109,0,0,0.00920184036807361,0.000500100020004001,0,0,0,0,0,0.0003000600120024,0,0.0001000200040008,0.0022004400880176,0,0,0,0,0,0.00900180036007201,0,0,0,0,0,0.001000200040008,0,0.000500100020004001,0,0,0.0031006201240248,0
0,0,0,0,0,0,9.99700089973008e-05,0.00159952014395681,0,0,0,0.000699790062981106,0,0.012296311106668,0.000699790062981106,0.00199940017994602,0.00149955013495951,0,0,0,0.000999700089973008,0.00379886034189743,0,0,0.000399880035989203,9.99700089973008e-05,0.000199940017994602,0,0.000399880035989203,0.000499850044986504,0.0390882735179446,0.000599820053983805,0,0.00109967009897031,0,0,0,0.000799760071978406,0,0,0,0.000999700089973008,0,0,0,0.00319904028791363,0,0.000499850044986504,0,0,0,0,0.000599820053983805,0,0,0,0,0.000499850044986504,0.00159952014395681,0.00649805058482455,0.000499850044986504,9.99700089973008e-05,0,0,0,0.00389883035089473,0.0131960411876437,0,0,0.00239928021593522,0.00669799060281915,0,0,0.000599820053983805,0,0,0,0.000299910026991902,0,0.00429871038688393,0,0.00179946016195141,0.000299910026991902,0,0.0515845246426072,9.99700089973008e-05,0.000199940017994602,0,0.000499850044986504,0.00169949015295411,0,0.000299910026991902,0.00229931020693792,0,0,0,0,0,0.00199940017994602,0,0.00139958012596221,0,0,0,0,0,0,0.371288613415975,0,0,0.00709787063880836,0,0,0.0139958012596221,0,0,0,0.00119964010796761,0.000799760071978406,0.000199940017994602,0,0,0,0,0.00259922023392982,0,0,0,0,0,0.000999700089973008,0.00209937018894332,0,0,0,0,9.99700089973008e-05,0,0,0,0.00449865040487854,0,0.00139958012596221,0,0,0,0.00249925022493252,0,0,0,0.000499850044986504,0,0,0,0,0,0,0,0.0103968809357193,0.00119964010796761,0,0.000799760071978406,0.000899730080975707,0,0,0,0.000199940017994602,0,9.99700089973008e-05,0,0.000699790062981106,0,0,0,0,0,0,0.000499850044986504,0.00599820053983805,0.000199940017994602,0,0,0,0,0.00269919024292712,0,0,0,0,0,0,0.00389883035089473,0,0.00169949015295411,0,0,0,0,0,0,0,0,0,0.00539838048585424,0.117064880535839,0.000499850044986504,0,0,0,0,0.00419874037788663,0,0,0,0.000299910026991902,0.000999700089973008,0.00749775067479756,0.00169949015295411,0,0,0,0,0,0,0,0.000799760071978406,0,0,0,9.99700089973008e-05,0.000999700089973008,0,0,0.00299910026991902,0,0,0.000199940017994602,0,0.000499850044986504,0.000999700089973008,0,0.0317904628611417,0,0,0.000499850044986504,0,0,0,0,0,0,0.000299910026991902,0,0,0.00289913026092172,9.99700089973008e-05,0.000799760071978406,0,0.000199940017994602,0.0268919324202739,9.99700089973008e-05,0.000899730080975707,0,0.000299910026991902,0,0,9.99700089973008e-05,0,0.00129961011696491,0.000799760071978406,0,0.00659802059382185,0.00499850044986504,0,0,0,0.000499850044986504,0,0,0.136958912326302,0,0,0.00779766070178946,0,0,0,0.000399880035989203,0,0.000599820053983805,0.00149955013495951,0,0,0,0,0.0111966410076977,0.000999700089973008,0.000699790062981106,0,0,0.00299910026991902,0
0,0,0,0,0,0,9.99900009999e-05,0,0,0,0.0006999300069993,0,0,0,0.0003999600039996,0,0.0053994600539946,0,0,0,0,0,0,0,0,0,0,0,9.99900009999e-05,0,0,0,0.0012998700129987,0,0,0.0016998300169983,0,0.0034996500349965,0,0,0.0001999800019998,0,0,0,0,0,0,0.0005999400059994,0,0,0,0,0,0,0,0,0,0,0,0,0,0,9.99900009999e-05,0,0,0.0002999700029997,0,0,0.0034996500349965,0,0,0,0,0,0.0020997900209979,0,0,0,0,0,0,0.0031996800319968,0,0,0.0780921907809219,0.0018998100189981,0,0,0,0.0145985401459854,0,9.99900009999e-05,9.99900009999e-05,0,0,0,0.0043995600439956,0,0.0067993200679932,0,0,0,0,0,0.0024997500249975,0,0.026997300269973,0.0715928407159284,0,0.0022997700229977,0,0,0,0,0,0,0,0,0.0037996200379962,0,0,0,0,9.99900009999e-05,0,0,0,0,0,0.0144985501449855,0,0,0,0,0,0,0,0,0,0,0,0,0,0,0,0,0,0,0,0,0,9.99900009999e-05,0,0,0,0,0,0.0016998300169983,0,0,0,0,0,0.0400959904009599,0,9.99900009999e-05,0,0,0,0,0,0.0017998200179982,9.99900009999e-05,9.99900009999e-05,0,0,0,0,0.0437956204379562,0,0,0,0,0,0,0.0022997700229977,0,0,0,0,0,0.0057994200579942,0,0,0.0235976402359764,9.99900009999e-05,0,0,0.0001999800019998,0,0,0,0,0,0.115888411158884,0.000999900009999,0,0,0,0,0,0,0,0,0,0,0.0070992900709929,0,0,0,0,0,0,0,0,0,0,0,0,0,0,9.99900009999e-05,0,0.0600939906009399,0,0,0,0,0,0.0107989201079892,0,0,0.0145985401459854,0,0,0,0,0.0003999600039996,0,0,0,0,0.0015998400159984,0,0.0021997800219978,0.0001999800019998,0,0,0,0,0,0,0,0,0,0,0,0,0.016998300169983,0.0025997400259974,0.0002999700029997,0,0.0110988901109889,0,0,0,0,0,0.0002999700029997,0.359464053594641,0,0,0.0202979702029797,0,0,0,0,0,0,0,0,0,0,0,0,0,0,0,0,0.0041995800419958,0
0,0,0,9.99600159936026e-05,0,0,0.000299880047980808,0,0.00829668132746901,0,0,0,0,0,0.00479808076769292,0.000599760095961615,0.00109956017592963,0,0.000499800079968013,0,0,9.99600159936026e-05,0,0.00869652139144342,0,0.287884846061575,0,0,0.00609756097560976,0.00889644142343063,0,0,0,0.00079968012794882,0,0,0,0,0,0,0,0.00169932027189124,0,0,0,0,0,0,0,0,0,0,0,9.99600159936026e-05,0,0,0,0,0.000499800079968013,0.0115953618552579,0.000299880047980808,0.00119952019192323,0,0,0,0.00039984006397441,0.00839664134346262,0,0,0.00659736105557777,0,0,0,0,0,0,0,0,0,0.00109956017592963,0,0.00689724110355858,0,0,9.99600159936026e-05,0.00339864054378249,0,0,0.00149940023990404,0,0,0.0152938824470212,0,0,0,0,0,0,0.000199920031987205,0,0.00179928028788485,0,0.00119952019192323,0,0,0,0,0.215613754498201,0,0,0.0113954418232707,0,0,0.00229908036785286,0,0,9.99600159936026e-05,0,0.0078968412634946,0,0,0,0,0.000199920031987205,0.00149940023990404,0,0,0,0,0,0,0,0,0,0.0100959616153539,0,0,0,0.000299880047980808,0,0.0807676929228309,0.00349860055977609,0.00269892043182727,0,0,0,0,0,0.000199920031987205,0.000899640143942423,0.00079968012794882,0,0,0.00229908036785286,9.99600159936026e-05,0,0,0,0,0.000199920031987205,0,0,0,0,0,0,0.000499800079968013,0,0.000299880047980808,0.000299880047980808,0,0,9.99600159936026e-05,0,0,0,0,0.000199920031987205,0.0107956817273091,0,0,0,0,9.99600159936026e-05,0.00149940023990404,0,0,0,0,0,0,0.00189924030387845,0,0.00189924030387845,0,0,0,0,0,0,0,0,0,0,0,0.0250899640143942,0.000199920031987205,9.99600159936026e-05,0.000599760095961615,0,0,0,0,0,9.99600159936026e-05,0,0,0,0,0.00039984006397441,0.00129948020791683,0.00269892043182727,0,0,0,0,0,0,0,0,0.00879648140743703,0,0.00209916033586565,0.0484806077568972,0,0,0.000699720111955218,0,0.00169932027189124,0.0863654538184726,0,0,0,0,0,0.00339864054378249,0,0,0,0,0,0,0.00189924030387845,9.99600159936026e-05,0,0.000899640143942423,0.00229908036785286,0,0.00039984006397441,0,0,0,0,0.00039984006397441,0,0,0,0,0,0.00849660135945622,0,0,0.0454818072770892,0,0,0,0.000699720111955218,0.00119952019192323,0.000199920031987205,0.000499800079968013,0,9.99600159936026e-05,9.99600159936026e-05,0,0,0,0,0,0.00079968012794882,0,0,0,0,0,0,0,0.000699720111955218,0,9.99600159936026e-05,0.00469812075169932,0
0,0,9.99800039992002e-05,0,0,0,0,0,0,0,0,0.0001999600079984,0,0,0.0027994401119776,0.001499700059988,0.00839832033593281,0,0,0,0,0.0012997400519896,0,0,0,0.118976204759048,0,0,0.00659868026394721,0.0012997400519896,0,0,0,0.0015996800639872,0,0,0.0020995800839832,9.99800039992002e-05,0,0,0,0,0.0002999400119976,0,0,9.99800039992002e-05,0,0,0,0,0,0,0,0,0,0,0,0,0.000399920015996801,0.001999600079984,0,0,0,0,0,0,0,0,0,0.00399920015996801,0,0,0,0,0,0,0,0,0,0.0002999400119976,0,0,0.0185962807438512,0,0,9.99800039992002e-05,0.00569886022795441,0,0,0,0,0.00509898020395921,0.00549890021995601,0,0,0,0.0001999600079984,0,0,0,0.000499900019996001,0.000699860027994401,0,0,0,0.000599880023995201,0,0.528194361127774,0,0,0.00379924015196961,0,0,0,0,0,0,0.0001999600079984,0.0027994401119776,0,0,0,0,0.000699860027994401,0.00339932013597281,0,0,0,0,0,0.0002999400119976,0,0,0,9.99800039992002e-05,0,0.000499900019996001,0,0,0,0.002999400119976,0.000399920015996801,0.000999800039992002,0,0,0.0406918616276745,0,0,0,0,0,0,0.0010997800439912,0,0,0,0,0,0,0,0.000699860027994401,0,0,0,0,0,0.000599880023995201,0,0,0,0,0,0,0,0,0,0,0,0.00739852029594081,0,0,0,0,0,0.0001999600079984,0,0.0001999600079984,0,0,0,0,0.0002999400119976,0,0.0017996400719856,0,0,0,0,0,0,0,0,0,0,0,0.00779844031193761,0,0,0,0,0,0,0,0,0.0001999600079984,0,0.00469906018796241,0,0,0,0.0476904619076185,0,0,0,0,0,0,0,0,0,0,0,0.000899820035992801,0.0445910817836433,0,0,0,0,0.000899820035992801,0.00629874025194961,0,0.0303939212157568,0,0,0.0123975204959008,0,0,0,0,0,0,0,0,0,0,0.000599880023995201,9.99800039992002e-05,0.0001999600079984,9.99800039992002e-05,0.0017996400719856,0,0,0,0.0001999600079984,0,0,0,0,0,0.0292941411717656,0.000899820035992801,9.99800039992002e-05,0.00679864027194561,0,0,0,0,0,0,0.00859828034393121,0,0,0.00639872025594881,0,0,0,0,0,0,0.000599880023995201,0,0,0,0,0,0,0.000399920015996801,0,0,0.0015996800639872,0
0,0,0,0.0018003600720144,0,0,0,0,0,0,0,0,0,0,0.0012002400480096,0,0,0,0,0,0,0.00460092018403681,0,0,0,0.000400080016003201,0,0,0,0.0003000600120024,0.0002000400080016,0,0,0.002000400080016,0,0,0.00420084016803361,0,0.0002000400080016,0,0,0,0,0.0231046209241848,0,0,0,0.000700140028005601,0.0021004200840168,0,0,0,0,0,0,0,0,0,0,0,0,0,0,0.0258051610322064,0,0,0.00470094018803761,0,0,0,0,0,0,0.0252050410082016,0,0,0,0.0002000400080016,0,0,0,0,0,0,0,0.0003000600120024,0.00760152030406081,0,0,0.00430086017203441,0,0.0001000200040008,0,0,0,0,0,0,0,0,0,0,0,0,0,0,0,0.372774554910982,0,0,0,0,0,0.0529105821164233,0,0,0,0,0,0,0,0,0,0.0002000400080016,0.00650130026005201,0,0,0,0,0,0,0,0,0,0,0,0.000700140028005601,0,0,0,0,0,0,0,0,0,0,0,0,0.0108021604320864,0.00700140028005601,0,0,0,0.0001000200040008,0,0,0,0,0,0,0,0,0,0,0,0,0,0,0,0,0,0,0,0,0.00590118023604721,0,0.00840168033606721,0.0021004200840168,0,0,0,0,0,0,0,0,0,0,0,0,0,0,0,0,0,0,0,0,0,0,0,0,0.0172034406881376,0,0,0,0,0,0.002000400080016,0,0,0,0.000600120024004801,0,0,0.00480096019203841,0,0.0002000400080016,0,0,0,0,0,0,0,0,0,0.0453090618123625,0,0.0396079215843169,0,0,0.0565113022604521,0,0,0,0,0,0,0,0,0.0264052810562112,0,0.000400080016003201,0.00410082016403281,0,0,0,0,0,0,0,0,0.00750150030006001,0,0,0,0,0,0.001000200040008,0,0,0,0,0,0,0,0,0,0,0,0.0328065613122624,0,0,0,0,0,0,0.150530106021204,0,0,0.0252050410082016,0,0,0,0,0,0,0.00440088017603521,0,0,0,0,0.0017003400680136,0,0,0,0,0.00330066013202641,0
0,0,0,0.000499900019996001,0,0,9.99800039992002e-05,0.00549890021995601,0,0,0,0.000999800039992002,0,0,0.0131973605278944,0,0,0,0,0,0,0.000799840031993601,0,0.000699860027994401,0,0.0384923015396921,0,0,0.0445910817836433,0.0181963607278544,0.0002999400119976,0.0662867426514697,0,0.0137972405518896,0,0,0.00739852029594081,9.99800039992002e-05,0.000699860027994401,0,0,0.0026994601079784,0.0316936612677464,0.00679864027194561,0,0.000499900019996001,0,0,0,0,0,0.000799840031993601,0,0,0.0145970805838832,0,0,0,0.000899820035992801,0.0001999600079984,0,0,0,0,0,0.000899820035992801,9.99800039992002e-05,0.000399920015996801,0,0.0127974405118976,0.00679864027194561,0,0,0.001999600079984,0,0,0,0.0011997600479904,0,0.0001999600079984,0,0,0,0,0.028994201159768,0,0.0188962207558488,0,0.000799840031993601,0.00629874025194961,0,0.000499900019996001,0.0261947610477904,0,0,0.00359928014397121,0,0,0.00609878024395121,0,0.0111977604479104,0,0,0,0.000999800039992002,0,0,0.00869826034793041,0.00689862027594481,0,0.00809838032393521,0,0,0.00849830033993201,0.000799840031993601,0,0,0.0017996400719856,0.0012997400519896,0.0187962407518496,0,0.0021995600879824,0.00699860027994401,0,0,0,0,0,0,0,0,0,0,0,0,0.0025994801039792,0.0699860027994401,0,0,0,0.0002999400119976,0.000999800039992002,0.0016996600679864,0,0.023495300939812,0.001999600079984,0,0,0,0,0.0001999600079984,0,0,0,0.0162967406518696,0,0,0,0.001999600079984,0,0.0001999600079984,0,0.00419916016796641,0.0971805638872226,0,0,0.000899820035992801,0,0,0,0.000499900019996001,0.0018996200759848,0,0,0,0,0,0.00799840031993601,9.99800039992002e-05,0,0,0.000599880023995201,0,0,0,0.00469906018796241,0,0,0,0,0,0.0021995600879824,0.000799840031993601,0.000999800039992002,0,0,0,0,0,0,0,0,0,0,0.011997600479904,0.000399920015996801,0,0,0,0.00689862027594481,0.0012997400519896,0,0,0.0013997200559888,0.0015996800639872,0.0013997200559888,0.0027994401119776,0.00509898020395921,0.00629874025194961,0.000399920015996801,0.0017996400719856,0,0,0,0,0,0.000799840031993601,0,0.0221955608878224,0.002999400119976,0.0201959608078384,0,0.001499700059988,0.0293941211757648,0,9.99800039992002e-05,0,0,0.0011997600479904,0,0.0001999600079984,0.00339932013597281,0,0,0.000599880023995201,0,0,0,0,0,0.0408918216356729,0,0.0031993601279744,0,0,0.002999400119976,0,0,0.0001999600079984,0.0015996800639872,0,0,0,0.000799840031993601,0,0,9.99800039992002e-05,0,0,0.0267946410717856,0,0.00649870025994801,0.0216956608678264,0,0,0,0,0,0.0002999400119976,0.0434913017396521,0,0,0.00949810037992401,0.000499900019996001,0,0,0,0,0,0,0,0,0,0,0.0103979204159168,0,0.0030993801239752,0,0,0.0001999600079984,0
0,0,0,0,0,0,9.99800039992002e-05,0,0,0,0,0,0,0,0.000699860027994401,0.000599880023995201,0,0,0,0,0,0.000499900019996001,0,0.0002999400119976,0,0.0012997400519896,0,0,0.000999800039992002,0,0.0334933013397321,0,0,0.0010997800439912,0,0,0,0.025994801039792,0,0,0,0,0.0344931013797241,0.00509898020395921,0.0016996600679864,0.0022995400919816,0,0,0,0,0,0,0,0,0,0.0002999400119976,0,0,0.0001999600079984,0,0,0,0,0.0001999600079984,0,0,0.00879824035192961,0,0,9.99800039992002e-05,0,0,0,0,0,0,0,0.000399920015996801,0,0.0028994201159768,0,0.0011997600479904,0,0,0,9.99800039992002e-05,0,0,0,0,0,0.0022995400919816,0.0205958808238352,0,0,0,0.000899820035992801,0,0.00359928014397121,0,0,0.0001999600079984,0,0,0,0,0,0.0785842831433713,0,0,0,0,0,0.0107978404319136,0,0.0001999600079984,0,0.0011997600479904,0.00569886022795441,0,0,0,0,0.0001999600079984,0.011997600479904,0,0,0,0,0,0,0.0669866026794641,0,0.000899820035992801,0,0,9.99800039992002e-05,0,0,9.99800039992002e-05,0.0021995600879824,0,0.0030993801239752,0.0001999600079984,0,0,0.000599880023995201,0,0,0,0.0016996600679864,0,0.0002999400119976,0.0011997600479904,0,0,0,0,0,0,0,0,0,0,0,0,0,0,0,0,0,0,0.0221955608878224,0,0,0,0,0.0010997800439912,0.0001999600079984,0,0,0,0,0,0,0,0.0011997600479904,0,0,0,0.0001999600079984,0.00729854029194161,0.0002999400119976,9.99800039992002e-05,0,0,0,0,0,0,0,0,0,0,0,0.0002999400119976,0,0,9.99800039992002e-05,0.000499900019996001,0,0,0,0,0,9.99800039992002e-05,0,0,0.0027994401119776,0,0,0,0,0,0,0,0,0,0,0,0.0135972805438912,9.99800039992002e-05,0,0.0375924815036993,0,0,0,0,0,0.000499900019996001,0,0,0,0,0.000699860027994401,0,9.99800039992002e-05,0,0,0,0.00609878024395121,0.0001999600079984,0,0,0,9.99800039992002e-05,9.99800039992002e-05,0,0,0,0,0,0,0,0.000399920015996801,0,0,0,0,0.010497900419916,0,0,0.00749850029994001,0,0,0,9.99800039992002e-05,0,0,0.521695660867826,0,0,0.00939812037592481,0,0,0,0,9.99800039992002e-05,0.0025994801039792,0,0,0,0,0,0.00779844031193761,0,0.000699860027994401,0,0,0.00719856028794241,0
0,0.0004999500049995,0,0,0,0.0008999100089991,0,0,0,0.0001999800019998,0,0,0.0014998500149985,0.0070992900709929,0.0005999400059994,0,0,0,0,0,0,0,0,0,0,0.116088391160884,0,0.0005999400059994,0.0005999400059994,0,0,0,0,0,0,0,0,0,0,0,0,0,0,0,0,0.0253974602539746,0,0,0,0,0,0,0,0,0,0,0,0,0,0,0,0,0,0.0003999600039996,0,0,0.083991600839916,0,0.0008999100089991,0.0081991800819918,0,0,0,0,0,0,0,0,0,0.0227977202279772,0,0.0027997200279972,0,0,0,0.0008999100089991,0.002999700029997,0,0,0,0,0,0,0,0,0,0.0004999500049995,0,0,0,0,9.99900009999e-05,0.0003999600039996,0,0.0002999700029997,0,0,0.0142985701429857,0,0,0,0,0,0.0720927907209279,0,0,0,0,0.0575942405759424,0,0,0,0,0,0,0,0.0124987501249875,0,0,0,0,0.0015998400159984,0,0,0,0,0.0001999800019998,0,0,0,0.0097990200979902,0,0,0,0,0,0,0,0,0,0.0095990400959904,0,0,0.0010998900109989,0.0001999800019998,0,0,0,0,0,0,0,0,0,0,0,0,0,0,0.0001999800019998,0.0006999300069993,0,0,0,0,0,0,0,0,0,0,0,0,0,0,0,0,0,0,0,0,0,0,0,0,0,0,9.99900009999e-05,0,0,0,0,0,0.16998300169983,0,0.0281971802819718,0,0,0,0,0,0,0,0,0,0,0,0,0.0335966403359664,0,0,0,0,0,0,0,0,0,0.0111988801119888,0.0001999800019998,0.0290970902909709,0,0.0002999700029997,0.0087991200879912,0,0,0,0,0.0001999800019998,0,0,0,0,0,0.0037996200379962,0,0,0,0,0,0,0,0,0,0,0.0226977302269773,0.0028997100289971,0,0,0,0,0,0,0.0001999800019998,0,9.99900009999e-05,0,0,0,0.0151984801519848,0,0,0.0256974302569743,0,0,0,0,0,0,0,0,0,0.184281571842816,0,0,0.0037996200379962,0,0,0,0,0,0,0,0,0,0,0.001999800019998,0,0,0,0
0,0,0,0,0,0,0.0004999500049995,0.0011998800119988,0,0,0,0,0.0001999800019998,0,0.0027997200279972,0,0,0,0,0,0.0051994800519948,0.0023997600239976,0,9.99900009999e-05,0,0.0180981901809819,0,0,0.0038996100389961,0,0,0,0,0.0158984101589841,0,0,0.0035996400359964,0.0281971802819718,0.0011998800119988,0,0,0.0011998800119988,0.0241975802419758,0.0043995600439956,0.0004999500049995,0.0160983901609839,0,0,0,0,0,0.0028997100289971,0,0,0,0,0,0,0,0,0,0,0,0,0,0,0.0026997300269973,0,0,0,0.0002999700029997,0,0,0.0002999700029997,0,0,0,0,0,0.0008999100089991,0,0,0.01999800019998,0,0.0003999600039996,0,0,0,0.0015998400159984,0.0145985401459854,0,0.0053994600539946,0.0754924507549245,0,0,0.0130986901309869,0,0.0003999600039996,0.0031996800319968,0,0,0.000999900009999,0,0,0.0001999800019998,0,0.0013998600139986,0.0372962703729627,0,0,0,0,0,0.0010998900109989,0,0,0,0,0.0148985101489851,0,0,0,0,0.0002999700029997,0.0060993900609939,0,0,0,0,0,0.0022997700229977,0.0020997900209979,0,0,0,0.0010998900109989,0.0001999800019998,0.0005999400059994,0.0147985201479852,0,0.0001999800019998,0.0003999600039996,0,0,0,0,0,0,0,0,0.0003999600039996,0,0,9.99900009999e-05,0,0,0,0.0006999300069993,0,0.003999600039996,0.0007999200079992,0.0002999700029997,0,9.99900009999e-05,0,0,0.0002999700029997,0,0,0,0,0,0.224077592240776,0,0,9.99900009999e-05,0.0003999600039996,0.0001999800019998,0,0,0,0,0,0.000999900009999,0,0,0,0,0,0,0,0.0290970902909709,0.0004999500049995,0,0,9.99900009999e-05,0.0066993300669933,0,0,0,0,0.0037996200379962,0,0,0,0.0053994600539946,0,0,0,0,0,0,0,0.0001999800019998,0.0001999800019998,0,0,0,0.0240975902409759,0,0.053994600539946,0,0,0,0,0,0,0,0.0025997400259974,0,0.0188981101889811,0,0.0007999200079992,0.102889711028897,0,0,0,0,0,0,0,0.037996200379962,0,0,0,0,0,0,0,0,0.0001999800019998,0,0,0,0.0013998600139986,0,9.99900009999e-05,0,0,0.0001999800019998,0,0,0,0,0,0,0,0,0,0.0393960603939606,0,0,0.005999400059994,0,0,0,0,0,0,0.0253974602539746,0,0,0.0247975202479752,0,0,0,0,0,0.0001999800019998,0,0,0,0,0,0.003999600039996,0,0.0026997300269973,0,0,0.0208979102089791,0
0,0,0,0,0,0,0,0,0,0,9.99800039992002e-05,0,0,0,0.000599880023995201,0,0,0,9.99800039992002e-05,0,0,0.00509898020395921,0,0,0,0.273645270945811,0,0,0.000499900019996001,0.0012997400519896,0.0030993801239752,0,0,0,0,0,0,0.00589882023595281,0,0,0.0001999600079984,0,0,0,0,0,0,0,0,0,9.99800039992002e-05,0,0,0,0.0002999400119976,0.000399920015996801,0,0,0,0.0392921415716857,0,0.00439912017596481,0,0,0,0,0.210257948410318,0.000599880023995201,0,0,0.00419916016796641,0,0,0,0,0,0,0,0,0.0492901419716057,0,0.000899820035992801,0.000799840031993601,0,0,9.99800039992002e-05,0,0.0013997200559888,0,0,0,0.0015996800639872,0,0,0,0,0,0,0.00409918016396721,0,0,0,0.0010997800439912,9.99800039992002e-05,0,0,0,0,0.0002999400119976,0.0273945210957808,0,0,0,0,0,0.000599880023995201,0,0,0,0,0,0,0,0,0,0,0,0,9.99800039992002e-05,0,0.000399920015996801,0.00529894021195761,0,0,0,0,0,0,0,0,0.0198960207958408,0,0,0,0,0,0.00969806038792242,0,9.99800039992002e-05,0,0,0,9.99800039992002e-05,0.000899820035992801,9.99800039992002e-05,0,0,9.99800039992002e-05,0,0.0123975204959008,0,0,0,0,0.0001999600079984,0,9.99800039992002e-05,0,0,0,0,0,9.99800039992002e-05,0,0,0,9.99800039992002e-05,0.00369926014797041,0,0,0,0,0,0,0.0022995400919816,0,0,0,0,0,0.000599880023995201,0.00769846030793841,9.99800039992002e-05,0,0,0,0,0,0,0,0,0,0,0.0001999600079984,0.0333933213357329,0.00949810037992401,0,0,0,0.0001999600079984,0,0,0,9.99800039992002e-05,0,0,0.0137972405518896,0,0,0,0,0,0,0,9.99800039992002e-05,0,0,0,0,0,0.00689862027594481,9.99800039992002e-05,0,0.0794841031793641,0,0,0,0,0,0,0,0,0,0,0,0.0025994801039792,0,0,0,0,0,0,0.0015996800639872,0,0,0,0.001499700059988,0,0,0,0.0001999600079984,0,0,0.000399920015996801,0,0,0,0,0.0028994201159768,0.0020995800839832,0,0,0,0,0,0,0,0,0.001499700059988,0.116576684663067,0,0,0.0160967806438712,0,0,0,0,0.000399920015996801,0.00389922015596881,0.00329934013197361,0,0,0,9.99800039992002e-05,0.0012997400519896,0,0,0,0,0,0
0,0,0,0,0,0,0,0,0,0,6e-04,0,0,0,0,0,0,1e-04,0,0,0,0.0029,0,0,0,0,0,0,0,0,0.0823,0,0,0,0,0,0,0,0,0,0,0,0,0,0,0,0,0,0,0,0,0,4e-04,1e-04,0,0,0,0,0,0,0,0,0,0,0,0,0,0,0,0,0.0018,0,0,0,0,0,4e-04,0,1e-04,0.0035,0,0,0.0091,0,0,0,0.0202,0,0,0.0121,0,0,3e-04,0,0,2e-04,0,0,0,0,0,0,0,0,0,0,0,0.3363,0,0,0,0,0,0,0,1e-04,0,0,0.0044,0,0,0,0,1e-04,0.0041,0,0,0,0,0,0,0,0,0,0,0,7e-04,0,0,0,0.0797,0,0,1e-04,0,0.0019,0.0067,0,0,9e-04,0.0027,0,0,0,0,0,0,0,0,0,0,0,0,0,0,0,0,0,0,0,9e-04,0,0,0,0,0,0,0,0,0,0,0,0,0,0.001,0,0,0,0,0,0,0.0115,0,0,0,0,0,0,0,0,0,0,0.0223,0.0032,0,0.0342,0,0,0,0,0.0078,1e-04,0,0,3e-04,1e-04,0.0082,0.0042,0.0343,0,0.0025,0,0,0,0,0,0,0,5e-04,0,0,0,0,0,0,0,4e-04,0,0,0,1e-04,0,0,0,0,0.0022,0,0,0,0,0,0,0.0027,0,0.001,0.0011,0.0295,0,0,3e-04,9e-04,0,0,4e-04,0,0,0,0,0,0,0,0,0,0.197,0,0,0,0,0.0038,0,1e-04,0,0.0351,0,0,0,0,0,0,0.0039,0,0,0,0,0,0,0.0012,0,0,0.0174,0
0,0.00570285142571286,0.000100050025012506,0,0,0,0,0,0,0,0,0.000200100050025013,0,0,0.00420210105052526,0,0,0,0,0.000100050025012506,0,0.00460230115057529,0,0,0,0.000400200100050025,0,0,0.0117058529264632,0,0,0,0,0.00350175087543772,0,0,0.000100050025012506,0,0,0,0,0,0,0.00490245122561281,0,0.000700350175087544,0,0,0,0,0,0,0,0,0,0,0,0.00140070035017509,0,0,0,0,0,0,0,0,0.0104052026013007,0,0.0032016008004002,0.000600300150075037,0,0,0,0,0,0,0,0,0,0.000300150075037519,0,0.000400200100050025,0,0,0,0,0,0,0,0,0,0,0,0,0,0,0.00200100050025012,0,0.000400200100050025,0,0,0.000300150075037519,0.00210105052526263,0,0.00080040020010005,0.000200100050025013,0.00270135067533767,0.0108054027013507,0,0.00270135067533767,0,0,0,0,0,0,0,0,0.031415707853927,0,0,0,0,0,0,0,0,0,0,0,0.000500250125062531,0,0,0,0,0,0,0,0,0,0,0,0,0,0,0,0.00170085042521261,0.00210105052526263,0,0,0.00130065032516258,0,0,0,0,0,0,0,0.000200100050025013,0,0,0,0,0.000200100050025013,0,0,0,0,0,0,0,0,0,0,0.00220110055027514,0,0,0,0,0,0,0,0,0,0,0,0,0,0,0,0,0.0123061530765383,0,0,0.00510255127563782,0,0,0,0,0,0,0,0,0.000200100050025013,0,0.00650325162581291,0,0,0.000400200100050025,0,0,0,0,0,0,0,0,0,0,0,0.00180090045022511,0.0080040020010005,0,0,0,0,0,0,0.00170085042521261,0,0,0,0,0.101850925462731,0,0,0,0.000100050025012506,0,0.0351175587793897,0,0,0,0,0,0,0,0,0,0,0,0,0,0,0,0,0,0,0,0.000300150075037519,0.000200100050025013,0,0,0,0,0,0,0,0,0,0,0,0.0840420210105053,0,0,0,0,0,0,0.580690345172586,0,0,0.00110055027513757,0,0,0.00220110055027514,0,0,0.000600300150075037,0,0.0103051525762881,0,0,0,0.00300150075037519,0,0.00170085042521261,0,0,0.0286143071535768,0
0,0,0,0.00109945027486257,0,0,0,0,0,9.99500249875062e-05,0.000299850074962519,0,0,0,0.0548725637181409,0,0,0,0,0,0,0.00369815092453773,0,0.000699650174912544,0,0.00079960019990005,9.99500249875062e-05,0,0.00219890054972514,0.000499750124937531,0,0,0,0.00569715142428786,0,0,0.000399800099950025,0.00459770114942529,0,0,0,0,0,0.0131934032983508,0,0,0,0.00189905047476262,0,0,0.000499750124937531,0,0,0,0,0,0,0,0,0.0202898550724638,0,0,0,0,0,0,0,0,0.00259870064967516,0,0.0146926536731634,0,0.000199900049975012,0.0031984007996002,0,0,9.99500249875062e-05,0,0,0,0,0,0.0574712643678161,0,0,9.99500249875062e-05,0,0,0,0.00709645177411294,0,0.000699650174912544,0.0210894552723638,0.000199900049975012,0,0,0,0,0,0,0,0,0,0,0,0,0,0.0841579210394803,0,0,0,0,0,0,0.000199900049975012,0,0,0,0.0158920539730135,9.99500249875062e-05,0,0,0,9.99500249875062e-05,0.00529735132433783,0,0,0,0,0.000699650174912544,0,0,0,9.99500249875062e-05,0,0.000599700149925037,0.00309845077461269,0,0,0,9.99500249875062e-05,0,0,0,0,0.0120939530234883,0,0,0,0.000999500249875062,0,0,0,0,9.99500249875062e-05,0,0,0,0,0.00659670164917541,0.000499750124937531,9.99500249875062e-05,0.000599700149925037,0,0,0,0.00219890054972514,0,9.99500249875062e-05,0,0,0,0.0267866066966517,0,0,0,0.000399800099950025,0.0187906046976512,0,0,0,0,0,0,0.000199900049975012,0,0,0,0,0.000299850074962519,0,0.0124937531234383,0,0,0,0,0,0.000399800099950025,0,0,0,0,0,0,0,9.99500249875062e-05,0,0.000199900049975012,0,0.00139930034982509,0.000199900049975012,0,0,0,0.000499750124937531,0,0,0,0.00079960019990005,0,0,0,0,0,0,0,0.0111944027986007,0,0,0,0.0403798100949525,9.99500249875062e-05,0,0,0,0,0.000299850074962519,0,0,0,0,0,0,0,0,0,0,0,0,0,0,0,0.00349825087456272,0,0.00189905047476262,9.99500249875062e-05,0,0,9.99500249875062e-05,0.00949525237381309,0,0,0,0.000399800099950025,0.00579710144927536,0,0,0,0,0.0126936531734133,0,0.00299850074962519,0.00209895052473763,0,0,0,0,0.000499750124937531,0,0.455172413793103,0,0,0.0127936031984008,0,0,0,0.00809595202398801,0,0,0.00519740129935032,0,0,0,0,0.0102948525737131,0,0.000999500249875062,0,0,0.00129935032483758,0
0,0,0,0,0,0,0.0028,0,0,0,0,0,0,0,3e-04,0,0.0023,1e-04,0,0,0,0,0,0,0,0.152,0,0,0.0102,0,0.0167,0,0,0.0224,0,0,0.0015,0,6e-04,0,1e-04,0,0,0,0,0.0051,0,0,0,0,0,0,0,0,0,0,0,0,0,0,0,0,0,0,0,0,0.0256,0,0,0,0.0054,0,0,0,0,0,0,0,0,0,0,0,0,0,0,0,0.0645,0,0,0.0088,0,9e-04,0.0098,0,0,0,0,0,0,0,0,0.0023,0,0,0,0,0,0.0579,0,0,0,0,0,8e-04,0,0.0055,3e-04,0,0,1e-04,0,0,0,0,0.0087,0,0,0,0,0,0,0,0,2e-04,0,0,1e-04,7e-04,0,0,0.0069,0,0,0,0,0,0,0,0,0,0,0,0,0,0.0023,0,0,0,0,0.0236,0,0,0,0,0,0,0,0,0,0,0,0,0,0,0,0,0,0.0086,0,0,0,0,0.0038,0,0,0,0,0,0,0,6e-04,0,2e-04,0,0,0,1e-04,0,0,0,0,0,0,0,0,0,0,0,3e-04,0.0072,0,0,0,0,0.002,0,0,0,0.0897,0,0,0,0,0,0,0.0032,0,0,0.0012,0,0,0,0,0.1258,0,0,0,0,0,0,0,0,6e-04,0,0,0,0,0,0,0,0,0,0,1e-04,0,0.0302,0.0052,0,0.0016,0,0,0,0,0,0,0,0,0,0,5e-04,0,0,0.034,2e-04,0,0,0,0,0.0049,0.1151,0,0,0.0954,0,0,0,0,0,0,0,0,0,0,0,0.008,0,4e-04,0,0,0.0226,0
0,0,0,0,0,0,0.0002000200020002,0,0,0,0,0,0,0,0.0003000300030003,0,0.0208020802080208,0,0,0,0,0.0102010201020102,0,0,0,0.152415241524152,0,0.0007000700070007,0.0008000800080008,0,0,0,0.0007000700070007,0,0,0,0,0,0,0,0,0,0,0,0,0,0,0,0,0,0,0,0,0,0,0,0,0,0.0011001100110011,0.0541054105410541,0,0,0,0.0017001700170017,0,0,0,0,0,0,0,0,0,0,0,0,0,0,0.0001000100010001,0,0,0.0027002700270027,0.0291029102910291,0,0,0,0,0.0001000100010001,0,0,0,0.0001000100010001,0,0,0,0,0.0043004300430043,0.0006000600060006,0,0,0,0.0035003500350035,0,0,0,0,0.0034003400340034,0.163516351635164,0,0,0,0,0,0,0,0,0.0002000200020002,0,0.0079007900790079,0.001000100010001,0.0006000600060006,0,0.0007000700070007,0.0002000200020002,0,0,0,0.0037003700370037,0,0,0,0,0.0062006200620062,0,0,0,0,0,0.0316031603160316,0,0,0,0.002000200020002,0,0,0.0004000400040004,0.0172017201720172,0,0.0004000400040004,0.0002000200020002,0,0,0,0,0.0001000100010001,0,0,0,0,0,0,0,0,0,0,0,0.0006000600060006,0,0,0,0,0.0023002300230023,0,0,0,0,0.0037003700370037,0,0,0,0,0,0,0,0,0.013001300130013,0,0,0,0,0,0.0031003100310031,0,0,0,0,0.0008000800080008,0,0,0,0,0.0361036103610361,0.0262026202620262,0,0,0.0013001300130013,0,0,0,0,0.0007000700070007,0.007000700070007,0,0,0,0,0.0091009100910091,0,0,0,0.0227022702270227,0,0,0,0,0,0,0,0,0,0,0,0.0023002300230023,0.0269026902690269,0,0,0,0.0015001500150015,0,0.0026002600260026,0,0.0771077107710771,0,0,0,0,0.0002000200020002,0,0,0,0,0,0,0,0,0,0,0,0,0,0,0,0,0,0,0,0,0,0.0002000200020002,0.002000200020002,0,0,0,0,0,0,0,0,0,0.180818081808181,0,0,0.0194019401940194,0,0,0,0,0,0,0.0122012201220122,0,0,0,0,0,0,0.01000100010001,0,0,0.0153015301530153,0
0,0,0,0,0,0,0.00109901089019882,0.00199820161854331,0,0,0,0.000299730242781497,0,0.0264761714456989,0.000399640323708662,0.00529523428913977,0,0,0,0,0.00469577380357678,0.0213807573184134,9.99100809271655e-05,0,0,0.11279848136677,0,0,0.00669397542212009,0,0,0,0.0028973923468878,0.0145868718153662,0,0,0,0,0,0,0,0,0.00089919072834449,0,0,0.00859226695973624,0,0,0,0,0,0,0.000699370566490159,9.99100809271655e-05,0,0.000199820161854331,0,0,0.000199820161854331,0.027775002497752,0,0,0,0.00519532420821261,0,0.00209811169947048,0.0217803976421221,0,0.00089919072834449,0.00589469477470277,0.00109901089019882,0,0,0,0,0,0,0.00129883105205315,9.99100809271655e-05,0.000799280647417324,0,0.00129883105205315,0.0116894794684784,0,0.00359676291337796,0.00479568388450395,0,0,0,0,0,0.000399640323708662,0,0,0,0,0.00329703267059646,0,0.0028973923468878,0,0.00529523428913977,0.00409631331801379,0.00229793186132481,0,9.99100809271655e-05,0,0.0165850734339095,0.0426616045558997,0,0.00379658307523229,0.00249775202317914,0,0,0,0,0,0,0.000199820161854331,0.0112898391447697,0,0,0,0,0,0.00209811169947048,0,0.0994105305225297,0,0,0,0.00199820161854331,0.0112898391447697,0,0,0,0,0.000299730242781497,0,0.00499550404635828,0,0,0,0.000599460485562993,0,0,0,0.00589469477470277,0.00249775202317914,0,0,0.00339694275152363,0,0.00539514437006694,0.00389649315615946,0,0,0,0.00409631331801379,0,0.00479568388450395,0,0,0,0,0,0,0.00139874113298032,0,0.000199820161854331,0,0.00129883105205315,0.00299730242781497,9.99100809271655e-05,0,0,0,0,0,0.00429613347986812,0.000299730242781497,0,0,0,0.000199820161854331,0.00239784194225197,0.00229793186132481,0,0,0,0,0,0.00709361574582875,0,9.99100809271655e-05,0,0,0,0,0.00129883105205315,0,0,0,0,9.99100809271655e-05,0,0.0133879508442402,0,0,0,0,0,0,0.000599460485562993,0,0,0.000599460485562993,0.0115895693875512,0.00209811169947048,0,9.99100809271655e-05,0.0203816565091418,0.00419622339894095,0,0,0,0,0,0,0.00249775202317914,0,0.0130882206014587,0,0.00159856129483465,0.0264761714456989,0,0,0.00129883105205315,0.000399640323708662,0.000599460485562993,0.0641422719552403,0,0,0.0219802178039764,0,0.000299730242781497,0.000599460485562993,0,0,0,0,0.00199820161854331,0.000499550404635828,0.00209811169947048,0,0.00179838145668898,0.0196822859426516,0.00199820161854331,0,0,0,0.000499550404635828,0.00179838145668898,0,0,0,0.000199820161854331,0,0,0.0154860625437107,0.0547507243480867,0.000999100809271655,0,0.0797282445798781,0,0,0,0,0.000199820161854331,0.000299730242781497,0.0142871415725847,0,0,0.0320711359776201,0,0,0,0,0,0.00369667299430513,0.00309721250874213,0,0,0,0,0.000599460485562993,0.000799280647417324,0.00639424517933859,0,0,0.0031971225896693,0
0.00509592326139089,0,0,0,0,0,0.000599520383693046,0,0,0,0,0,0,0,0.000799360511590727,0.000699440447641887,0.000599520383693046,0,0,0,0,0.00329736211031175,0,0,0,0.0154876099120703,0,0,0.00149880095923261,9.99200639488409e-05,0,0,0,0.0132893685051958,0.000999200639488409,0,0.00529576338928857,0.011290967226219,0,0,0.000199840127897682,0,0,0,0,0.0129896083133493,0,0,0,0,0,9.99200639488409e-05,0,0,0,0.00109912070343725,0,9.99200639488409e-05,0,0.000999200639488409,0,0,9.99200639488409e-05,0,0,0.000399680255795364,0.000899280575539568,0.00179856115107914,0,9.99200639488409e-05,0.00279776179056755,0,0,0.0144884092725819,0,0,0,0,0,0.00939248601119105,0,0,0.0209832134292566,0,0.0813349320543565,9.99200639488409e-05,0,0,0.00119904076738609,0.00719424460431655,0,0.000299760191846523,0.0337729816147082,0,0.00209832134292566,0.00399680255795364,0,0,0.00379696243005596,0,0,0,0,0,0.00359712230215827,0.000699440447641887,0,0.0670463629096723,0,0,0.00119904076738609,0,0,0.107813749000799,0,0.000299760191846523,0,0,0.0116906474820144,0,0,0,0,0,0,0,0,0,0,0,0,0,0,0,0,0,9.99200639488409e-05,0,0,0,0.000699440447641887,0,0.00119904076738609,0,0,0,0.00119904076738609,0,0,0,0.00179856115107914,0.000499600319744205,0,0,0,0,0.000599520383693046,0,0,0,0,0,0,9.99200639488409e-05,0,0,0,0,0.000199840127897682,0,9.99200639488409e-05,0,0,9.99200639488409e-05,0,0,0,0.00359712230215827,0,0,0,0.000499600319744205,0,0,0.00109912070343725,0.00249800159872102,0,0,0,0,0,0,0,9.99200639488409e-05,0.00259792166266986,0,0,0,0,0,0,0.00139888089528377,0,9.99200639488409e-05,0,0.000399680255795364,0,0.000699440447641887,9.99200639488409e-05,9.99200639488409e-05,0,0,0,0,0.00279776179056755,0.000799360511590727,0,0.00229816147082334,0.0670463629096723,0.000799360511590727,0.00329736211031175,0,0,0.00809352517985612,0,0.004396482813749,0,0,0.00869304556354916,0.00289768185451639,0.0777378097521982,0,0.0016986410871303,0.0226818545163869,0,0,0,9.99200639488409e-05,0.00149880095923261,0,0,0.0127897681854516,0,0,9.99200639488409e-05,9.99200639488409e-05,0,9.99200639488409e-05,0,0,0,0,0,0,0.00139888089528377,9.99200639488409e-05,0,0,0.000299760191846523,0.0248800959232614,9.99200639488409e-05,0,0,0.000299760191846523,0,0,0,0,0,0.000399680255795364,0,0,0.00649480415667466,0,9.99200639488409e-05,0,0,9.99200639488409e-05,0,0.224520383693046,0,0,0.0503597122302158,0,0,0,0,0,0,0,0,0,0,0,0,0,9.99200639488409e-05,0,0,0.00149880095923261,0
0,0.0004999500049995,0,0,0,0,0,0,0,0,0,0,0.0002999700029997,0,0.0007999200079992,0,0,0,0,0.0002999700029997,0,0,0,0,0,0.0114988501149885,0,0,0,0.0021997800219978,0,0,0,0,0,0,0.0064993500649935,0,0,0,0,0,0,0,0,0,0,0,0,0,0.000999900009999,0,0,0,0.0023997600239976,0,0,0,0,0,0,0,0,0,0,0,0.0256974302569743,0,0,0,0,0,0,0,0,0.0032996700329967,0,0,0,0.0044995500449955,0,0,0.0224977502249775,0,0,0.0001999800019998,0.0238976102389761,0,0,0,0,0,0.0223977602239776,0.0038996100389961,0,0,9.99900009999e-05,0,0,0,0,0.0003999600039996,0,0,0,0,0,0.257874212578742,0,0,0,0,0,0.0028997100289971,0,0,0,0,0.0034996500349965,0,0,0,0,0,0.0016998300169983,0,0,0,0,0,0.0001999800019998,0,0,0,0,0,0,9.99900009999e-05,0,0,0,0,0,0,0,0,0,0,0,0,0,0,0,0,0,0,0,0,0,0,0,0,0,0,0,0,0,0,0,0,0,0,9.99900009999e-05,0,0,0,0,0.0301969803019698,0,0,0,0,0,0,0,0,0,0,0,0,0,0,0,0,0,0,0,0,0,0,0,0,0,0,0,0,0.0001999800019998,0,0,0,0,0,0,0,0.0005999400059994,0,0,0,0.0821917808219178,0,0.0128987101289871,0,0,0,0,0,0,0,0,0,0,0,9.99900009999e-05,0,9.99900009999e-05,0,0.0004999500049995,0,0,0.0025997400259974,0,0,0,0,0,0,0,0,0,0.0061993800619938,0,0,0,9.99900009999e-05,0,0.0008999100089991,0.0003999600039996,0,0,0.0005999400059994,0,0,0,0,0.0512948705129487,0,0,0,0,0,0,0,0.0214978502149785,0,0,0,9.99900009999e-05,0,0,0.388561143885611,0,0,0.0017998200179982,0,0,0,0,0,0,0,0,0,0,0,0,0,0.0003999600039996,0,0,0,0
0,0,0,0,0,0,0,0.00269811132207455,0,0,0,0.00099930048965724,0,0,0.002897971420006,0,0.00109923053862296,0,0,0,0,0.00469671230138903,0,9.9930048965724e-05,0,0.298291196162686,0,0,0.000199860097931448,9.9930048965724e-05,0,0,0,0.00909363445588088,0,0,0,0.00839412411312082,0,0,0,0.00669531328070351,0,0,0,0.0436694313980214,0,0.00109923053862296,0,0,0,0,0.00129909063655441,0,0,0,0,9.9930048965724e-05,0,0.0508643949235535,0.000299790146897172,0,0,0.000199860097931448,0,0.000399720195862896,0.00699510342760068,0.00269811132207455,0,0,0,0,0.00139902068552014,0,0,0,0,0,0,0.0792445288298191,0,0.00479664235035475,9.9930048965724e-05,0,0,9.9930048965724e-05,0,0,0.00219846107724593,0,0,0.000299790146897172,0.00379734186069751,0,0,0,0.000899370440691516,0,0.000199860097931448,0,0,0.00449685220345758,0,0,0,0,0,9.9930048965724e-05,0,0,0,0,0,0,0,0,0,0.000199860097931448,0.00299790146897172,0,0,0,0.000399720195862896,0,0.00469671230138903,0,0,0,0,0,0.0181872689117618,0,0,0,0,0,0.000199860097931448,0,0,0,9.9930048965724e-05,0,0.000699510342760068,0,0,0,0.00309783151793744,0,0,0,0.000599580293794344,0,0,0,0,0,0,0,0,0,0,0,0,0,0,0,0,0,0,0,0.000599580293794344,0,0.00579594284001199,0,0,0,0,0.000599580293794344,0.0743479564304987,0.000399720195862896,0,0,0,0,0.00049965024482862,0,0,0,0,0,0,0.0242830018986709,9.9930048965724e-05,9.9930048965724e-05,0,0,0,0,0,0,0,0,0,0,0,0.00049965024482862,0,0,9.9930048965724e-05,9.9930048965724e-05,0.00109923053862296,0,0,0,0,9.9930048965724e-05,0.00349755171380034,0,0.000199860097931448,0,0,0,0,0,0,0,0,0,0,0,0,0,0,0.00399720195862896,0,0,0,0,0,9.9930048965724e-05,0,0,0,0,0,9.9930048965724e-05,9.9930048965724e-05,0.000599580293794344,0,0,0.00399720195862896,0,0.00409713200759468,0,0.000399720195862896,9.9930048965724e-05,9.9930048965724e-05,0,0,0.00629559308484061,0.000199860097931448,0,0,9.9930048965724e-05,0,0,0,0,0,0.0277805536124713,0,0,0.0185869891076247,0,0,0,0,0,9.9930048965724e-05,0.155890876386529,0,0,0.0654541820725492,0.000299790146897172,0,0,0,9.9930048965724e-05,0.00619566303587489,0.0135904866593385,0,0,0,0,9.9930048965724e-05,0,0.000899370440691516,0,0,0.00679524332966923,0
0,0,0,0,0.00449730161902858,0.00439736158305017,0,0,0,0.000899460323805717,9.9940035978413e-05,0,0.000299820107935239,0,9.9940035978413e-05,0.000299820107935239,0,9.9940035978413e-05,0.000599640215870478,0,0.0169898061163302,0.00289826104337398,0,0,0,9.9940035978413e-05,0,0,0.000999400359784129,0.000199880071956826,0.0022986208275035,0,0,0.00219868079152508,0,0,0.000899460323805717,0.0061962822306616,0,0,0,0.00189886068358985,0.00149910053967619,0,0.000699580251848891,0.00839496302218669,0,0,0,0,0,0,0.000399760143913652,0,0,0.000299820107935239,0,0,0.000799520287827304,0,0.000699580251848891,0,0,0.000499700179892065,0,0,0.00209874075554667,0,0,0,0,0,0,0,0,0.0494703178093144,0,0,0,0.00219868079152508,0,0.00519688187087747,0.000799520287827304,0,0.0956426144313412,0.000599640215870478,0,0,0.000499700179892065,0.000699580251848891,0,0,0,0,0,0,0.0598640815510694,0,0,0,0,0,0,0,0,0,0,0.0463721766939836,0,0,0.00179892064761143,0.000899460323805717,0,0.00119928043174096,0,0,0,0.00239856086348191,0.00389766140315811,0,0,0,0,0,0.0022986208275035,0,0,0,9.9940035978413e-05,0,0.016689986008395,0.0500699580251849,0,0,0,0,0.00549670197881271,0,0.00119928043174096,0,0.00269838097141715,0.000799520287827304,0.00169898061163302,0.00119928043174096,0,0,0.00119928043174096,0.0136917849290426,0,0.0247851289226464,0.00259844093543874,0,0,0.000499700179892065,0,0,0,0.000599640215870478,0,0,0,0.00119928043174096,0,0,0,0,0.000999400359784129,0,0,0,0,0,9.9940035978413e-05,0,0.00199880071956826,0,0,0,0,0.000299820107935239,0,0,0,0,0.000399760143913652,0,0,0,0,0,0,0.00319808115130921,0,0,0,0,0,0,0,0,0.00269838097141715,0,0,0,9.9940035978413e-05,0.000299820107935239,0,0,0,9.9940035978413e-05,0,0,0,0,0,0,0,0,0.0512692384569258,0,0,0,0,0,0,0,0,0,0.00209874075554667,0,0.021786927843294,0,0.00259844093543874,9.9940035978413e-05,0,0,0.000399760143913652,0,0.000999400359784129,0,0,0.0193883669798121,0,0,0,0,0,0,0,0,0,0,0.00419748151109334,0,0,0.000399760143913652,0.000399760143913652,0,0,0,0,0,0,0.000299820107935239,0,0,0,0,0,0.0298820707575455,0,0.00579652208674795,0.0460723565860484,0.189586248251049,0,0,0,0,0.000399760143913652,0.141515090945433,0.000199880071956826,0,0.00839496302218669,0,0,0,0,0,0,0.0030981411153308,0,0,0,0,0,0,0,0,0,0.00119928043174096,0
0,0,0.000199940017994602,0.00289913026092172,0,0,9.99700089973008e-05,0.00229931020693792,9.99700089973008e-05,0,0,0,0,0,0.000499850044986504,0,0,0,0,0,0.00329901029691093,0.00139958012596221,0,0.000799760071978406,0,9.99700089973008e-05,0,0,0.00319904028791363,0,0.0355893232030391,0,0,0.000199940017994602,0,0,0.000199940017994602,0.0140957712686194,0.000199940017994602,9.99700089973008e-05,0,0.00429871038688393,0.111066679996001,0.00129961011696491,0,0,0,0,0,0,0,9.99700089973008e-05,0.00119964010796761,0,0,0.00239928021593522,0,0.000699790062981106,0,0.0395881235629311,0.000299910026991902,0.00519844046785964,0,0,0,0.00159952014395681,0.00489853044086774,0.00419874037788663,0,0.0248925322403279,0.000899730080975707,0,0,0,0,0,0,0.000299910026991902,0,0.000899730080975707,0,0.00279916025192442,0.000599820053983805,0,0,0,0,0,0.00199940017994602,0.000999700089973008,9.99700089973008e-05,0.00179946016195141,0.00159952014395681,0,0,0.000299910026991902,0,0,0.000299910026991902,0,0,0.000499850044986504,0,0,0,0,0,0.0616814955513346,0,0.00259922023392982,0.00149955013495951,0,0.0108967309807058,0.00749775067479756,0,0,0,0.000899730080975707,0.0224932520243927,0,0.000299910026991902,0.00469859042287314,0,0.000299910026991902,0,0,0,0,0,0,0,0.0283914825552334,0,9.99700089973008e-05,0,0,9.99700089973008e-05,0,0.000299910026991902,0,0.00279916025192442,0,0.00279916025192442,0,0,0,0,0,0,9.99700089973008e-05,0.00179946016195141,0.000199940017994602,0,0.000499850044986504,9.99700089973008e-05,9.99700089973008e-05,0.00209937018894332,0.000499850044986504,0,0.00259922023392982,0,0,0,0.105768269519144,0,0,0,0.00569829051284615,0.000199940017994602,0,0.00539838048585424,0,9.99700089973008e-05,0,0.00409877036888933,0,0,0.00139958012596221,0.00349895031490553,0,0,0,0,0,0,0.00119964010796761,0,0,0,0,0,0,0,0,0,0,0,0,0,0,0,0.00159952014395681,0,0.148055583325002,0,0.00599820053983805,0,0.000899730080975707,0,9.99700089973008e-05,0,0,0,0,0,0.000999700089973008,0.00439868039588124,0.00199940017994602,0.00489853044086774,0,0.00409877036888933,0.00969709087273818,0,0.000499850044986504,9.99700089973008e-05,0,0,0,9.99700089973008e-05,0,0,0,0.00219934019794062,0.00329901029691093,0,0,0,0,0.000899730080975707,0,0,0.00169949015295411,0.00659802059382185,0,0,0.0331900429871039,0,0,0,0,0,0,0,0,0.00129961011696491,0.000199940017994602,0.00499850044986504,0,0,0,0.000699790062981106,0,0,0.000899730080975707,0.0214935519344197,0,0,0,0.000399880035989203,0.00149955013495951,0,0,0.0371888433469959,0,0,9.99700089973008e-05,0,0,0.000199940017994602,0.0969709087273818,0,0,0.0107967609717085,0,0,0.00149955013495951,0.00319904028791363,0,0,0.00229931020693792,0,0,0,0.000799760071978406,0.00309907027891633,0,0.00129961011696491,0,0,0.0166949915025492,0.000199940017994602
0,0,0,0.000299910026991902,0,0.00279916025192442,0.00889733080075977,0.000899730080975707,0,0,0.000299910026991902,0.000199940017994602,0,0,0.000799760071978406,0.000699790062981106,0,0,0,0,0.00249925022493252,0.00399880035989203,0,0.00379886034189743,0,0.175147455763271,0,0,0.0243926821953414,0,0,0,0,9.99700089973008e-05,0,0,0,0.00739778066580026,0,9.99700089973008e-05,0,0,0.020593821853444,0,0,0.0211936419074278,0,0.000299910026991902,0,0,0,0,0.000699790062981106,0,0,0.000599820053983805,0,0,0.000199940017994602,0.0291912426272118,0,0.000999700089973008,0.00449865040487854,0.000799760071978406,0.018294511646506,0.000799760071978406,0.0384884534639608,0.00739778066580026,0,0,0.000499850044986504,0,0.000999700089973008,0,0,0,0,0,0,0.00539838048585424,0,0.00279916025192442,0,0,0.00619814055783265,0,0,0,0.000399880035989203,0.00219934019794062,0,0.01629511146656,0.00229931020693792,0,0,0.000399880035989203,0,0,0,0,0.000699790062981106,0.000899730080975707,9.99700089973008e-05,0.00319904028791363,0,0,0,0.180345896231131,0.0107967609717085,0.000399880035989203,0.0140957712686194,0,0,0.00329901029691093,0,0,0,0.000599820053983805,0.00929721083674898,0,0,0,0,0.000399880035989203,0.00179946016195141,0,0,0,9.99700089973008e-05,0,0,0,0,0.0323902829151255,0,0,0.0163950814755573,0,0.000899730080975707,0,0,0.000199940017994602,0.00159952014395681,0,0.00599820053983805,0,0.000899730080975707,0.000899730080975707,0.000199940017994602,0,0.00119964010796761,0,0,0.000499850044986504,9.99700089973008e-05,0,0,9.99700089973008e-05,0,0.00139958012596221,0.000299910026991902,0,0.000199940017994602,0,0,0,0.000299910026991902,0,0,0.000299910026991902,0.000299910026991902,0,9.99700089973008e-05,0,0,0,0.000399880035989203,0.000599820053983805,0.0613815855243427,0.000199940017994602,0,0,0,0,9.99700089973008e-05,0.00209937018894332,0,0,0,0,0,0.00669799060281915,0.00109967009897031,0,0,0,0,9.99700089973008e-05,0,0,0.000399880035989203,0,0,0,0,0.00369889033290013,0,0,0,0.00269919024292712,0,0,0,9.99700089973008e-05,0,0,0.00319904028791363,0.00119964010796761,0.000899730080975707,0.000499850044986504,0.000999700089973008,0.000599820053983805,0,0,0,0,0,0,0,0,0.015295411376587,0,0.00169949015295411,0.0347895631310607,0,0,0.000899730080975707,0,0.00119964010796761,9.99700089973008e-05,0,0,0,0,0,0,0,0.000499850044986504,0,0,0.00279916025192442,0,9.99700089973008e-05,0,0,0.000199940017994602,0,0,9.99700089973008e-05,0,9.99700089973008e-05,0,0,0,0,0,0,0,0.00109967009897031,0.00689793062081376,0.00119964010796761,0.00289913026092172,0.00109967009897031,0,0,0,0.000399880035989203,0,0.000299910026991902,0.108367489753074,9.99700089973008e-05,0,0.0109967009897031,0,0,0,0,0,0.00159952014395681,0.00489853044086774,0,0,0,0,0,0,0.000399880035989203,0,0,0.0107967609717085,0
0,0.000799520287827304,0,0,0,0,0,0.00349790125924445,0,0,0.000399760143913652,0,0,0,0.00249850089946032,0,0.00469718169098541,0,0,0,0.00259844093543874,0.00469718169098541,0,0,0,0,0,0,0,0,0.0431740955426744,0,0,0.0130921447131721,0,0,0.000999400359784129,0.0314811113332001,0,0,0,0,0,0,0,0,0,0.000199880071956826,0,0,0,0,0,0,0,9.9940035978413e-05,0,0,0,0,0,0,9.9940035978413e-05,0,0,0.000399760143913652,0.00839496302218669,0,0.00169898061163302,0.00399760143913652,0.0061962822306616,0,0,0.000899460323805717,0,0,0,0,0,0.0250849490305817,0,0.000399760143913652,0.00969418348990606,0,0,9.9940035978413e-05,0.00739556266240256,0,0,0.024685188886668,0,0.00119928043174096,0.00429742154707176,0,0,0,0,0,0.00739556266240256,0,0,0,0,0.00119928043174096,0.000799520287827304,0.000299820107935239,0,0,0,0,0,0,0,0.00669598241055367,0.00119928043174096,0.000199880071956826,0,0,0.00909454327403558,0,0,0,0,0.000699580251848891,0.0319808115130921,0,0,0,0,0,0.00389766140315811,0.0805516689986008,0,9.9940035978413e-05,9.9940035978413e-05,0,0.000199880071956826,0,0,0,0.000799520287827304,0,0,0,0,0,0.00149910053967619,0,0,0,0.00159904057565461,0.000399760143913652,9.9940035978413e-05,0.00139916050369778,9.9940035978413e-05,0,0.000499700179892065,0,0,0,0,0,0,0,0,0,0,0,0,0.000299820107935239,0,0,0,0,0,0,0,0.000599640215870478,0.0179892064761143,0,0,0,0,0,0.00199880071956826,0,0,0,0,0,0,0.00699580251848891,9.9940035978413e-05,0.000199880071956826,0.00269838097141715,0,0,0.000399760143913652,0,0,0,0,0,0,0,0.000799520287827304,9.9940035978413e-05,0,0,0,0,0,0,0.000299820107935239,0.000899460323805717,9.9940035978413e-05,0.00249850089946032,0.00139916050369778,0,0.000699580251848891,0.0113931641015391,0,0,0,0,0.00279832100739556,0.0099940035978413,0,0.00709574255446732,0.000199880071956826,0.0116929842094743,0,0,0.0198880671597042,0,0,9.9940035978413e-05,0,0,0,0,0,0,0,0,0,0,0,0,0,0.0113931641015391,0.000499700179892065,0.00119928043174096,0,0.000699580251848891,9.9940035978413e-05,9.9940035978413e-05,0.000299820107935239,0.004597241655007,0.00509694183489906,9.9940035978413e-05,0,0.000599640215870478,9.9940035978413e-05,0,9.9940035978413e-05,0,0,0.0084949030581651,0.000199880071956826,0,0.000999400359784129,0.0332800319808115,0,0,0,0,0.000199880071956826,0.000699580251848891,0.426044373375974,0,0,0.0298820707575455,0,0,0,0,0,0.00319808115130921,0.000899460323805717,0,0,0,0,0.00479712172696382,0.000999400359784129,0,0,0,0.0105936438137118,0
0,0,0,0,0,0,0.0003000600120024,0,0,0.000700140028005601,0.0002000400080016,0,0,0,0.0001000200040008,0,0,0,0,0,0.0121024204840968,0.0102020404080816,0,0.0001000200040008,0,0.0002000400080016,0.0002000400080016,0,0.000800160032006401,0,0,0,0,0.0102020404080816,0,0,0.000800160032006401,0.0176035207041408,0,0,0,0.0013002600520104,0,0.00990198039607922,0.0003000600120024,0.0266053210642128,0,0.0001000200040008,0,0,0,0,0,0,0,0.0016003200640128,0,0,0,0.0468093618723745,0,0,0,0,0,0,0,0,0.000900180036007201,0,0,0,0,0,0.173934786957391,0.0001000200040008,0,0,0,0.0907181436287257,0.0011002200440088,0,0.0189037807561512,0,0.00580116023204641,0,0,0,0,0.00340068013602721,0,0.0002000400080016,0.001500300060012,0.0026005201040208,0,0.0003000600120024,0,0,0.00440088017603521,0,0,0,0,0,0,0,0,0.0001000200040008,0,0.00390078015603121,0,0,0,0,0,0,0,0,0,0,0,0,0,0.0001000200040008,0.00930186037207442,0,0,0,0.000700140028005601,0,0,0.0146029205841168,0,0,0,0,0.0003000600120024,0,0.0002000400080016,0.0001000200040008,0,0,0,0,0,0,0.0017003400680136,0,0,0,0.0031006201240248,0.0171034206841368,0,0.000700140028005601,0,0,0,0.0029005801160232,0,0.0196039207841568,0,0,0.000400080016003201,0,0,0,0,0,0,0,0,0,0,0,0,0,0,0,0.01000200040008,0.0001000200040008,0,0,0,0,0.00330066013202641,0,0,0,0,0,0,0.00380076015203041,0,0,0,0.0001000200040008,0,0,0,0,0,0,0,0.157031406281256,0.00330066013202641,0.000700140028005601,0,0,0,0,0,0,0.002000400080016,0,0.00480096019203841,0,0.0111022204440888,0.0501100220044009,0,0,0,0.0014002800560112,0,0,0,0,0,0,0.0139027805561112,0,0.0442088417683537,0,0,0.0137027405481096,0,0,0,0,0,0,0.0001000200040008,0,0,0,0,0,0,0,0,0,0,0.000700140028005601,0.0021004200840168,0,0.0011002200440088,0,0,0,0,0,0,0.000600120024004801,0,0,0,0,0,0,0,0,0,0.0028005601120224,0,0,0,0,0,0,0.0014002800560112,0.0238047609521904,0,0,0.0790158031606321,0,0,0,0.00320064012802561,0,0.0146029205841168,0.0162032406481296,0,0,0,0,0,0.000400080016003201,0,0.00970194038807762,0,0.00590118023604721,0
0,0,0.000800160032006401,0.0014002800560112,0,0,0.00560112022404481,0,0,0,0,0,0,0.0479095819163833,0.0119023804760952,0,0,0,0,0,0,0,0.0001000200040008,0.0013002600520104,0,0.419083816763353,0,0,0.003000600120024,0,0,0,0,0,0,0,0,0,0.000400080016003201,0.0001000200040008,0,0,0,0.0121024204840968,0,0,0,0,0,0,0,0,0,0,0,0,0,0,0,0,0,0,0,0,0,0,0.0204040808161632,0,0.00390078015603121,0,0,0,0,0,0,0,0,0,0,0,0,0,0,0,0.00400080016003201,0,0,0.0001000200040008,0,0,0,0.0003000600120024,0.00880176035207041,0,0,0.00430086017203441,0,0,0,0,0,0.00720144028805761,0,0,0.0019003800760152,0,0,0.00430086017203441,0,0,0,0,0,0,0,0,0,0,0,0.0002000400080016,0,0,0,0.0001000200040008,0,0,0.00650130026005201,0,0,0,0.00410082016403281,0,0,0,0,0,0.0469093818763753,0.0001000200040008,0,0,0.0028005601120224,0,0,0,0,0,0,0,0,0,0,0,0,0.0019003800760152,0.0002000400080016,0.0001000200040008,0,0.0001000200040008,0,0.002000400080016,0,0,0,0.0563112622524505,0.0001000200040008,0,0,0,0,0,0,0,0,0.002000400080016,0,0.0021004200840168,0,0,0.00900180036007201,0,0,0,0,0,0,0,0,0,0,0,0,0,0,0,0,0,0.0028005601120224,0,0,0,0,0,0,0,0,0.001000200040008,0,0,0,0,0,0,0,0,0,0,0.00600120024004801,0,0,0,0.00830166033206641,0,0,0,0.0001000200040008,0,0,0,0.00480096019203841,0,0.019003800760152,0.0001000200040008,0,0.0327065413082617,0,0,0,0,0,0.0001000200040008,0,0,0.00760152030406081,0,0,0,0,0,0,0,0,0,0,0,0,0.000500100020004001,0.0001000200040008,0,0,0,0,0,0,0,0,0,0,0,0,0.0129025805161032,0,0,0.0297059411882376,0,0.000800160032006401,0,0,0.000400080016003201,0,0.157031406281256,0,0,0,0,0,0,0,0.0001000200040008,0.016503300660132,0,0,0,0,0,0.0029005801160232,0,0.0031006201240248,0,0,0,0
0,0,0,0,0,0,0.000199940017994602,0,0,0,0,0,0,0.0316904928521444,0.00169949015295411,0,0,0,0,0,0.012296311106668,0.00259922023392982,0,0,0,0.13925822253324,0,0,0.000299910026991902,0,0.000199940017994602,0,0,0.00779766070178946,0,0,9.99700089973008e-05,0,9.99700089973008e-05,0,0,0,0,0.00559832050384884,0,0.00519844046785964,0,0,0,0,0,0,0,0,0,0,0,0,0,0,0,0,0,0,0,0,0.0151954413675897,0,0,0.00539838048585424,0.000399880035989203,0,0,0.000799760071978406,0,0,0,0,0,0.00399880035989203,0,0.000599820053983805,9.99700089973008e-05,0,0.00699790062981106,0.00139958012596221,0.0126961911426572,0,0,0.00319904028791363,0,9.99700089973008e-05,0,0,0,0,0,0,0.00569829051284615,0,0,0,0.00109967009897031,0.00109967009897031,0.000199940017994602,0,0.01629511146656,0.198740377886634,0,0,0,0,0.00179946016195141,0,0,0,0,0,0.00369889033290013,0,0,0,0,0,0,0,0.0183944816555034,0,0,0,0.00319904028791363,0.0207937618714386,0,0,0,0,0,0,0,0,0,0,0,0,0,0,9.99700089973008e-05,0,0,0,0.00119964010796761,0,0,0,0,0,0,0,0.00259922023392982,0.00889733080075977,0,0,0,0,0,9.99700089973008e-05,0,0,0,0,0.000199940017994602,0,0,0,0,0,0,0.00119964010796761,0.00579826052184345,0,0,0,0,0,9.99700089973008e-05,0,0,0,0,0,0.000299910026991902,9.99700089973008e-05,0,0,0,0,0,0,0,0,0,0,0,9.99700089973008e-05,0,0.000199940017994602,0,0,0,9.99700089973008e-05,0,0,0,0,0,0,0.00749775067479756,0.00139958012596221,0,0,0,0.00179946016195141,0,0.000299910026991902,0,0,0,0,0.0111966410076977,0.000299910026991902,0.00879736079176247,9.99700089973008e-05,0,0.10296910926722,0,0,0,0,0,0,0,0,0,0,9.99700089973008e-05,0.00139958012596221,0,0,0,0,0,0,0,0,0.000199940017994602,0.000499850044986504,0.00329901029691093,0,0.000199940017994602,0,0,0,0,0.000399880035989203,0,0,0,0,0,0.00349895031490553,0,0,0.0630810756772968,0,0,0,0,9.99700089973008e-05,9.99700089973008e-05,0.230930720783765,0,0,0.00109967009897031,0,0,0,0,9.99700089973008e-05,0.000899730080975707,0.00269919024292712,0,0,0,0,0.00589823053084075,0,0,0,0,0.00119964010796761,0
0,0,0,0,0,0,4e-04,0,0,0,0,0,0,0,1e-04,0,2e-04,0,0,0,0,0,0,6e-04,0,0.0567,0,0,5e-04,1e-04,0.0115,6e-04,0,9e-04,0,0,0,0,0,0,0,0,0.046,0,0,0.0053,0,0,0,0,0,0,9e-04,0,0,0,0,0,0,0.0281,0,0,0,0,0,0.0108,0.0178,0,0,0,0,0,0,0.0067,0,0,0,0,0,0,0,0.0029,0,0,0,1e-04,0,0,6e-04,0,0,3e-04,0.0179,0,0,3e-04,0,0,0,0,0,2e-04,0,0,0,0,0,0.2871,0,0,0.013,0,0,0,0,0,0,0,0.0112,0,0,0,0,0,0.0041,0,0,0,0,0,0,0,0,0.001,0,0,0,0,6e-04,0,0.0019,0.0011,0,0,0,0,0,0,0,0,0.0037,0,0,0,0,0,0,0,0,0,0,0.001,0,0,0,0,6e-04,0,0,8e-04,0,0,0.0013,0,0,0,0,0,0.0428,0,0,0.0013,0,0,0,0,0,0,0,0,0,0.0068,0,0,0,0,0,0,0,0,0,0,0,0,1e-04,0.0017,3e-04,9e-04,0,0,0,0,0,0,0,0,0,0,0.0215,5e-04,2e-04,0,0,0,0,0,0,0.0262,0,0,0,0,0.0026,0.0438,0,0,9e-04,0,8e-04,0,0,0,0,0,2e-04,0,1e-04,0,0,0,0,0,0,0,0,2e-04,2e-04,0,0,0,0,0,0,0,0,0,0,0,0,4e-04,0,0,0.04,0,0,0,4e-04,4e-04,0,0.2244,0,0,0.0357,0,0,0,0,0,0,0.0057,0,0,0,0,0,0,3e-04,0,0,0.0047,0
0,0,0,0,0,0,0.00320128051220488,0.000100040016006403,0,0,0,0.00130052020808323,0,0,0,0,0,0,0,0,0,0,0,0.000700280112044818,0,0.0143057222889156,0,0,0.00120048019207683,0.00560224089635854,0.0252100840336134,0,0,0.0124049619847939,0,0,0.00110044017607043,0,0,0,0.000200080032012805,0.00160064025610244,0,0,0,0.00450180072028811,0,0,0,0,0,0,0,0,0.00240096038415366,0,0,0,0.00570228091236495,0,0,0.00280112044817927,0,0,0,0,0.00140056022408964,0,0,0.0210084033613445,0,0,0,0,0,0,0,0,0,0,0,0,0,0,0.000300120048019208,0,0,0,0.00310124049619848,0,0,0,0.0565226090436174,0,0,0,0,0,0,0,0,0.000700280112044818,0,0,0,0,0,0.269707883153261,0,0,0.00310124049619848,0,0,0.00200080032012805,0.00040016006402561,0,0,0,0.0146058423369348,0,0.000200080032012805,0,0,0,0.0130052020808323,0.00180072028811525,0,0,0,0,0.0115046018407363,0.00190076030412165,0,0,0,0,0,0,0,0,0,0,0.00150060024009604,0,0,0,0,0,0,0,0,0,0,0,0,0,0,0,0,0.00360144057623049,0,0,0.00150060024009604,0,0,0,0,0,0,0,0,0,0,0,0,0,0,0,0,0,0,0,0,0,0,0,0,0,0,0,0,0.00350140056022409,0,0,0,0,0,0,0,0,0,0,0,0.000100040016006403,0,0,0,0,0,0,0,0,0,0,0.000500200080032013,0,0.0166066426570628,0,0,0,0,0,0,0,0,0,0,0,0,0,0.0205082032813125,0,0.00210084033613445,0.0248099239695878,0,0,0,0,0,0,0,0.00940376150460184,0,0,0,0,0,0,0,0,0,0,0,0,0,0,0,0,0,0,0,0,0,0.000300120048019208,0.000700280112044818,0,0,0,0,0.182172869147659,0,0.00160064025610244,0.169867947178872,0,0,0,0,0,0.000500200080032013,0.0560224089635854,0,0,0.0108043217286915,0,0,0,0,0,0,0.000800320128051221,0,0,0,0,0.00910364145658263,0,0,0,0,0.00040016006402561,0
0,0.000499750124937531,0,0,0,0.00389805097451274,9.99500249875062e-05,0.00119940029985007,0,0,0,0,0.00109945027486257,0.0300849575212394,0.000499750124937531,0,0,9.99500249875062e-05,0,0,0.00229885057471264,0.00139930034982509,0,0.00229885057471264,0,0.236281859070465,0.000299850074962519,0,0.0015992003998001,0.00359820089955022,0,0,0,0.00149925037481259,0,0,0,0,0.000199900049975012,0,0,0.00539730134932534,0.0203898050974513,0.00129935032483758,0,0.000499750124937531,0,0,0,0,0.000299850074962519,0,0.000199900049975012,0,0.00219890054972514,0,0,0,0,0.0362818590704648,0,0.00499750124937531,0,0.000199900049975012,0,0.000999500249875062,0.00339830084957521,0,0,0,0.00109945027486257,0,0,0,0,0,0,0.00119940029985007,0,0.000399800099950025,0,0.0109945027486257,0.00199900049975012,0,0.00519740129935032,0,0,9.99500249875062e-05,0,0.00399800099950025,0,0,0.000299850074962519,0,0,0,0,0,0.00209895052473763,0,0,0,0,0,0,0,0,0.0047976011994003,0,0.000299850074962519,0.00139930034982509,0,0.0104947526236882,0,0,0,0,0,0.00559720139930035,0,0,0,0,0,0.00219890054972514,0,0,0,0,0,0.00279860069965018,0.0272863568215892,0,0,0,0,9.99500249875062e-05,0,0.000499750124937531,0,0.000699650174912544,0.000499750124937531,0,0,0,0,0.00559720139930035,0,0,0,0.000699650174912544,0.000299850074962519,0,0,0.000199900049975012,0,0,0,0,0.0015992003998001,0,0.00109945027486257,0,0.0175912043978011,9.99500249875062e-05,9.99500249875062e-05,0,0,0,0,0.00269865067466267,0,0.0150924537731134,0,0,0,0.00269865067466267,0.0193903048475762,0.00199900049975012,0,0,0.000399800099950025,0,0,0,0,0,0,0,0,0,0,0,0,0,0,0,0,0,0,0,0,0,9.99500249875062e-05,0,0.0176911544227886,0.00129935032483758,0,0,0.00139930034982509,0,0.0115942028985507,0,0,0.000399800099950025,0.00149925037481259,0.0100949525237381,0.00509745127436282,0.0294852573713143,0,0.00469765117441279,0.00429785107446277,0,0,0,9.99500249875062e-05,0,0,9.99500249875062e-05,0,0.00189905047476262,0,0,0.0320839580209895,0,0,0,0,0,0.00279860069965018,0,0.00219890054972514,0,0,0.00679660169915042,0,0,0,9.99500249875062e-05,0,0.00379810094952524,0,0.00229885057471264,0,0.00079960019990005,0,0.00689655172413793,0,0,0.000199900049975012,0,0,0,0.000399800099950025,0.00189905047476262,0,0,0,0.000399800099950025,0.00149925037481259,0,0.000599700149925037,0.0802598700649675,0.000199900049975012,0,0,0,0,0.00109945027486257,0.200199900049975,0,0,0.00419790104947526,0,0,0.000199900049975012,0,0.000299850074962519,0.00549725137431284,0.000399800099950025,0.00469765117441279,0,0.00119940029985007,0,0,0.00459770114942529,0.00079960019990005,0,0,0.0270864567716142,0
0,0,0,0,0,0,0.0022004400880176,0.0002000400080016,0,0,0,0,0.0003000600120024,0,0.0508101620324065,0,0,0,0,0,0.0002000400080016,0.001500300060012,0,0,0.000600120024004801,0,0,0,0.0266053210642128,0,0,0,0,0.0121024204840968,0,0,0,0.0207041408281656,0,0,0,0,0,0.00400080016003201,0,0,0,0,0,0,0,0,0,0,0.001000200040008,0,0,0,0,0.0217043408681736,0,0.001000200040008,0.0013002600520104,0.000600120024004801,0,0.0022004400880176,0.0183036607321464,0,0,0,0,0.0003000600120024,0.0003000600120024,0,0,0,0,0,0.000900180036007201,0,0,0,0.001000200040008,0,0.00250050010002,0.000400080016003201,0,0,0,0.00790158031606321,0,0,0,0,0,0,0,0,0,0,0,0,0,0.00610122024404881,0,0,0.00690138027605521,0.0029005801160232,0,0,0,0,0,0.001000200040008,0,0,0,0,0.019503900780156,0,0,0,0,0,0.0134026805361072,0,0,0,0,0,0,0.0002000400080016,0,0,0,0,0.00800160032006401,0,0,0,0,0,0,0,0,0,0.000400080016003201,0,0,0,0,0,0,0,0.018003600720144,0,0,0,0,0,0,0,0,0,0,0,0,0,0,0.0001000200040008,0,0.0002000400080016,0.003000600120024,0,0,0,0,0.000600120024004801,0.0014002800560112,0,0,0,0,0,0.0001000200040008,0,0,0,0,0,0,0,0.0001000200040008,0,0,0,0,0,0,0,0,0,0,0,0.000400080016003201,0.0123024604920984,0.0026005201040208,0,0,0.00570114022804561,0,0,0,0,0,0,0,0.0113022604520904,0,0,0,0.00610122024404881,0,0,0,0,0,0,0.00640128025605121,0,0.0117023404680936,0,0,0.39377875575115,0,0.0002000400080016,0,0,0,0,0,0,0,0,0,0,0,0,0,0,0,0,0,0,0.000500100020004001,0,0,0,0.00360072014402881,0,0,0,0,0.000600120024004801,0,0,0,0,0.000500100020004001,0.0613122624524905,0,0,0.110722144428886,0,0,0,0,0,0.0013002600520104,0.0003000600120024,0,0,0.0999199839967994,0,0,0,0,0,0.0012002400480096,0.000600120024004801,0,0,0,0,0.0021004200840168,0,0,0,0,0.00630126025205041,0
0,0,0.00219846107724593,0.00049965024482862,0.00479664235035475,0,9.9930048965724e-05,0.00259818127310882,0,0,0,0,0,0.000199860097931448,0.0024982512241431,0.0095932847007095,0,0,0.000699510342760068,0,9.9930048965724e-05,0,0,0,0,0.341460977315879,0,0,0,0,0,0,0,0.00649545318277206,0.00119916058758869,0,0.0314779654242031,9.9930048965724e-05,0,0,0,0.00199860097931448,0.0390726491455981,0.000699510342760068,0.000599580293794344,0.000799440391725792,0,0,0,0,9.9930048965724e-05,0.00469671230138903,0.000399720195862896,0,0,0.00169881083241731,0,0,0.00159888078345158,0.00049965024482862,0,0.000399720195862896,0,0.000299790146897172,0,0.000199860097931448,0.002897971420006,0,0,0,0.000299790146897172,0,0,9.9930048965724e-05,0.000299790146897172,0,0,0,0,0.00049965024482862,0,0.00119916058758869,0,0,9.9930048965724e-05,0,0,9.9930048965724e-05,0,0.00189867093034876,0,0.000399720195862896,0.0211851703807335,0,0,0,0.00109923053862296,0,0,0,0.0024982512241431,0.00989307484760668,0,0,0,0,0,0.0270810432697112,0.00049965024482862,0,0.00189867093034876,0.00119916058758869,0,9.9930048965724e-05,0,0,0,0,0.000299790146897172,0,0,0,0,0.00049965024482862,0.0198860797441791,0,9.9930048965724e-05,0,0.000199860097931448,0.00609573298690916,0.000399720195862896,0.00619566303587489,0.000199860097931448,0,0,0,0.0164884580793445,0,0,0,0.0967322873988208,0.00049965024482862,0.00359748176276606,0,0,0,0.00129909063655441,0,0.000299790146897172,0,9.9930048965724e-05,0.000199860097931448,0.0199860097931448,0,0,0,0,0,9.9930048965724e-05,0.00139902068552014,0,0,0,0,0,0,0.00199860097931448,0,0,0.00679524332966923,0,0,9.9930048965724e-05,0,0,0,0.000599580293794344,0,9.9930048965724e-05,9.9930048965724e-05,0,0,0.000699510342760068,0,0.000399720195862896,0,0,0,0,0,0.000399720195862896,9.9930048965724e-05,0,0,0,0,0,9.9930048965724e-05,0,0.00219846107724593,0,0,0,9.9930048965724e-05,0,0.00759468372139502,9.9930048965724e-05,0,0,0,0,0,0,0,0,0,9.9930048965724e-05,0,0,0,0,0.00239832117517738,0,0,0,0,0,0,0.000199860097931448,0,0.00669531328070351,0,0.00279804137104027,0.020985310282802,0.00259818127310882,0,0.00049965024482862,0,0.00229839112621165,0.000299790146897172,0,0.0224842610172879,0.00729489357449785,0,0,0,0,0,0,0,9.9930048965724e-05,0.000199860097931448,0,0,0,0,0.00359748176276606,0,0,0,9.9930048965724e-05,0,0,0.000599580293794344,0,0,0,0,0,0.0937343859298491,0.000299790146897172,0,0.0612571200159888,0,0,0,0.000199860097931448,0,0.00509643249725192,0.0308783851304087,0,0,0.00389727190966324,0,0,0.00099930048965724,0,0,0.000599580293794344,0.000699510342760068,0,0,0,0,0,0.000199860097931448,0,0.000199860097931448,0,0.00239832117517738,0
0,0.0185018501850185,0,0,0,0.0041004100410041,0.0032003200320032,0.0018001800180018,0,0,0.001000100010001,0.0004000400040004,0.0001000100010001,0,0,0,0,0,0.0008000800080008,0.0001000100010001,0.0056005600560056,0,0,0.0009000900090009,0,0.0339033903390339,0,0,0.0061006100610061,0.0125012501250125,0,0,0,0.0039003900390039,0,0,0.001000100010001,0,0,0,0,0,0.101110111011101,0.004000400040004,0,0.0029002900290029,0,0,0,0,0,0,0.0012001200120012,0,0,0.0018001800180018,0,0,0,0,0,0,0.0001000100010001,0,0,0,0.0023002300230023,0,0.0023002300230023,0.0025002500250025,0.0006000600060006,0,0,0,0,0,0,0,0,0,0,0,0.0376037603760376,0,0.0003000300030003,0,0.0351035103510351,0,0.0026002600260026,0.0031003100310031,0,0.0021002100210021,0.0648064806480648,0,0,0,0,0,0.0051005100510051,0,0,0.0068006800680068,0,0,0,0,0,0.270627062706271,0,0,0.002000200020002,0.0021002100210021,0,0,0,0,0,0,0,0.0002000200020002,0,0,0,0.0002000200020002,0.0025002500250025,0,0,0.0022002200220022,0,0,0,0.0217021702170217,0,0.0009000900090009,0,0,0.0013001300130013,0.0003000300030003,0,0,0,0,0,0,0,0,0,0,0,0,0,0,0,0,0,0.0017001700170017,0,0.0014001400140014,0,0,0,0,0,0,0,0,0,0,0,0.0008000800080008,0,0,0.0001000100010001,0,0,0,0,0.0014001400140014,0,0,0,0,0,0,0,0,0,0,0,0,0,0.0012001200120012,0,0,0,0,0,0,0,0,0,0.0063006300630063,0,0,0,0,0,0,0,0.0134013401340134,0,0,0,0,0.0002000200020002,0.0104010401040104,0,0,0,0,0.0093009300930093,0,0,0,0,0,0.0093009300930093,0,0,0,0.0064006400640064,0,0.0029002900290029,0.061006100610061,0,0,0,0,0,0,0,0.0215021502150215,0,0,0.0015001500150015,0,0,0,0,0,0,0,0,0,0.0006000600060006,0.0008000800080008,0,0,0,0,0,0,0,0.0003000300030003,0,0.0002000200020002,0,0,0,0.0326032603260326,0,0,0.0251025102510251,0,0,0,0,0,0,0.0972097209720972,0,0,0.0072007200720072,0,0,0,0,0,0,0.001000100010001,0,0.0025002500250025,0,0,0.0086008600860086,0,0.0005000500050005,0,0,0.0003000300030003,0
0.0017001700170017,0,0,0,0,0,0.0001000100010001,0,0,0,0,0,0,0,0.003000300030003,0,0.0061006100610061,0,0,0,0,0.0015001500150015,0,0.0017001700170017,0,0,0,0,0.0052005200520052,0.0134013401340134,0.0561056105610561,0,0,0.0186018601860186,0,0,0,0.0413041304130413,0,0,0.0004000400040004,0,0,0.0161016101610161,0,0,0,0,0,0.0002000200020002,0,0,0,0,0,0,0,0,0,0,0.0005000500050005,0,0,0,0,0,0.0352035203520352,0.0043004300430043,0,0,0,0,0,0,0,0,0,0,0,0,0,0,0.0075007500750075,0,0,0,0.0007000700070007,0,0,0,0,0.0068006800680068,0.004000400040004,0,0,0.0017001700170017,0,0,0,0,0,0,0,0,0.0002000200020002,0,0,0,0,0.0115011501150115,0,0,0,0,0,0.0002000200020002,0,0.0021002100210021,0,0,0,0,0.0169016901690169,0,0.0117011701170117,0.0149014901490149,0,0,0,0,0.0113011301130113,0,0,0,0,0,0.0454045404540454,0,0,0,0.013001300130013,0,0,0,0,0.0049004900490049,0.003000300030003,0.0006000600060006,0,0,0.0002000200020002,0,0,0,0,0.004000400040004,0,0,0,0.0157015701570157,0,0,0,0,0,0,0,0,0,0,0.0116011601160116,0,0,0.0002000200020002,0.0057005700570057,0,0,0,0.0475047504750475,0,0,0,0,0,0.0019001900190019,0.0032003200320032,0,0,0,0,0.0038003800380038,0,0.0012001200120012,0.0004000400040004,0,0,0,0,0,0,0,0,0,0.0004000400040004,0.0005000500050005,0.0088008800880088,0.0016001600160016,0,0,0.0006000600060006,0,0,0,0.005000500050005,0.0033003300330033,0.0002000200020002,0,0.0016001600160016,0.0158015801580158,0,0,0,0,0,0,0,0,0,0,0,0,0,0,0.154615461546155,0,0,0,0,0,0,0,0,0,0,0.0069006900690069,0,0,0,0,0,0,0,0,0,0,0.0142014201420142,0,0,0,0.0089008900890089,0.0024002400240024,0,0,0.0009000900090009,0,0,0,0,0.002000200020002,0.140814081408141,0,0.0019001900190019,0.0205020502050205,0,0,0,0,0,0.0058005800580058,0,0,0,0.0099009900990099,0,0,0,0,0.0021002100210021,0,0.0025002500250025,0,0,0,0,0.118611861186119,0,0.0129012901290129,0,0,0,0
0.000699790062981106,9.99700089973008e-05,0,0,0,0,0.000199940017994602,0,0,0,0,0,0,0,0.000399880035989203,0,0.000399880035989203,0,0,0,0,0.00139958012596221,0,0.00989703089073278,0,0.068779366190143,0,0,0,0,0.0695791262621214,0,0,0.00629811056682995,0,0,0,0.0493851844446666,0,0,0,0,0,0,0,0.0126961911426572,0,0,0,0,0.000399880035989203,0,0,0,0.000399880035989203,0,0,0,0,0.0126961911426572,0,0,0.000199940017994602,0,0,0,0.00769769069279216,0,0,0.0119964010796761,0.000599820053983805,0,0,0,0,0,0,0,0.000299910026991902,0.00849745076477057,0,0,0.114265720283915,0,0,0,0,0,0,0,0,0.00549835049485154,0,0,0,0,0,0,0,0,0,0.00149955013495951,0,0,9.99700089973008e-05,0,0,0.0855743277016895,0,0,0,0,0.0151954413675897,0,0,0,0,0,0.020593821853444,0.000399880035989203,0,0,0,0,0,0,0.00879736079176247,0,0,0,0,0,0,0,0,9.99700089973008e-05,0,0,0,0,0.0487853643906828,0,0,0,0,0,0.0100969709087274,0,0,0,0,0,0,0,0,0,0,0,0,0.00699790062981106,0,0,0,0.124362691192642,9.99700089973008e-05,0,0,0,0,0,0.000599820053983805,0,0,0,0,0,0,0.00929721083674898,0.00419874037788663,0,0,0,0,0,0,0,0,0,0.00279916025192442,0,0,0,0,9.99700089973008e-05,0,0,0,0,0,0,0,0,0,0.0138958312506248,0.0301909427171848,0.0324902529241228,0,0,0,0,0,0,0,0,9.99700089973008e-05,0,0.00919724082775168,0.00329901029691093,0,0,0.0144956513046086,0,0,0.000599820053983805,0,0,0,0,9.99700089973008e-05,0,0.0125962211336599,0,0,0.0106967909627112,0,0,0.000299910026991902,0,0,0.000999700089973008,0,0,0.00509847045886234,0,0.000699790062981106,0.000999700089973008,0,0,0,0,0,0,0.00149955013495951,0,0.00179946016195141,0.00929721083674898,0,0,0,0,0,0,0,0,0,0,0.00229931020693792,0,0.0231930420873738,0.00849745076477057,0,0.00979706088173548,0,0,0,0,0,0,0.00669799060281915,0.0292912126362091,0,0,0.0116964910526842,0,0,0,0,0,0.0222933120063981,0.000399880035989203,0.00649805058482455,0,0,0,0.00669799060281915,0,0,0,0,0.00229931020693792,0
0,0,0,0,0,0,0,0,0,0,0.000299880047980808,0,0,0,0.00119952019192323,0.00199920031987205,0.000199920031987205,0,0,0,0,0.00279888044782087,0,0,0,0.0277888844462215,0,0,0.000499800079968013,0.000699720111955218,0.0506797281087565,0,0,0.00989604158336665,0.00129948020791683,0,0.00199920031987205,0.0352858856457417,0,0,0,0.00289884046381447,0.0363854458216713,0,0,0.0327868852459016,0,0,0,0,0,0,0.000599760095961615,0.000199920031987205,0,0,0,0,0.00039984006397441,0.0315873650539784,0,0,9.99600159936026e-05,9.99600159936026e-05,0,0,0.00159936025589764,0,0,0,0,0,0,0,0,0,9.99600159936026e-05,0,0,0.0450819672131148,0,0.000699720111955218,0.00289884046381447,0,0.0203918432626949,9.99600159936026e-05,9.99600159936026e-05,0,0.000999600159936026,0,0,0.00429828068772491,0.00309876049580168,0,0,0.00259896041583367,0,0,0,0,0.00119952019192323,0,0,0,0,0,0,0.00279888044782087,0,0,0.0079968012794882,0,0,0.0460815673730508,0,0,0,0.000499800079968013,0.0247900839664134,0,0,0,0.00039984006397441,0,0.0227908836465414,0,0,0,0,0,0,0.00449820071971212,0,0.000199920031987205,0,9.99600159936026e-05,0.000199920031987205,9.99600159936026e-05,0,0,9.99600159936026e-05,0.000199920031987205,0.000599760095961615,0,0,0,0,0,0,0,0.00249900039984006,0,0,0,9.99600159936026e-05,0,0,0,0,0.0134946021591363,9.99600159936026e-05,0.000599760095961615,0,0,0,0,0.00039984006397441,0,0,0,0,0,0,0,0,0,0,0.0136945221911235,0.0704718112754898,9.99600159936026e-05,0,0,0,0,0.000999600159936026,0.00209916033586565,0,0,0,0,9.99600159936026e-05,0.0219912035185926,0,0,0,0,0,9.99600159936026e-05,0,0,0,0.0134946021591363,0,0.00459816073570572,0.00229908036785286,0.000299880047980808,0,0,0,0,0,0,0,0,0.00609756097560976,0.00079968012794882,0.00569772091163535,0,0.0312874850059976,0,0.00459816073570572,0,0,0,0,0,0,0,0.0229908036785286,0,0.00819672131147541,0,0.00109956017592963,0.00039984006397441,0,0,0,0,0.00119952019192323,0,0,0.000899640143942423,0,0,9.99600159936026e-05,0.00079968012794882,0,0,0,0,0,0,0,0,0.00279888044782087,0.000299880047980808,0.000199920031987205,0,0.00919632147141144,0,0.000199920031987205,0,0,9.99600159936026e-05,0,0,0,0,0,9.99600159936026e-05,0,0,0.00579768092762895,0,0,0,0,0,0.00419832067173131,0.213914434226309,0,0,0.0735705717712915,0,0,0,0,0,0,0.00829668132746901,0,0,0,0,9.99600159936026e-05,0,0.000299880047980808,0,0,0.015093962415034,0
0,0,0,9.99500249875062e-05,0,0,0,0,0,0,0,0,0,0,0,0,0,0,0,0,0,0.00829585207396302,0,0,0,0.131034482758621,0,0,0,0,0.00929535232383808,0.00149925037481259,0.000299850074962519,0,0,0,0.00449775112443778,0,0,0,0,0,0,0,0,0.00889555222388806,0,0,0,0,0,0,0,0,0,0,0,0,0,0.0414792603698151,0,0,0,0,0,0,0.0286856571714143,0,0,0.0172913543228386,0,0,0,0,0,0,0,0,0,0.00139930034982509,0,0.000499750124937531,0,0,0.00789605197401299,0,0,0,0,0,0.00229885057471264,0,0,0,0,0,0,0,0.00619690154922539,0,0,0,0,0,0,0,0,0.0784607696151924,0,0.00499750124937531,0,0,0.000599700149925037,0.0186906546726637,0.000299850074962519,0,0,0,0.0282858570714643,9.99500249875062e-05,0,0,0,0,0,0,0,0,0,0,0,0,0,0,0,0,0,0,0,0,0.00759620189905048,0,0,0,0,0,0.00259870064967516,0.000999500249875062,0,0,0.00079960019990005,0,0,9.99500249875062e-05,0,0,0,0,0.00199900049975012,0.00849575212393803,0,0,0,0,0,0,0,0,0,0,0,0,9.99500249875062e-05,0,0,0,0,0.0408795602198901,0.0235882058970515,0,0,0,0,0,0,0,0,0,0,0,9.99500249875062e-05,0.0243878060969515,0,0,0,0,0,0,0.00079960019990005,0,0,0,0,0.00579710144927536,0,0.0118940529735132,0,0,0,0,0,0,0.00279860069965018,0,0,0,0,0.00309845077461269,0,0,0,0,0,0,0,0,0,0,0,0,0.0199900049975013,0,0,0.143728135932034,0,0,0,0,0,9.99500249875062e-05,0,0,0,0,0.00109945027486257,0,0,0,0,0,0.00139930034982509,0,0,0,0,0,0,0,0,0,0,0,0,0,0,0,0,0,0,0.00299850074962519,0,0,0.048175912043978,0,0,0,0,0,0,0.16071964017991,0,0,0.0417791104447776,0,0,0,0,0,0.00299850074962519,0,0,0,0,9.99500249875062e-05,0.0095952023988006,0,0,0,0,0.0301849075462269,0
0,0,0,0,0,0,9.99600159936026e-05,0.00199920031987205,0,0,0,0,0,0,0.000499800079968013,0,0,0,0,0,0.00709716113554578,0.000999600159936026,0.000299880047980808,0,0.000499800079968013,0.119252299080368,0,0,0,0.000499800079968013,9.99600159936026e-05,0,0,0,0.00039984006397441,0,0.0169932027189124,0.00229908036785286,0,0,0,0.00279888044782087,0.00429828068772491,0,0,0.00819672131147541,0,0,0,9.99600159936026e-05,0,0,9.99600159936026e-05,0,0,9.99600159936026e-05,9.99600159936026e-05,0,0,0.00929628148740504,0,0.00639744102359056,0,0.00879648140743703,0,0,0.00339864054378249,0,0,0,0.00109956017592963,0,0,0,0,0,0,9.99600159936026e-05,0,0.00359856057576969,0,0,0,0,0.046281487405038,0,9.99600159936026e-05,0,0.00039984006397441,0.00719712115153938,0.0420831667333067,0,0.0038984406237505,0,0,0.000499800079968013,0,0,0,0,0,0,0,0,0,0,0,0.110055977608956,0.00699720111955218,0,0.00269892043182727,0,0,0.00119952019192323,0,0,0,0,0.00929628148740504,0,0,0,0,0,0.00369852059176329,0.0146941223510596,0,0,0.000299880047980808,0,0,0.047780887644942,0,0,0,0,0.0102958816473411,0,0.000199920031987205,0,0.000999600159936026,0.000199920031987205,0.000699720111955218,0,0,0,0,0,0,9.99600159936026e-05,0.000899640143942423,0.00159936025589764,0,0,0,0,0,9.99600159936026e-05,0,0.0037984806077569,0,0.000199920031987205,0.00139944022391044,0,0,9.99600159936026e-05,0.000199920031987205,0,0,0,0.000199920031987205,0,0.00479808076769292,0,0,0,0,0.00289884046381447,0.00259896041583367,0,0.00459816073570572,0,0,0,0.00199920031987205,0.000199920031987205,0,0,0,0,0,0.00359856057576969,9.99600159936026e-05,0,0,0,0,0,0,0,0,0.000899640143942423,0,0.112854858056777,0.0186925229908037,0,0,0,9.99600159936026e-05,9.99600159936026e-05,0,0,0,0,0.000599760095961615,0.00149940023990404,0.0157936825269892,0,0.0244902039184326,0,0.00279888044782087,0.00139944022391044,0,0,0,0.00119952019192323,0,0,0.00539784086365454,0,0.0492802878848461,0,0.00109956017592963,0.0229908036785286,0.000499800079968013,0,0,0,0.00129948020791683,0,0,0.00119952019192323,0,0,0,0,0,0,0,0,0.0175929628148741,9.99600159936026e-05,0,0,0.00119952019192323,0,0,0,0.000599760095961615,0.000199920031987205,0,0,0,0,9.99600159936026e-05,0,0,0,0,0.00979608156737305,0,0,0.00719712115153938,9.99600159936026e-05,0,0,0,0,0.00199920031987205,0.160335865653739,0,0,0,0,0,0,0,0,0,0,0,0,0,0,0,0,0.000199920031987205,0,0,0,0
0,0,0,0,0,0,0,0.0016996600679864,0,0,0,0,0,0,0,0,0,0,0,0,0,0,0,9.99800039992002e-05,0,0,0,0,0.000399920015996801,9.99800039992002e-05,0.137072585482903,0,0,0.0113977204559088,0,0,0.00969806038792242,0.0183963207358528,0,0,0,0,0,0.000799840031993601,0,0.00779844031193761,0,0,0,0,0,0,0,0,0.000399920015996801,0,0,9.99800039992002e-05,0,0.0277944411117776,0,0,0,0,0,0.00499900019996001,0.0017996400719856,0,0,0.00619876024795041,0.0022995400919816,0,0,0.0001999600079984,0,0,0,0,0,0.0483903219356129,0,0,0.0319936012797441,0,0,0,0.0001999600079984,0,0,0,0,0,0.0002999400119976,0,0,0,0,0,0.00349930013997201,0,0,9.99800039992002e-05,0,0,0,0,0,0.0446910617876425,0,0,0,0,0.0001999600079984,0,0,0.0018996200759848,0,0,0.001499700059988,0,0,0,9.99800039992002e-05,0,0.025494901019796,0.000399920015996801,0,0,0,0,0.000799840031993601,0.0011997600479904,0,0,0,0,0,9.99800039992002e-05,0,0,0.002999400119976,0,0,0,0,0,0,0,0,0,0.0012997400519896,0,0,0,0,0,0,0,0,0.0025994801039792,0,0,0,0.243851229754049,0,0,0,0,0,0,0.00249950009998,0,0,0,0,0,0,0.00739852029594081,0.00699860027994401,0,0,0,0,0,0.0020995800839832,0,0,0,0,0,0,0.00569886022795441,9.99800039992002e-05,0,0,0,0,0,0,0,0,0,0,0.0012997400519896,0,0.013497300539892,0,0,0.0002999400119976,0,0,0,0,0,0.000699860027994401,0,0.00949810037992401,0,0.0310937812437512,0,0,0,0,0,0,9.99800039992002e-05,0,0,0,0,0,0,0,0.0329934013197361,0,0,0,0,0,0,0,0,0,0,0.0027994401119776,0,0,0,0,0,0,0,0,0,0,0.00499900019996001,0.000699860027994401,0,0,0,0,0,0,0.00249950009998,9.99800039992002e-05,0,0,0,0.0001999600079984,0.0011997600479904,0,0,0.012997400519896,0,0.0011997600479904,0,0,0,0.000599880023995201,0.157168566286743,0,0,0.0327934413117376,0,0,0,0,9.99800039992002e-05,0.0100979804039192,0,0,0,0,0,0.00869826034793041,0,0.0028994201159768,0,0,0.00349930013997201,0.0002999400119976
0,0,0,0,0,0,9.99500249875062e-05,0,0,0,0,0,0,0,0.0741629185407296,0,0.00469765117441279,0,0,0,0,0.00229885057471264,0,0,0,0.132933533233383,0,0,0.00119940029985007,0,0,0,0,0.00219890054972514,0,0,0,0,0,0,0,0,0,0,0,0,0,0,0,0,0,0,0,0,0,0,0,0,0,0.000299850074962519,0,0,9.99500249875062e-05,0,0,0,0,0,0,0.000199900049975012,0,0,9.99500249875062e-05,9.99500249875062e-05,0,0,0,0,0,0,0,0,0,0,0,0.00109945027486257,0,0,0,0,0,0.000299850074962519,0.249375312343828,0,0,0.000399800099950025,0,0,0,0,0,0.00759620189905048,0.000599700149925037,0,0,0,0.000199900049975012,0.161419290354823,0,0,0,0,0,0,0,9.99500249875062e-05,0,0,0.00279860069965018,0.000199900049975012,0.000299850074962519,0,0.00139930034982509,0,0.0921539230384808,0,0,0,0,0,0,0.00119940029985007,0,0,0,0,0.101949025487256,0,0,0,0.0484757621189405,0,0,0,0,0,0.000299850074962519,0,0,0,0.000599700149925037,0,0,0,0,0,0,0,0,0.00139930034982509,0,0,0,0,0,0,0,0,0,0,0,0,0.000599700149925037,0,0,0,0,0,0,0,0,0,0,0,9.99500249875062e-05,0,0,0,0,0,0,9.99500249875062e-05,0.00119940029985007,0,0,0,0,0,0,0,0,0,0,0,0,0.00209895052473763,0,9.99500249875062e-05,0,9.99500249875062e-05,0.00649675162418791,0,0,0,0,0,0.00129935032483758,0,0,0,0,0,0,0,0,0,0,0.000299850074962519,0,0,0,0,0,0.0301849075462269,0,0,0,0,0,0,0,0,0,0,0.000299850074962519,0,0.00489755122438781,0,0,0,0,0,0,0,0,0.0144927536231884,0,0,0,0,0.000299850074962519,0,0,0.000299850074962519,0,0,0,0,0,0.0079960019990005,0,0,0.00789605197401299,0.000199900049975012,0,0,0,0,0,0.0132933533233383,0,0,0.00579710144927536,0,9.99500249875062e-05,0,0,0.00649675162418791,0,0,0,0,0,0,0.00179910044977511,0,0.000899550224887556,0,0,0.00239880059970015,0
0,0,0,0,0,0,0.0017001700170017,0,0,0,0,0,0.0003000300030003,0,0.0003000300030003,0.0037003700370037,0,0,0,0,0.0018001800180018,0.0074007400740074,0,0,0.0015001500150015,0.246924692469247,0,0,0,0.0098009800980098,0.0051005100510051,0.0317031703170317,0,0.0035003500350035,0,0,0.0003000300030003,0.0463046304630463,0,0.0002000200020002,0,0,0.0176017601760176,0.0013001300130013,0,0.0378037803780378,0,0,0,0,0,0,0,0,0,0,0,0.0001000100010001,0,0,0,0,0.0012001200120012,0,0,0,0,0,0,0,0.0017001700170017,0,0,0.001000100010001,0,0,0,0,0,0.001000100010001,0,0,0,0,0.0207020702070207,0,0.0002000200020002,0,0.0001000100010001,0.0048004800480048,0.0938093809380938,0.140614061406141,0,0,0,0,0,0,0.0003000300030003,0,0,0,0,0,0,0,0,0,0,0,0,0.0019001900190019,0,0.0059005900590059,0,0,0,0,0.02000200020002,0,0.0007000700070007,0,0,0.0002000200020002,0.0069006900690069,0,0,0,0,0,0,0.0001000100010001,0,0,0,0,0.0018001800180018,0,0,0,0.0039003900390039,0,0.0004000400040004,0,0,0,0,0,0,0,0.0006000600060006,0,0,0,0,0.0012001200120012,0,0,0.0015001500150015,0.0033003300330033,0,0,0,0.0001000100010001,0,0,0,0.0001000100010001,0,0,0,0,0,0,0,0,0,0,0.0184018401840184,0,0,0,0,0,0.0013001300130013,0,0,0,0,0,0,0.03000300030003,0.0002000200020002,0,0,0,0,0,0,0,0,0,0,0,0.0034003400340034,0.0022002200220022,0,0,0,0.0007000700070007,0,0,0,0,0.0033003300330033,0,0.0042004200420042,0,0.0011001100110011,0,0,0,0,0,0,0.001000100010001,0,0,0.001000100010001,0,0.0013001300130013,0,0,0.0104010401040104,0,0,0,0,0,0,0,0.0001000100010001,0,0,0,0,0,0,0,0,0.0004000400040004,0,0,0,0.0007000700070007,0,0,0,0,0.0059005900590059,0,0,0,0.0013001300130013,0,0,0,0,0,0.0014001400140014,0,0.0039003900390039,0.0081008100810081,0,0.0035003500350035,0,0,0,0.0001000100010001,0.141614161416142,0,0,0,0.0004000400040004,0,0,0,0.0001000100010001,0,0,0,0,0,0,0.0024002400240024,0,0.0033003300330033,0,0,0.0169016901690169,0
0,0,0,0,0,0.0031996800319968,9.99900009999e-05,0.0013998600139986,0,0,0,0.0001999800019998,0,0.0001999800019998,0.0045995400459954,0.0006999300069993,0.000999900009999,0,0,0,0,0.0024997500249975,0,0,0,0.0243975602439756,0,0,0,0.0013998600139986,0.0245975402459754,0,0,0,0.0142985701429857,0,0.0005999400059994,0.0052994700529947,0.0001999800019998,9.99900009999e-05,9.99900009999e-05,0,0.0002999700029997,0,0,9.99900009999e-05,0,0,0,0,0.0020997900209979,0,0,0,0,0,0,0,0,0.0024997500249975,0,0.0074992500749925,0,0.000999900009999,0,0.0004999500049995,0.0008999100089991,0,0,0,0.0003999600039996,0,0,0.0007999200079992,0,0,0,0,0,0,0,0,0,0,0.0021997800219978,0.114988501149885,0,0,0,0.0023997600239976,0.0004999500049995,0,0.0473952604739526,0.0026997300269973,0,0.0050994900509949,0,0,0,0,0,0,0,0,0,0,0,0.201179882011799,0,0,0.0157984201579842,0,0,0.0043995600439956,0,0,9.99900009999e-05,0.0007999200079992,0.0147985201479852,0.0002999700029997,0,0,0,0.000999900009999,0.002999700029997,0,0,0,0,0.0087991200879912,0,0.0001999800019998,0,0,9.99900009999e-05,0,0.0022997700229977,0,0.0002999700029997,0,0.0012998700129987,0,0.0005999400059994,0,0,0,0,0,0,0.0011998800119988,0.0015998400159984,0,0,0,9.99900009999e-05,0,0,0,0,0,0,9.99900009999e-05,0.0006999300069993,9.99900009999e-05,0,9.99900009999e-05,0.0012998700129987,0,0,0.0006999300069993,0.0002999700029997,0,9.99900009999e-05,0,0,0,0,0.0028997100289971,0.0004999500049995,0,0,0,0,0,0.0013998600139986,0.0062993700629937,0,0,0,0,0,0.0033996600339966,0,0,0,0,0,0.0002999700029997,0.0002999700029997,0,0,0,0,0.0182981701829817,0,0.0095990400959904,0,0,0.0001999800019998,0,0.0010998900109989,0,0,0,0.0017998200179982,0,0.0031996800319968,0.0026997300269973,0,0,0.000999900009999,0,0.0008999100089991,0,0,0,0.0030996900309969,0,0.0005999400059994,0,0,0,0.0018998100189981,0.0081991800819918,0.0021997800219978,0,0.0007999200079992,0,0.0025997400259974,0.0020997900209979,0,0.0010998900109989,0,0,0,0,0,0,0,0,0.0015998400159984,9.99900009999e-05,0.0018998100189981,0,0.0037996200379962,0.0021997800219978,0.0135986401359864,0.0002999700029997,0.0010998900109989,0,0,0,0,9.99900009999e-05,0.0003999600039996,0,0,0,0.0010998900109989,0.198680131986801,0.0001999800019998,0,0.0317968203179682,9.99900009999e-05,0,0,0.0006999300069993,0,0,0.0877912208779122,0,0,0.0322967703229677,0,0,0,0,0,0,0.000999900009999,0,0,0,0,0.0003999600039996,0,9.99900009999e-05,0,0,0.0066993300669933,0
9.99600159936026e-05,0,0,0.000499800079968013,0,0,0.000199920031987205,9.99600159936026e-05,0,0,0.00039984006397441,0,0.000299880047980808,9.99600159936026e-05,0.0200919632147141,0.00489804078368653,0,9.99600159936026e-05,0,0,0,0.000299880047980808,0,9.99600159936026e-05,0,0.085265893642543,0,0,0.00869652139144342,0.00269892043182727,9.99600159936026e-05,0,0.000499800079968013,0.00129948020791683,0,0,0.00469812075169932,0.000299880047980808,9.99600159936026e-05,0,9.99600159936026e-05,0,0,0,0,0.00329868052778888,0.000199920031987205,0,0,0,0,0,0,0,0.000199920031987205,0,9.99600159936026e-05,0,0,0.000199920031987205,0,0,0.000199920031987205,0,0,0,0,0,0,0,0.000599760095961615,0,0,0.000299880047980808,0,0.12125149940024,0,0,0,9.99600159936026e-05,0,0,0.000499800079968013,0,0.0169932027189124,0.000999600159936026,9.99600159936026e-05,0.000199920031987205,0,0.007796881247501,0,0.0708716513394642,0.00109956017592963,0,9.99600159936026e-05,0,0,9.99600159936026e-05,0.000999600159936026,0,0,0.0201919232307077,0,0,0,0,0.0407836865253898,0,0,0,0.00129948020791683,0.00739704118352659,0,9.99600159936026e-05,0,9.99600159936026e-05,0,9.99600159936026e-05,0.00159936025589764,0,0.000899640143942423,0,0.000899640143942423,0.00569772091163535,0.0810675729708117,0,0,0,0,0,0.00449820071971212,0.000499800079968013,0.0106957217113155,0,0,0,0.00299880047980808,0,0,0,0.00289884046381447,0,0,9.99600159936026e-05,0,0,0,0,0,0,0.00039984006397441,0.00169932027189124,0,9.99600159936026e-05,0,0,0,0,0,0.00219912035185926,0,0,0,0,0,0,9.99600159936026e-05,0.00479808076769292,0,0,0,9.99600159936026e-05,0,0.000199920031987205,0,0,0,0.00349860055977609,0,0,0,0,0,0,9.99600159936026e-05,0.000499800079968013,0,0.0206917233106757,0,0,9.99600159936026e-05,0.00919632147141144,9.99600159936026e-05,0,0,0,0,0,0,0,9.99600159936026e-05,0,0,0,0.209516193522591,0.00209916033586565,0,0,0.000299880047980808,0.000999600159936026,0,0,0,0.000299880047980808,0.000499800079968013,9.99600159936026e-05,9.99600159936026e-05,0,9.99600159936026e-05,0,0.00309876049580168,0,0,0,0,0.000299880047980808,0,0,0.00539784086365454,0,0.015593762495002,0,0,0.0405837664934026,0,0,0,0,0,0.00409836065573771,0,0,0,0,0.000499800079968013,0,0,0,0,0,0,0,0,9.99600159936026e-05,0.000599760095961615,0.00259896041583367,0.00269892043182727,0,0,0.000199920031987205,0,0,0,0.000599760095961615,0,0,0,0,0,0,0,0,0.0734706117552979,0.00199920031987205,0.000199920031987205,0,0,0.000499800079968013,0.000599760095961615,0.0419832067173131,9.99600159936026e-05,0,0.000899640143942423,0,0,0,0,9.99600159936026e-05,0,0.00189924030387845,0,0.00249900039984006,0,0,0,0,0.000499800079968013,0,0,0.00199920031987205,0
0,0,0,9.99900009999e-05,0,0.0006999300069993,0.0006999300069993,0,0,0,0.0003999600039996,0,0,0,0,0,0,0,0,0,0,0.0085991400859914,0,9.99900009999e-05,0,0.443655634436556,0,0,0.0061993800619938,0.0025997400259974,0,0,0,0,0,0,0.0068993100689931,0.0317968203179682,0,0,0,0,0,0,0,0,0,0,0,0,0,0,0,0,0,0,0,0,0,0.0131986801319868,0,0,0,0.0263973602639736,0,0,0.0328967103289671,0,0,0,0,0.0001999800019998,0.0011998800119988,0,0,0.0117988201179882,9.99900009999e-05,0,0,0,0,0,0.0168983101689831,0,0,0,0,0,0.0001999800019998,0,0,0.0023997600239976,0.0171982801719828,0,0,0,0,0,0,0,0,0,0,0,0,0,0,0,0,0.0056994300569943,0,0,0,0,0,0,0,0.0006999300069993,0.0101989801019898,0,0,0,0,0.0016998300169983,0.0190980901909809,0,0,0,0,0,0,0,0,0,0,0,0.0023997600239976,0,0,0,0.0122987701229877,0,0,0,0.0431956804319568,0.0003999600039996,0.0060993900609939,0,9.99900009999e-05,0,0,0,0,0,0.0001999800019998,0,0.0030996900309969,0,0,0,0,0,0,0,0,0,0,0,0,0.0047995200479952,0,0,0,0,0.0094990500949905,0,0.0003999600039996,0,0.024997500249975,0,0,0,0,0,0.0065993400659934,0,0,0,0,9.99900009999e-05,9.99900009999e-05,0,0.0001999800019998,0,0,0,0,0,0,0,0,0,0,0,0,0,0,0,0,0.0037996200379962,0,0,0,0,0,0,0,0,0.0483951604839516,0,0.0450954904509549,0,0,0,0.0002999700029997,0,0,0,0,0.0055994400559944,0,9.99900009999e-05,0,0,0,0,0,0,0,0,9.99900009999e-05,0,0,0,0,0,0,0,0,0,0,0,0,0,0,0,0,0,0,0,0,0,0.0068993100689931,0,0,0,0,0,0,0.0027997200279972,0,0,0,0,0,0,0,0,0.0020997900209979,0,0,0.0587941205879412,0.0467953204679532,0,0,0,0,0,0,0,0,0,0,0.0003999600039996,0,0,0.0026997300269973,0,0,0,0
0,0,0,0,0,0,0,9.98901208670463e-05,0.138148037159125,0,0,0.000199780241734093,0,0,0.00699230846069324,0,0,9.98901208670463e-05,0.00079912096693637,0,9.98901208670463e-05,0.00079912096693637,0,0,0.000399560483468185,0.116272100689242,0,0,0.000699230846069324,0.00109879132953751,0,0,0,0.00289681350514434,0,0,0,0,0,0,0,0.00139846169213865,0.0338627509739287,9.98901208670463e-05,0,0.00329637398861253,0,0,0,0,0,0,0.000199780241734093,0,0.000499450604335231,0,0,0,0,0.0147837378883228,0,0.00219758265907502,0,0,0,0.000199780241734093,0.0157826390969933,0,0.00229747277994206,0,0.000299670362601139,0,0,0.000699230846069324,0,0,0,0,0,9.98901208670463e-05,0,0.000199780241734093,0.0025971431425432,0,9.98901208670463e-05,0.00149835181300569,0,9.98901208670463e-05,0.000399560483468185,9.98901208670463e-05,0,0.00269703326341025,0.00619318749375687,0,0,0.00109879132953751,0,0,0.000199780241734093,0,0,0.000499450604335231,0,0.00329637398861253,0.000199780241734093,0,9.98901208670463e-05,0.185895514933573,0,0,0.00299670362601139,0,0,0.00179802217560683,9.98901208670463e-05,0,0,0.000199780241734093,0.0115872540205774,0,0,0,0,0,0.000299670362601139,0.00169813205473979,0,0,9.98901208670463e-05,0,9.98901208670463e-05,0.000199780241734093,9.98901208670463e-05,0,0,0,0.000299670362601139,0.000199780241734093,0,0,0.0422535211267606,0.000199780241734093,0.00119868145040456,0,0.000399560483468185,0,0.00199780241734093,0,0,9.98901208670463e-05,9.98901208670463e-05,9.98901208670463e-05,0,0,0,0,0,0,0,0.000299670362601139,0,0.000399560483468185,0.000599340725202278,0.017380881030866,0,0,0,9.98901208670463e-05,0.000399560483468185,0,0,0,0,0,0,0,0.00119868145040456,0.000599340725202278,9.98901208670463e-05,0,0,0,0,0,0,0.00249725302167616,0,0,0,0,0,0,0,0,0,0,0,0,0,0,9.98901208670463e-05,0,0,9.98901208670463e-05,0,0.0210768155029468,0,0,9.98901208670463e-05,9.98901208670463e-05,0,0,0.000599340725202278,0,9.98901208670463e-05,0.00219758265907502,0.00689241833982619,9.98901208670463e-05,0.0038957147138148,0.000199780241734093,0,9.98901208670463e-05,0,0.000399560483468185,0,0.00239736290080911,9.98901208670463e-05,0,9.98901208670463e-05,9.98901208670463e-05,9.98901208670463e-05,0,0.0012985715712716,0.0232743981620218,0,0,0,0,0.00199780241734093,0.00269703326341025,0,0.0012985715712716,0,9.98901208670463e-05,0,0.00239736290080911,0,0,0.000299670362601139,0,9.98901208670463e-05,9.98901208670463e-05,0,0,0.000299670362601139,0.0228748376785536,0.00159824193387274,0,9.98901208670463e-05,0.000499450604335231,0.000199780241734093,0,0,0.000299670362601139,0,0,0,0,0,0.242533213465188,0,9.98901208670463e-05,0.00769153930676256,0,0,0,0.000998901208670463,0.000998901208670463,9.98901208670463e-05,0.000199780241734093,0,0,0.00419538507641594,0,0,0.00169813205473979,0,0.00159824193387274,0.000399560483468185,9.98901208670463e-05,0,0,0,0,0.00079912096693637,9.98901208670463e-05,0,0,0,0.00119868145040456,0
0,0,0,0,0,0,0.000199860097931448,9.9930048965724e-05,9.9930048965724e-05,0,0,0,0,9.9930048965724e-05,0.0983311681822724,0,0,0,0,0,9.9930048965724e-05,0.000699510342760068,0,0.00229839112621165,0,0.497851503947237,0,0,0.0258818826821225,0,0,0,0,0.00419706205656041,0,0,0.00479664235035475,9.9930048965724e-05,0,0,0,0,0,0.00129909063655441,0,0,0,0,0.000299790146897172,0,0,0,0,0,0,0,0,0,0,0,0,9.9930048965724e-05,0,0,9.9930048965724e-05,9.9930048965724e-05,0.00429699210552613,0,0,0,0.000299790146897172,0,0,9.9930048965724e-05,0,0,0,0,0,0,0,0,0,0,0,0,0,0,0,0.000599580293794344,0,0,0.00639552313380634,0,0,0.00409713200759468,0,0,0,0,0,0,0,0,0,0,9.9930048965724e-05,0.051763765364245,0,0,0,0,0,0.000299790146897172,0,0,0,0,0.000299790146897172,0,0,0,0,0.000399720195862896,0.0391725791945638,0.00239832117517738,0,0,0,0,0,9.9930048965724e-05,0,0,0,0,0.0465674028180274,0,0,0,0,0,0,0,0,0,0,0,0,0,0.000899370440691516,0,0,0,9.9930048965724e-05,0,0,0,0,0,0,0,0,0,0,0,0,0,0,0,0,0,9.9930048965724e-05,0,0,0,0,9.9930048965724e-05,0.0024982512241431,0,0,0,0,0,0,0,0.000799440391725792,0,0,0,0,0.002897971420006,0.0230838413110822,0,0,0,0,0,0,0,0.00049965024482862,0,0,0,0,0.0235834915559109,0,0,0,0.00149895073448586,0,0,0,0,0.000199860097931448,0,0.00279804137104027,9.9930048965724e-05,0,9.9930048965724e-05,0,0.00109923053862296,0,0,0,0,0,0,0,0,0.0120915359248526,0,0,0.0490656540421705,0,0,0,0,0,0,0,0,0,0,0,0,0,9.9930048965724e-05,0,0,0,0,0,0,0,0,0,0,0,0.00149895073448586,9.9930048965724e-05,0,0,9.9930048965724e-05,0,0,0,0,0,0.0371739782152493,0,0.00859398421105226,0.0106925152393325,0,0.000599580293794344,0,0,9.9930048965724e-05,0.000199860097931448,0.000299790146897172,0,0,0.0101928649945038,0,0,0,0,0.00379734186069751,9.9930048965724e-05,0.00199860097931448,0,0,0,0,0.000899370440691516,0,0,0,0,0.00829419406415509,0.000199860097931448
0,0,0,0,0,3e-04,0.007,0,0,0,0,0,0,0,5e-04,0,0.0019,0,0,0,0,0.0056,0,0,0,0.4897,0,0,4e-04,6e-04,0.0384,0,0,0,0,0,5e-04,0,0,2e-04,0,0,0,0,0,0,0,7e-04,0,0,0,0,0,0,0,0,0,0,0,0,0,0,0,0,0,0,0.069,0,2e-04,0,0,0,0,0,0,0.0195,1e-04,0,0,0,0,0,0.017,0,0,1e-04,0,2e-04,0,0,0,3e-04,3e-04,0,0,1e-04,2e-04,0,0,0,0,1e-04,0,0,3e-04,0,0,0.1245,0,0,0,0,0,0.0377,0,0,0,0,0.0077,0,0,0,0,0,0.0028,0,0,0,0,0,0,0,0,0,0,0,2e-04,0,0,0,0.0088,0,0,0,0,0,0,0,0,0,0.0097,0,0,0,1e-04,0,0.0023,0,0,0,0.003,0,0,0,0,0,0,0,0,0,0,0,1e-04,0,0,0,0,0,0,0,0,0,0,0,0,8e-04,0,0,0,0,0,0,0,0,0,0,0,6e-04,0,0,0,0,0,0,1e-04,0.0069,0,0.0042,2e-04,2e-04,0,0,0,0,0,0,0,0,3e-04,0,0.0016,0.0088,0,0,0,0.0046,0,1e-04,0,0,0,0,0,0.0197,0,0,0.003,0,0,7e-04,0,0,0,0,6e-04,0,0,0,0,0,0,0,0,0,0.0036,7e-04,0.0032,0,0,0,0,0,0,2e-04,0.0139,0,0,0,0.0055,1e-04,0,0,0.0045,0,0,0,0,4e-04,8e-04,0,0,9e-04,0.0282,0,1e-04,0.0023,0,0.0195,0,0.0022,0,0,0,0,0,0,0.0014,0,0,0.01,0
0,0,0,0,0,0,0.000199900049975012,0.00219890054972514,0,0,0,0,0,0.00979510244877561,0,0,0.00119940029985007,0,0,0.00269865067466267,0.00609695152423788,0,0,0,0,0.11744127936032,0,0,0,0.000199900049975012,0.0108945527236382,0,0,0.00509745127436282,0,0,0,0.0136931534232884,0,0,0,0,0,0,0,0.0932533733133433,0,0,0,0,0,0,0,0,0.00259870064967516,0,0,0,0,0.000499750124937531,0,0.00489755122438781,0,0,0,0,0,0,0,0.00579710144927536,0.000699650174912544,0,0,0,0.144827586206897,0,0,0,0,0.00249875062468766,0,0,0,0,0.00119940029985007,0,0,0,0,0.00669665167416292,0.283258370814593,0,0.00929535232383808,0,0,0,0,0,0.0108945527236382,0,0,9.99500249875062e-05,0,0,0,0,0,0.0276861569215392,0,0,0,0,0,0,0,0,0,0,0.00419790104947526,9.99500249875062e-05,0,0,0,0,0.0124937531234383,0,0,0,0,0,0.00139930034982509,0.0124937531234383,0,0,0,0,0,0,0,0,0,0,0,0,0,0,0,0,0,0,0,9.99500249875062e-05,0,0,0,0,0,0,0,0.00219890054972514,0,0,0,0,0,0,0,0,0,0,0,0,0,0,0,0,0,0.000299850074962519,0,0,0,0,0,0,0,0,0.00339830084957521,0,0,0,0,0.00909545227386307,0,0,0,0,0.00759620189905048,0,0,0,0,0,0,0,0.0465767116441779,0,0,0,0,0,0,0,0,0,0.00149925037481259,0,0.0262868565717141,0,0,0,0.000299850074962519,0,0,0,0,0.000199900049975012,0.00299850074962519,0,0,0,0.00779610194902549,0,0,0.0430784607696152,0,0,0,0,0,0,0,0,0,0,0,0,0,0,0,0,0,0,0,0,0,0.000999500249875062,0,0,0,0.00209895052473763,0,0,0,0,0,0,0,0.0164917541229385,0,0.00079960019990005,0.000499750124937531,0.000399800099950025,0,0,0,0,0,0,0.00129935032483758,0,0,0,0.0178910544727636,0,0,0,0,0,0,0,0,0,0,0,0,0,0,0,0,0.0124937531234383,0.00119940029985007
0,0,0,0,0,0.00159856129483465,0.000299730242781497,0,0,0,0,0,9.99100809271655e-05,0,0.000499550404635828,9.99100809271655e-05,0.000399640323708662,9.99100809271655e-05,0,0.000799280647417324,0.000299730242781497,0,0,9.99100809271655e-05,0,0.449995004495954,0,0,0.000599460485562993,9.99100809271655e-05,0,0.000599460485562993,0,0.0153861524627835,0,0,0.000599460485562993,0.000199820161854331,0.000199820161854331,9.99100809271655e-05,0,0.00119892097112599,0,0.00469577380357678,0,0.0600459586372265,0,0,0.00109901089019882,0,9.99100809271655e-05,0,0,0,9.99100809271655e-05,0,0,0,0,0.00119892097112599,9.99100809271655e-05,0,0,9.99100809271655e-05,0,0,0.00139874113298032,0,0,0,0,9.99100809271655e-05,0,0,0,0.00979118793086222,0,0,0,0.000199820161854331,0,0.000199820161854331,0,0,0,9.99100809271655e-05,0,0,0,0.00339694275152363,0.000199820161854331,9.99100809271655e-05,0.00299730242781497,0,0.01268858027775,0.000999100809271655,0,0.000299730242781497,0.0103906484164252,0,0,0.00599460485562993,0,0,9.99100809271655e-05,0,9.99100809271655e-05,0.00509541412728544,0,0,0.00339694275152363,0.000499550404635828,0,0.0786292336896793,0,0,9.99100809271655e-05,0.00179838145668898,0.00309721250874213,9.99100809271655e-05,0,0,0.00209811169947048,0.000299730242781497,0.0216804875611949,0,0,0,0,0,9.99100809271655e-05,0.00569487461284844,0,0,0,0,0.015086422220002,9.99100809271655e-05,0.000499550404635828,0,0.000399640323708662,0.000199820161854331,0.00089919072834449,0,0,0,0,0,0,0.00179838145668898,0.000199820161854331,0,0,0,9.99100809271655e-05,0,0,0,0,0,0,0.000299730242781497,0,0,0,0,0.000299730242781497,0,0,0.000199820161854331,0,0,9.99100809271655e-05,0,0,0,0.00089919072834449,9.99100809271655e-05,0,0,0,0,0,0,9.99100809271655e-05,0.000699370566490159,0,9.99100809271655e-05,0,0,0,0.00529523428913977,0.00189829153761615,0,0,0,0,9.99100809271655e-05,0,0,0,0.0128884004396044,0,9.99100809271655e-05,0,0.00709361574582875,0.000299730242781497,0.000499550404635828,0.000199820161854331,0.000199820161854331,0,0,0,0.000199820161854331,0.00199820161854331,0,0,0,0.00089919072834449,0,9.99100809271655e-05,0,0,0,0,0.000599460485562993,0,0,0.00349685283245079,0,0.000699370566490159,0,0.000999100809271655,0.0667399340593466,0,9.99100809271655e-05,0,0,0.000399640323708662,9.99100809271655e-05,0,0.0102907383354981,0,0,0.000199820161854331,0,0,0,0,0,0.000199820161854331,0,9.99100809271655e-05,0,9.99100809271655e-05,0.000699370566490159,0,0,0,0.000399640323708662,0,0,0,0.000299730242781497,9.99100809271655e-05,0,0,0,0,9.99100809271655e-05,0.00089919072834449,0,0.013288040763313,0,0,0,0,0,0.000499550404635828,0.0475571985213308,0,0.000199820161854331,0.00699370566490159,0,0.059746228394445,0,0,0,0,0.000199820161854331,0,0,0,0,0.00139874113298032,0,0.000299730242781497,0,9.99100809271655e-05,0.0169847137576181,0
0,0,0,0,0,0,0.0001999800019998,0,0,0,0,0.0020997900209979,0,0,0.0022997700229977,0,0.0014998500149985,0,0,0,0,0,0,0.0003999600039996,0,0.120587941205879,0,0,0.0083991600839916,0,0.0378962103789621,0,0,0.0123987601239876,0,0,0.0080991900809919,0,0,0,0,0,0,0,0,0.0058994100589941,0,0,0,0.0010998900109989,0,0,0,0.0001999800019998,0,0,0,0,0.0004999500049995,0.0331966803319668,0,0,0,0,0,0,0.0075992400759924,0.0051994800519948,0,0,0,0,0,0,0,0,0,0,0,0.0045995400459954,0,0,0,0,0,0,0,0,0,0,0,0,0.0146985301469853,0,0,0.0027997200279972,0,0,0,0,0.0030996900309969,0.0046995300469953,0,0,0.0002999700029997,0,0,0.0431956804319568,0,0,0.0154984501549845,0,0,0,0,0,0,0.0052994700529947,0.0210978902109789,0.0006999300069993,0,0,0,0,0,0.0066993300669933,0,0,0,0,0,0,0,0,0,9.99900009999e-05,0.0255974402559744,0.0006999300069993,0,0,9.99900009999e-05,0,0.0024997500249975,0,0,0.0008999100089991,0,0,0,0,0.0005999400059994,0,0,0,0,0,0,0,0,0.0002999700029997,0,0,0,0.0296970302969703,0,0,0.0012998700129987,0,0,0,0.0005999400059994,0,0,0,0,0,0,0,0,0,0,0,0,0,0,0.0022997700229977,0,0,0,0,0,0,0.0002999700029997,0,0,0,0,0,0,0,0,0.0025997400259974,0,0,0.183681631836816,0.0013998600139986,0,0,9.99900009999e-05,0.002999700029997,0,0,0,0,0,0,0,0,0,0,0,0,0,0.0085991400859914,0,0,0,0.0006999300069993,0,0,0.0026997300269973,0,0,0.0424957504249575,0,0,0,0,0,0.0002999700029997,0,0.0136986301369863,0,0,0,0.0291970802919708,0,0.0008999100089991,0,0,0,0,0,0,0,0.0085991400859914,0,0,0,0,0.0015998400159984,0,0,0.0010998900109989,0,0,0,0,0,0.0006999300069993,0,0,0.0093990600939906,0,0,0,0,0,0,0.177482251774823,0,0,0.0393960603939606,0,0,0,0,0,0,0.0090990900909909,0,0,0,0,0.0155984401559844,0,0.0004999500049995,0,0,0.0118988101189881,0
0,0,0,0,0,0,1e-04,0,0,0,0,0,0,0.0269,0.0074,0,0.0045,0,0,0,0,0.0032,0,0,0,0.0139,0,0,0,0.0164,0,0,0,5e-04,0,0,0.0017,0.0115,0,0,0,0,0,0,0,0.0069,0,0,0,0,0.0014,0,0,0,0,0,0,0,0.004,0.0724,0,0,0,0,0,0,0.0033,0.0138,7e-04,0,0,0,0,0,0,0,0,0,0,0,0,0,0,0,0,1e-04,0,0,6e-04,0,0,0,0.0068,0,0,0,0,0,0,0,0,0.0023,0,0,0,0,0,0.3273,0.0199,0,0,0,0,1e-04,0,0,0,0,0.0193,0,0,0,0,6e-04,6e-04,0,0,0,0,0,0,0,0,0,0,0,4e-04,0,0,0,0.0067,0,0.004,0,0,0,0,0,0,0,0,0,0,0.0079,0,0,0,0,0,7e-04,0,0,0,0,0,0,0,0,0,0,0.0071,0,0.0812,0,0,0,0,0,0.0015,0,0,0,0,0,0,0,0,0,0,0,0,0.0218,0,0.001,0,0,0,0,0,0,0,0,0,0,0,0,0,0,2e-04,0,0,0,0,0,0,0,0.0057,0,0,0.0017,0,0,0,0,0,0,0,0,0,0,0,0,0,0.0143,0,0,0,0,0,3e-04,0,0,0,0,0,0,0,0,0,0,0,0,0,0,0,0.0063,0.0141,0,0,0,0.0013,0,0,0.0011,0,0,0,0,0,0.0198,0,0,0.0115,0,0,0,0.001,0,0,0.2092,0,0,0.0028,0,0,0,0,0,0,0,0,0,0,0,0,0,9e-04,0,0,0.0113,0
0,0,0,0,0,0,0.00429914017196561,0,0,9.99800039992002e-05,9.99800039992002e-05,0.0001999600079984,0,0,9.99800039992002e-05,0,0,9.99800039992002e-05,0.000499900019996001,0,0.00739852029594081,0.00829834033193361,0,0,0,0.000599880023995201,9.99800039992002e-05,0,0.0026994601079784,0.0002999400119976,0.0207958408318336,0,0.0010997800439912,0.00479904019196161,0.000399920015996801,0,0.0002999400119976,0.0196960607878424,0.000799840031993601,0,0,0.000399920015996801,0.0292941411717656,0.00409918016396721,0,0.0188962207558488,0,0.0016996600679864,0,0,0.00579884023195361,9.99800039992002e-05,0.000599880023995201,0,0.0124975004999,0.0001999600079984,0,0,0,0.020995800839832,9.99800039992002e-05,0.000799840031993601,0,0.000599880023995201,0,0,0.0248950209958008,0,0,0.00879824035192961,0.00539892021595681,9.99800039992002e-05,0,0,0,0,0,0,0,0.00499900019996001,0,0.000799840031993601,0.0327934413117376,0.0002999400119976,0,9.99800039992002e-05,0,9.99800039992002e-05,0,0.001999600079984,0,0.0028994201159768,0,0.00389922015596881,0,0,0,0,0.0031993601279744,0,0.000999800039992002,0,0,0.000399920015996801,9.99800039992002e-05,0,0.0001999600079984,0.0455908818236353,0,0.000699860027994401,0.0028994201159768,0.0010997800439912,0,0.0011997600479904,0,0,0,0.000999800039992002,0.01999600079984,0,0,0.0001999600079984,0,0.0001999600079984,0.0001999600079984,0,0.0755848830233953,0,9.99800039992002e-05,0.0012997400519896,0.00469906018796241,0.0103979204159168,0.00529894021195761,0,0,0.002999400119976,0.0002999400119976,0,0.000399920015996801,0,0.0001999600079984,0,0.000399920015996801,0,0.00889822035592881,0,0.0011997600479904,0.0011997600479904,0,0,0.00329934013197361,0,0,0.0002999400119976,9.99800039992002e-05,0,0,0,0.000499900019996001,0.0211957608478304,0,0.000799840031993601,0.000699860027994401,0.0507898420315937,0,9.99800039992002e-05,0.000599880023995201,0,0,0.0157968406318736,0.0028994201159768,0,9.99800039992002e-05,0,0,0.0002999400119976,0.0023995200959808,0.00329934013197361,0.0025994801039792,0.0001999600079984,0,0.0002999400119976,0,0,0.00359928014397121,0.000599880023995201,0,0,0,0.000799840031993601,0,0.0186962607478504,0,0,0,0,0.0011997600479904,0,0,0,0,0.000899820035992801,0,0.0101979604079184,0.01999600079984,0.000399920015996801,0.0001999600079984,9.99800039992002e-05,9.99800039992002e-05,0.0001999600079984,0.00249950009998,0.0027994401119776,0.0002999400119976,0,0.000699860027994401,0.000499900019996001,0,0.00969806038792242,0.000399920015996801,0.0001999600079984,0.0011997600479904,0.0012997400519896,0,0,0,0,0.0307938412317536,0,0.0017996400719856,0.0020995800839832,0.00809838032393521,0,0,0.00509898020395921,0,0,0.0013997200559888,0,0.0010997800439912,9.99800039992002e-05,0.0001999600079984,0.00869826034793041,0,0,0.002999400119976,0.00409918016396721,0,0,0,0,9.99800039992002e-05,0.0002999400119976,0.0011997600479904,0,0.0030993801239752,0.000499900019996001,0.0002999400119976,0,0.0010997800439912,0.0197960407918416,0,0,0.0001999600079984,9.99800039992002e-05,0.000499900019996001,0,0,0.0018996200759848,0.000799840031993601,9.99800039992002e-05,0.001499700059988,0.00769846030793841,0.00669866026794641,0,0,0,0,9.99800039992002e-05,0,0.179064187162567,9.99800039992002e-05,0,0.0510897820435913,0,0,0.0010997800439912,0,0,0.010497900419916,0.00369926014797041,0,0,9.99800039992002e-05,0,0.0017996400719856,0,0.000599880023995201,0.0001999600079984,0,0.00959808038392321,0
0.0001998001998002,0,0,0,0,0,0,0.0017982017982018,0.00819180819180819,0,0,0,0,0.0168831168831169,0.0010989010989011,0,0,0,0,9.99000999000999e-05,0.0015984015984016,0.000599400599400599,0,0,0,0.243456543456543,0,0,0,0.0001998001998002,0.027972027972028,0,0,0.00709290709290709,0,0,0,0.00739260739260739,0,0,0,0,0.0037962037962038,0.0046953046953047,0,0.0170829170829171,0,9.99000999000999e-05,0,0,0,0,0,0,0.0010989010989011,0,0,0,0,0.0050949050949051,0,0.0012987012987013,0,0,0,0,0.0202797202797203,0.0003996003996004,0,0,0.0010989010989011,0,0,0.000599400599400599,0,0,0,0,0,0.00569430569430569,0,0.000599400599400599,0.000799200799200799,0,0.0018981018981019,0,0.0048951048951049,0,0,0.0017982017982018,0,0.0002997002997003,0.000599400599400599,0,0,9.99000999000999e-05,0,0,0.0015984015984016,0,0,0,0,0,9.99000999000999e-05,0,0,0.0557442557442557,0.0031968031968032,0.0033966033966034,0,0,0,0.00569430569430569,0,9.99000999000999e-05,0,0,0.00709290709290709,9.99000999000999e-05,0,0,0.0017982017982018,9.99000999000999e-05,0.0025974025974026,0.035964035964036,0,0,0,0,0.0021978021978022,0.00589410589410589,0,9.99000999000999e-05,0,0,0.0130869130869131,0,0,0,0.000599400599400599,0,0,0,0,0,0.0018981018981019,0,0,0,0.0001998001998002,0.0045954045954046,0,0.000899100899100899,9.99000999000999e-05,0,0,0,0.0102897102897103,9.99000999000999e-05,0,0,0,0,0,0,0,0,0,0,0.0002997002997003,0,0,0,0,0,0,0,0.0274725274725275,0,0,0,0,0,0.000699300699300699,0,0,0,0,0,0,0.0101898101898102,9.99000999000999e-05,0,0,0,0,9.99000999000999e-05,0,0,0.0010989010989011,0,0.0943056943056943,0.0292707292707293,0,0.000999000999000999,0,0,0,0,0,0,0.0013986013986014,0.000599400599400599,0,0,0.0157842157842158,0,0.0002997002997003,0.0004995004995005,0,0,0,0,9.99000999000999e-05,0.0002997002997003,0,0,0.0160839160839161,0,0.00639360639360639,0,0,0.0143856143856144,0,0,0,0,0,0.0013986013986014,0,0,0,0.000999000999000999,0,0,0,0,0,0,0.00989010989010989,0,0,0,0.0001998001998002,0.0018981018981019,9.99000999000999e-05,0,0,0,0.0002997002997003,0.0030969030969031,0,0.0001998001998002,0,0,9.99000999000999e-05,0,0.0045954045954046,0.132767232767233,0,0.0002997002997003,0,0,0,9.99000999000999e-05,0.0030969030969031,0,0.0001998001998002,0.0617382617382617,0,0,0.0028971028971029,0,0,0,0,0,0,0.0016983016983017,0,0,0,0,0.0002997002997003,0.0003996003996004,0.0020979020979021,0.002997002997003,0,0.001998001998002,0
0,0,0,0,0,0,0.00199940017994602,9.99700089973008e-05,0,0,0,0,0,0,0.0130960711786464,0,0,0,0,0,0.000199940017994602,0,0,0.000499850044986504,0,0.0253923822853144,0,0,0.0136958912326302,0,0.000799760071978406,0,0,0,0,0,0,0.0192942117364791,0,0,0,0,0,0.00119964010796761,0,9.99700089973008e-05,0,0,0.000999700089973008,9.99700089973008e-05,0,0,0,0,0,0,0,0,0,0,0,0,0,0,0,0,9.99700089973008e-05,0,0,0,0,0,0,0,0,0,0,0,0,0,0,0,0,0,0,0,9.99700089973008e-05,0,0,0.00369889033290013,0,0.00209937018894332,0.47445766270119,0,0,0,0,0,0,9.99700089973008e-05,0,0,0,0,0,0,9.99700089973008e-05,0.130660801759472,0,0,0,0,0,9.99700089973008e-05,0,0,0,0,0,0,0,0.00519844046785964,0,9.99700089973008e-05,0.00409877036888933,0,0,0,0,0,0,0,0,0.000499850044986504,0,0,0.00259922023392982,0,0,0,0,0,0,0,0.000999700089973008,0,0,0,0,0,0,0.000599820053983805,0.00489853044086774,0,0,0,0,0,0,0,0,0,0,0,0,0,0,0,0,0.00279916025192442,0,0,0.00189943017094872,0,0,0,0,9.99700089973008e-05,0.000199940017994602,0,0,0,0,0,0,0,0.000199940017994602,0,0,0,0,0,0.00329901029691093,0,0,0,0,0,0,0,0,0,0,0,0,0.0326901929421174,0,0,0,0,0,0,0,0,0,0,0,0,0.0493851844446666,0,0,9.99700089973008e-05,0,0,0,0,0,0,0,0,9.99700089973008e-05,0,0,9.99700089973008e-05,0,0,0,0,0,0,0,0,0,0,0,0,0,0.000199940017994602,0,0,0,9.99700089973008e-05,0,0,0,0,0,0,0,0,0,0,0,0,0,0,0,0,0,0.0489853044086774,0,0,0.0429871038688393,0,0,0,0.106568029591123,0,0.000799760071978406,0.000199940017994602,0,0,0,0,0,0,0,0,9.99700089973008e-05,0,0,0,0,0,9.99700089973008e-05,0,0,0,0,0.00119964010796761,0
0,0,0,0,0,0,9.9940035978413e-05,0,0,0,0.000399760143913652,0,9.9940035978413e-05,0.0329802118728763,0.142214671197282,0,0,0,0,0,0,0.000299820107935239,0,0,0,0.354587247651409,0,0,0.00869478313012193,0,0.00209874075554667,0,0,0.00919448331001399,0,0.00329802118728763,0,0,9.9940035978413e-05,0,0,0,0,0.00939436338197082,0,0,0,0.000299820107935239,0,0,0,0,0,0,0,0,0,0,0,0,0,0,9.9940035978413e-05,0.000399760143913652,0,0,0.00269838097141715,0,0,0,0.00139916050369778,0,0.000299820107935239,0,0,0,0,0,0,0.004597241655007,0.000199880071956826,0,0.000599640215870478,0,0.000299820107935239,0.0126923845692584,0.00129922046771937,0,0,0.00359784129522287,0,0.00169898061163302,0,0,0,0,0,0,0.00419748151109334,0,0,0,0,0.000199880071956826,0.000199880071956826,0,0.0110933439936038,0,0.000399760143913652,0,0,0.0347791325204877,0,0.00919448331001399,9.9940035978413e-05,0.000199880071956826,0,9.9940035978413e-05,0.0324805116929842,0,0,0,0,9.9940035978413e-05,0.00479712172696382,0,0,0,0.000299820107935239,0,0,0,0,0,0,0,0.0778532880271837,0,0,0,9.9940035978413e-05,0,0,0,0,0,0.000599640215870478,0,0,0,9.9940035978413e-05,0,0,0.000299820107935239,9.9940035978413e-05,0,0,0,0,0.000399760143913652,0,0,0,0,0,0,0,0,0,0,0,0,0,0,0.00149910053967619,0,0,0.00119928043174096,0.0101938836697981,0,0,0,0,0,0.00109934039576254,0,0,0,0,0,0,0,0,0,0,0,0,0,0,0,0.0107935238856686,0,0,0,0,9.9940035978413e-05,0.00239856086348191,0,0,0.000299820107935239,0,0,0,0.000899460323805717,0.000199880071956826,0,0.00959424345392764,0.012092744353388,0.00809514291425145,0,0,0.000399760143913652,0,0,0,0,0,0,0.0110933439936038,0,0.0205876474115531,0,0,0.0567659404357386,0,9.9940035978413e-05,0,0,0,0,9.9940035978413e-05,9.9940035978413e-05,0,0,0,0,0,0,0,0,0,9.9940035978413e-05,0.00329802118728763,0,0.000699580251848891,0.00759544273435938,0,0,9.9940035978413e-05,0,0,0,0,0.000399760143913652,0,0,0,0,0,0,0,0.000999400359784129,0.0344793124125525,0,0,0,0,9.9940035978413e-05,9.9940035978413e-05,0,9.9940035978413e-05,0,0.00349790125924445,0,0,0,0,0,0.00839496302218669,0,0.00449730161902858,0.000199880071956826,0.000799520287827304,0,0.0109934039576254,0.000799520287827304,0,0,0,0.00399760143913652,0
0,0,0,0,0,0,0.000199920031987205,0,0,0,0,0,0,0.0198920431827269,0.00169932027189124,0,0,0,0,0,0,0.0114954018392643,0,0,9.99600159936026e-05,0.274190323870452,0,0,0.000299880047980808,0,0.00159936025589764,0,0,0.00909636145541783,0,0,0.000299880047980808,0.00169932027189124,0,9.99600159936026e-05,0,0,0,0,0,0.00139944022391044,0,0,0,0,0,0,0,0,0,0,0,0,0,0.00469812075169932,0,0,0,0,0,0,0.00249900039984006,0,0.00079968012794882,0.00219912035185926,0,9.99600159936026e-05,0,0,0,0,0,0,0,0.00299880047980808,0,0,0,0,0.0515793682526989,9.99600159936026e-05,0,0,0,0.0133946421431427,0.207017193122751,0.00039984006397441,0,0,0,0,0,0,0.00259896041583367,0,0,0.000199920031987205,0,0,0,0,0,0.0212914834066373,0,9.99600159936026e-05,0,0,0,0.0681727309076369,0,0,0,9.99600159936026e-05,0.00219912035185926,0,9.99600159936026e-05,0,0,0.000499800079968013,0.00849660135945622,0,0,0,0,0,0,0.0101959216313475,0,9.99600159936026e-05,0,0,0.0108956417433027,9.99600159936026e-05,0,0,0.00039984006397441,0,0,0,0,0,9.99600159936026e-05,0,0,0,0,0,0,0,9.99600159936026e-05,0,0,0.0195921631347461,0,0.00219912035185926,0,0,0,0,0,0,0,0,0,0,0,0,0,0,0,0,0,0.00159936025589764,0.0229908036785286,0,0,0,0,0,0,0,0,0,0,0,0,0.0167932826869252,0.000899640143942423,0,0,0,0,0,0,0,0,0,0,0,0.00449820071971212,0.00179928028788485,0,0,0,9.99600159936026e-05,0,0,0,0,0.00919632147141144,9.99600159936026e-05,0.00339864054378249,0,0.00229908036785286,0,0,9.99600159936026e-05,0,0,0,0,0,0,0,9.99600159936026e-05,0,0,0,0.0400839664134346,0,0,0,0,0,0,0,0,0,0,0,0,0,0,0,0,0.00909636145541783,0.000199920031987205,0,0,0.00039984006397441,0,9.99600159936026e-05,0,0.00609756097560976,0,9.99600159936026e-05,0,0,0.000199920031987205,0,0,0,0,9.99600159936026e-05,0,0,0,0.007796881247501,0,0,0,0,0,0.000199920031987205,0.102558976409436,0,0,0.00479808076769292,0,0,0,0,0,0.00229908036785286,0,0,0,0,0,0,0,9.99600159936026e-05,0,0,0.00669732107157137,0
0,0,0,0,0.000300090027008102,0,0,0.00400120036010803,0,0,0,0.000400120036010803,0,0.0581174352305692,0.00390117035110533,0,0,0,0,0,0.00650195058517555,0.0103030909272782,0.000800240072021606,0,0,0.259077723316995,0,0,0.00250075022506752,0,0,0,0.000200060018005402,0.000100030009002701,0,0,0.000400120036010803,0.00990297089126738,0,0,0,0,0,0.00820246073822147,0.000100030009002701,0.00780234070221066,0,0,0,0,0.000500150045013504,0,0,0,0.0220066019805942,0,0,0,0,0,0,0.00640192057617285,0,0,0,0.000600180054016205,0.0109032709812944,0,0,0,0.0140042012603781,0,0,0.00310093027908373,0.000400120036010803,0,0,0,0,0.0426127838351505,0,0.00340102030609183,0,0,0.0105031509452836,0,0,0,0,0.00170051015304591,0.00240072021606482,0.00890267080124037,0.000200060018005402,0,0.00120036010803241,0,0,0,0.000200060018005402,0,0.000300090027008102,0,0,0.00370111033309993,0.000100030009002701,0,0.0180054016204861,0.00130039011703511,0.00500150045013504,0.000200060018005402,0,0.00550165049514854,0,0.00170051015304591,0,0,0,0,0.0249074722416725,0,0,0,0,0.000100030009002701,0.00200060018005402,0,0,0,0.000300090027008102,0.0187056116835051,0.000300090027008102,0.00600180054016205,0.0108032409722917,0,0,0,0.00360108032409723,0,0,0,0,0,0,0,0.0123036911073322,0,0,0.000700210063018906,0,0,0.000400120036010803,0.000700210063018906,0,0,0,0,0,0,0.00100030009002701,0.000400120036010803,0,0,0,0,0,0,0,0,0,0.000800240072021606,0,0,0.0165049514854456,0,0,0,0,0.0172051615484645,0.0136040812243673,0,0,0,0,0.000200060018005402,0,0,0,0,0.00220066019805942,0,0,0.0173051915574672,0.000100030009002701,0,0,0.00410123036911073,0.0227068120436131,0.000100030009002701,0.000100030009002701,0,0,0,0,0,0,0,0,0,0,0,0,0,0.00120036010803241,0,0.000300090027008102,0,0.01370411123337,0.030409122736821,0,0.000500150045013504,0.00510153045913774,0,0.0306091827548264,0,0.000200060018005402,0.00210063018905672,0.0225067520256077,0,0.00520156046814044,0.00250075022506752,0.0588176452935881,0,0,0.00220066019805942,0,0,0.000600180054016205,0,0,0,0,0,0,0,0,0,0,0,0,0,0.00170051015304591,0,0,0,0.00580174052215665,0,0.00260078023407022,0.00120036010803241,0.00190057017105132,0.00300090027008102,0.000900270081024307,0.00180054016204861,0,0,0,0,0,0.00910273081924577,0.000200060018005402,0,0,0,0,0,0,0,0,0.000500150045013504,0.000500150045013504,0,0,0,0.0166049814944483,0,0,0,0,0,0.0174052215664699,0.0142042612783835,0,0,0,0,0.00510153045913774,0.00440132039611884,0,0.0132039611883565,0,0.00630189056717015,0.00300090027008102
0,0,0,0,0.000199780241734093,0,9.98901208670463e-05,0.00159824193387274,0,0,0.000399560483468185,0.000199780241734093,0,0.0111876935371092,0.000899011087803416,0.000399560483468185,0,0,0.000699230846069324,0,0.00229747277994206,0.00569373688942164,0,0,0.000199780241734093,0.30266706622715,9.98901208670463e-05,0,0.000199780241734093,9.98901208670463e-05,0.00549395664768754,0,0,0.00239736290080911,0.00119868145040456,0,0,0,0,0,0,0.0025971431425432,0.00519428628508641,0.00369593447208071,0,0.0230746179202877,0,0.000399560483468185,0,0,9.98901208670463e-05,0,0.000199780241734093,0,0.000199780241734093,9.98901208670463e-05,0,0,0,0.00729197882329438,0,0.00769153930676256,0,0.000599340725202278,0.00209769253820797,0.000599340725202278,0.0040954949555489,0,0,0.00139846169213865,0.000998901208670463,9.98901208670463e-05,0,0.000599340725202278,0,0,0,0.000499450604335231,0,0.0025971431425432,0,0.00229747277994206,0.000998901208670463,0.00269703326341025,0.00479472580161822,0,0,0,0.00119868145040456,0.000499450604335231,0.000899011087803416,0.000299670362601139,0.00119868145040456,0.00209769253820797,0,0,0,0,0.00479472580161822,0,0.000499450604335231,0,0,0.000599340725202278,0.000599340725202278,0,0.0053940665268205,0.0202776945360104,0,0.00149835181300569,0.00209769253820797,0.000499450604335231,0,0.0025971431425432,0,0,0,0.000399560483468185,0.00139846169213865,0,0,0.000899011087803416,0,9.98901208670463e-05,0.00859055039456598,0.0445509939067026,0,0,9.98901208670463e-05,0.00529417640595345,0.00249725302167616,0.0053940665268205,0.0238737388872241,0,0,0,9.98901208670463e-05,0,0.000599340725202278,0,0,0,0.000699230846069324,0,0.00109879132953751,0,0,0.00159824193387274,9.98901208670463e-05,9.98901208670463e-05,0.000199780241734093,0,0,0.00299670362601139,9.98901208670463e-05,0,0,9.98901208670463e-05,0.000199780241734093,0.00879033063630007,0,0,9.98901208670463e-05,0.000199780241734093,0,0,0.000299670362601139,0,0,0.00319648386774548,0,9.98901208670463e-05,9.98901208670463e-05,9.98901208670463e-05,0,0,0.00189791229647388,0.00559384676855459,0.00529417640595345,9.98901208670463e-05,9.98901208670463e-05,0,0,9.98901208670463e-05,0.000199780241734093,0.000199780241734093,0,0,0.000199780241734093,0,0,0.00219758265907502,0,0,0,0,0,0,0,0,0.012985715712716,0,0,0.00119868145040456,9.98901208670463e-05,0.000199780241734093,0,9.98901208670463e-05,0,9.98901208670463e-05,0,0,0,0.000499450604335231,0.00169813205473979,0.000499450604335231,0.0178803316352013,0.00179802217560683,0,0.000199780241734093,9.98901208670463e-05,0.00399560483468185,0,0,0.000399560483468185,9.98901208670463e-05,0.0066926380980921,0,0.00639296773549096,0.000399560483468185,0.00629307761462391,0,0.00079912096693637,0.0207771451403456,0,0,0.000199780241734093,0,0.000998901208670463,0,0,0.00139846169213865,0,0.00119868145040456,0,0,0,0,0,0,0.00179802217560683,0,0,0,9.98901208670463e-05,9.98901208670463e-05,0,0.000199780241734093,0.000699230846069324,0.000699230846069324,0.000299670362601139,0.00149835181300569,0.000299670362601139,9.98901208670463e-05,9.98901208670463e-05,0,9.98901208670463e-05,0.000199780241734093,0.000399560483468185,0.000299670362601139,9.98901208670463e-05,0.000499450604335231,0.0335630806113275,0,0,0,0,0.000199780241734093,0,0.25162321446409,0,0,0.0196783538108081,0,0,0,0.000199780241734093,0,0,0.000899011087803416,0,0.000299670362601139,0,0,0.00509439616421936,9.98901208670463e-05,0,0.000199780241734093,0,0.00779142942762961,9.98901208670463e-05
0,0,0,0.00179946016195141,0,0,9.99700089973008e-05,0.00279916025192442,0,0,0,0.000699790062981106,0,0.0238928321503549,0.00359892032390283,0.00409877036888933,0.00929721083674898,0,0,0,0,0.00439868039588124,0,0.00329901029691093,0.00109967009897031,0.0567829651104669,0,0.000999700089973008,0.00489853044086774,0.00309907027891633,0.104868539438169,0,0,0.00159952014395681,0,0,0,0,0.000599820053983805,0.000299910026991902,0,0.000899730080975707,0.028591422573228,0,0,0.000499850044986504,0,9.99700089973008e-05,0,0,0,0,0.000299910026991902,0,0,0,0,0,0,0.0201939418174548,0,0.000199940017994602,0,0.000399880035989203,0,0.00279916025192442,0.000599820053983805,0,0,0,0.00249925022493252,0,0.000199940017994602,0.000899730080975707,0,0,0,0,0,0.00519844046785964,0,0,0,0,0.000199940017994602,9.99700089973008e-05,0,0.00189943017094872,0.000499850044986504,0,0,0,0.00299910026991902,0,0,0,0,0,0.00299910026991902,0,0,0.00269919024292712,0,0,0.00319904028791363,0,0,0.0987703688893332,0,0,0.00469859042287314,0,0,0.00409877036888933,0,0,0,0,0.000299910026991902,0.00129961011696491,9.99700089973008e-05,0,0,0.000299910026991902,0.00759772068379486,0,0,0,0,0.00319904028791363,0,0.0282915125462361,0.00239928021593522,0,0,0,9.99700089973008e-05,0,0,0,9.99700089973008e-05,0.000799760071978406,0.00119964010796761,0,0,0,0,0,0.000299910026991902,0,0.000699790062981106,0,0,0,0,0,0,0,0,0.00249925022493252,0,0,0,0.0317904628611417,0,0,0.00119964010796761,0,0,0.00139958012596221,0.000899730080975707,0,0,0,0,0,0,0.0311906428071579,0,0,0,0,0,0,0,0,0,0,0,0,0,0.00519844046785964,0,0,0,0,0,0.000599820053983805,0,0,0,0,0,0,9.99700089973008e-05,0.000799760071978406,0,0,0.0116964910526842,0,9.99700089973008e-05,0,0,0,0,0.00119964010796761,0.00579826052184345,0,0.0156952914125762,0.00159952014395681,0,0,0,0,0,0,0,0,0.00319904028791363,0,0.00739778066580026,0,0.00279916025192442,0.0868739378186544,0,0,0,0,0.00239928021593522,0.000199940017994602,0,0.0239928021593522,0,0,9.99700089973008e-05,0,0,0,0,0,0.036888933320004,0,0,0,0.00249925022493252,0.00199940017994602,9.99700089973008e-05,0,0.00299910026991902,0,0.000199940017994602,0,0,0.000199940017994602,0,0,0,0,0.00119964010796761,0.0164950514845546,0,0,0.0111966410076977,0,0,0,0,0,0,0.194541637508747,0,0.00349895031490553,0.00499850044986504,0,0,0.000199940017994602,0,9.99700089973008e-05,0.00829751074677597,0,0,0,0,0,0.00939718084574628,0,0.000399880035989203,0,0,0.00559832050384884,0
0,0,0,0,0,0,0,0,0,0,9.9940035978413e-05,0.000299820107935239,0,0,0.00149910053967619,0.000399760143913652,0,0,0,0,0,0.00479712172696382,0,0,0,0.220267839296422,0,0,0.000999400359784129,9.9940035978413e-05,9.9940035978413e-05,0,0,0.00259844093543874,0,0,0.000399760143913652,0.000799520287827304,0,0,0,0.000799520287827304,0,0,0,0.00329802118728763,0,0,0,0,0,0,0.000199880071956826,9.9940035978413e-05,0,0,0,0,0.000399760143913652,9.9940035978413e-05,0,0,0,0.00139916050369778,0,0,0.00659604237457526,0,0,0,0,0,0,0,0,0,0,0.000199880071956826,0,9.9940035978413e-05,0,0.000199880071956826,0.000199880071956826,0,0,0.00819508295022986,0.000799520287827304,0,0.00139916050369778,0,0,0,0.0112932240655607,0,0,0,0,0,0.00399760143913652,0,0.000599640215870478,0,0,0,0,0,0,0.0199880071956826,0,0,0.000999400359784129,0,0,0.00519688187087747,9.9940035978413e-05,0,0,0.00119928043174096,0.0022986208275035,0,0,0,0,0.00519688187087747,0.0438736757945233,0,0,0,0,0,0,0.00299820107935239,0,0,0,0,0.00149910053967619,0,0,0.000399760143913652,0.000799520287827304,0,0,0,0,0,0.000799520287827304,0,0,0,0.00259844093543874,0,0,0,0,0,0,0,0,0.00829502298620828,0.00239856086348191,0,0,9.9940035978413e-05,0,0,0,0,0,0.000499700179892065,0,0,0,0,0,0,0.000299820107935239,0,9.9940035978413e-05,0.000399760143913652,0,0,0,0,0.000499700179892065,0,0,0,0,0,9.9940035978413e-05,0.00389766140315811,0,0,0,0,0,9.9940035978413e-05,0,0,0,0,0,9.9940035978413e-05,0,0.0022986208275035,9.9940035978413e-05,0,9.9940035978413e-05,9.9940035978413e-05,0,0,0,0,0,0.000799520287827304,0.0030981411153308,0,9.9940035978413e-05,0,0.00149910053967619,0.00149910053967619,0,0,0,0,0,0,0.000199880071956826,9.9940035978413e-05,0,0,0.00169898061163302,0.319608235058965,0,0,0,0,0.00119928043174096,0.004597241655007,0,0.00649610233859684,0,0,0,9.9940035978413e-05,0,0,0,0,0,0,0,0,0.00389766140315811,0.0022986208275035,0.000499700179892065,0,0,0,0.000599640215870478,0,0,9.9940035978413e-05,9.9940035978413e-05,0,0,0,0,0.0285828502898261,0,0,0.0772536478113132,0,0,0,0,0,0,0.113731760943434,9.9940035978413e-05,0,0.00279832100739556,0,0,0,0,0,0.000399760143913652,0,0,0,0,0,0,0,0,0,0,0.0490705576654008,0
0,0,0,0,0,0,0,0.0001999600079984,0,0,0,0,0,0,0.0020995800839832,0,0,0,0,0,0,0,0,0.0001999600079984,0,0.44001199760048,0,0,0.0016996600679864,9.99800039992002e-05,9.99800039992002e-05,0,0,0,0,0,0.000899820035992801,0,0,0,0,0,0,0,0,0,0,0,0,0,0,0,0,9.99800039992002e-05,0,0,0,0,0,0.000399920015996801,0,0,0,0,0,0,0.0016996600679864,0,0,0.0030993801239752,0,0,0,0,0,0,0,0,0,0,0,0,0,0,0,0.00359928014397121,0.00779844031193761,0,0,0,0,0.0001999600079984,9.99800039992002e-05,0,0,0.0022995400919816,0,0,0,0,0,9.99800039992002e-05,0,0,0,0,0,0.159568086382723,0,0,0,0,0.0001999600079984,0,0,0,0,0,0.0112977404519096,0,0,0,0,0,0,0,0,0,0,0,0,0,0,0,0,0,0.0200959808038392,0,0,0,0.0002999400119976,0,0,0,0,0.0354929014197161,0,0,0,0,0,0,0,0,0,0,0,0,0,0.00329934013197361,0,0,0,0,0,0,0,0,0,0,0.0002999400119976,9.99800039992002e-05,0,0,0,0,0,0,0,0,0,0,0,0,0,0,9.99800039992002e-05,0,0,0,0,0,0,0,0,0,0,0,0,0,0,0,0,0,0,0.000999800039992002,9.99800039992002e-05,0,0,0.000799840031993601,0,0,0,0,0,0,0,0,0,0,9.99800039992002e-05,0,0,0,0,0,0,0,0,0,0,9.99800039992002e-05,0,0.108278344331134,0,0,0,0,0,9.99800039992002e-05,0,0,0,0,0.0002999400119976,0,0,0,0,0,0,0,0,0,0,0.0131973605278944,0.0002999400119976,0,0,0.00389922015596881,0,0,0,0,0,0,0,0,0,0.001499700059988,0,0,0.00949810037992401,0,0,0,0,0,0,0.143571285742851,0,0,0,0,0,0,0,0,0,0,0,0,0,0,0.010997800439912,0,0.0022995400919816,0,0,0.00849830033993201,0
0,0.00169813205473979,9.98901208670463e-05,9.98901208670463e-05,0.000199780241734093,0,9.98901208670463e-05,0.00079912096693637,0,0,0,9.98901208670463e-05,0,0,0.000399560483468185,0.000998901208670463,0,0,0,0,0.00179802217560683,0.00199780241734093,0,0,0.00219758265907502,0.0206772550194786,0,0,0.000399560483468185,0.00519428628508641,0.00649285785635801,0,0,0,0.000499450604335231,0,0,0,0,0,0,0.000299670362601139,0,0.00489461592248527,0,0.045450004994506,0,0.000199780241734093,0,9.98901208670463e-05,0.000199780241734093,0.00179802217560683,0.000299670362601139,9.98901208670463e-05,0.00159824193387274,0.000199780241734093,0,9.98901208670463e-05,0,0.00369593447208071,0,0,0,0.000699230846069324,0,0.000499450604335231,0.00339626410947957,0,0,9.98901208670463e-05,0.00079912096693637,0,0,0,0.0515433023673959,0,0,0,0,0.00779142942762961,0,0.00169813205473979,0.0160823094595944,0.000299670362601139,0,0,0,0,0,0.00699230846069324,0,9.98901208670463e-05,0.0263709919089002,0,0,0,0,0,0,0,0.000299670362601139,0,0,0.00219758265907502,9.98901208670463e-05,0,9.98901208670463e-05,0.33513135550894,0,0.00299670362601139,0.00579362701028868,0,0,0.0027969233842773,0,0.000299670362601139,0.00419538507641594,0.00918989111976825,0.00569373688942164,9.98901208670463e-05,0,0.00219758265907502,0,0.000299670362601139,0,0,0.0677255019478574,0,0,0,0.0066926380980921,0,0,0,9.98901208670463e-05,9.98901208670463e-05,9.98901208670463e-05,0,0,0,0,0,0.000699230846069324,0,0,0,0.000599340725202278,0.00519428628508641,0,0,0.000899011087803416,0.000599340725202278,0,0.000199780241734093,9.98901208670463e-05,0,0,0,0,0.0038957147138148,0,0.000499450604335231,0,0,0,9.98901208670463e-05,0.000899011087803416,0,9.98901208670463e-05,0.000299670362601139,0.000599340725202278,0,0.00459494555988413,0,0,0,0.000998901208670463,0.00619318749375687,0.00439516531815004,0.000199780241734093,0,0,0,0,0,0,0,0,0,0,0,0,0,0,0,0,0,0,0,0,0,0,0,0.00499450604335231,0,0.00229747277994206,9.98901208670463e-05,0.000299670362601139,0,0,0,0,0,0,0,0.000699230846069324,0.00269703326341025,0.00859055039456598,0,0,0,0.000499450604335231,0,0,0.000199780241734093,0,0.0275696733593048,0,0.00609329737288982,0,0.00549395664768754,0,0.000499450604335231,0.00958945160323644,0,0,0.000299670362601139,0,0.000399560483468185,0,0,0,0.00079912096693637,0,0,0.00119868145040456,0,0,0,0,0,0,0,9.98901208670463e-05,0.0027969233842773,0.000399560483468185,0.00339626410947957,0,9.98901208670463e-05,0.00219758265907502,0,0,0,9.98901208670463e-05,0.00199780241734093,0,9.98901208670463e-05,0,0.00179802217560683,0.000599340725202278,9.98901208670463e-05,0,0.0407551693137549,0,9.98901208670463e-05,9.98901208670463e-05,9.98901208670463e-05,9.98901208670463e-05,0,0.159025072420338,0,0.00169813205473979,0,0,0,0,0,0,0.000199780241734093,0.00209769253820797,0,0,0,0,0.00938967136150235,9.98901208670463e-05,0.00079912096693637,0,0,0.00329637398861253,0
0,0,0,0,0,0,0,0,0,0,0,0,0,0,0.120348139255702,0,0,0,0,0,0,0.00500200080032013,0,0.00510204081632653,0,0.106742697078832,0,0.000600240096038415,0.0100040016006403,0.000200080032012805,0.000100040016006403,0,0,0.000300120048019208,0,0,0.00160064025610244,0.000100040016006403,0.00040016006402561,0,0,0,0.0257102841136455,0,0,0.00250100040016006,0,0,0,0,0,0,0,0,0.0038015206082433,0,0,0,0.00100040016006403,0.0273109243697479,0,0,0,0,0,0.0128051220488195,0.0162064825930372,0.000600240096038415,0,0,0.00300120048019208,0,0,0,0,0,0,0,0,0.00280112044817927,0,0,0,0,0,0.00110044017607043,0,0,0.000600240096038415,0.00150060024009604,0,0,0.071828731492597,0,0,0,0,0,0.000100040016006403,0,0,0.00180072028811525,0,0,0.00370148059223689,0,0,0.0742296918767507,0.000700280112044818,0,0.00450180072028811,0,0,0.00280112044817927,0,0,0,0.0100040016006403,0.0078031212484994,0,0,0,0.00120048019207683,0.000300120048019208,0.00130052020808323,0,0,0,0,0,0.000200080032012805,0.0111044417767107,0,0,0,0,0.0250100040016006,0.00100040016006403,0.00580232092837135,0,0.0312124849939976,0.000500200080032013,0,0,0,0,0,0,0,0.000100040016006403,0,0,0,0,0,0,0,0,0,0.000100040016006403,0,0,0,0.0183073229291717,0,0,0,0,0,0,0,0.00210084033613445,0,0,0,0,0,0.000700280112044818,0.00430172068827531,0,0,0,0,0,0,0,0,0,0,0,0,0.00140056022408964,0.000500200080032013,0,0,0,0,0,0,0,0,0,0,0,0,0.0166066426570628,0,0,0.000100040016006403,0.00240096038415366,0,0,0,0.000300120048019208,0,0,0.00850340136054422,0,0.00210084033613445,0.000600240096038415,0,0,0,0,0,0.00230092036814726,0,0,0.00100040016006403,0,0.00150060024009604,0,0.00200080032012805,0.0273109243697479,0,0,0,0,0.00160064025610244,0,0,0.00140056022408964,0,0,0,0,0,0,0,0,0.00450180072028811,0,0,0,0.000300120048019208,0.0121048419367747,0.000900360144057623,0,0,0,0.00170068027210884,0,0,0.000300120048019208,0,0,0,0,0,0.00230092036814726,0,0,0.0285114045618247,0,0,0,0.077531012404962,0,0.000300120048019208,0.137454981992797,0,0,0.000800320128051221,0,0,0,0,0.0166066426570628,0,0,0,0,0,0,0.00540216086434574,0,0.00640256102440976,0,0,0.00510204081632653,0
0,0,0,0.003,0,0,1e-04,0,0,0,0,0,0,0,0,0,0,0,0,0,0,0,0,0,0,0.2701,0,0,0.0161,0,0,0,0,0,0,0,0.0014,1e-04,0,0,0,0,0,0,0,0,0,0,0,0,0,0,0,0,0,0,0,0,2e-04,0,0,0,0,0,0,0,0,0,0,0,0,0,0,0,0,0,0,0,0,0,0,0,0,0,0,0,0,0,0,0,0,0.0031,0,0,0,0,0,0,0,0,0,0.0254,0,0,0,0,0,0.0647,0,0,0,0,0,0,0,3e-04,0,0,0,0,0,0,0,0.002,0.0721,0,0,0,0,0,0.0093,0,0,0,1e-04,0,0,0,0,0,0.0028,0,0,0,0,0,2e-04,0,0,0,6e-04,0,0.0032,0,1e-04,0,0.0013,0,0,0,1e-04,0,0,0,0,0,0,4e-04,0,0,0,0,0,0,0.0026,0,0,0,0,0,0,0,0,0,0,0,1e-04,0,0,0,0,3e-04,0.0022,2e-04,0,0,0,0,0,0,0,0,0,0,1e-04,0.0022,0,0,0,0,0,0,0,0,0,0,0.0018,0,0,0,0,0,0,0,0,0,0,0,0,0,0,0,0,0,0,0,0,0,0,0,0,0,0,0,0,0,0,0,0,0,0,0,0,0,0,0.001,0,0,0,0,1e-04,0,0,2e-04,0,0,0,0,0,0.0387,0,0,0.3719,0,0,0,0,0,0,0.0977,0,0,0,0,0,0,0,0,0,1e-04,0,0,0,0,0,0,5e-04,0,0,0.0036,0
0,0,0,0,0,0,9.98901208670463e-05,0,0,0,0,0,0,0.0189791229647388,0.0197782439316752,0.00509439616421936,0.00169813205473979,0.000299670362601139,0,0,0.0025971431425432,0.000299670362601139,0,0,0,0.0701228648486665,0,0,0.0203775846568774,0.00249725302167616,0.0147837378883228,0.0154829687343922,0,0,0,0,0.0132853860753172,0.00829088003196484,0,0,0,0,0.000199780241734093,0,0,0,0,0,0,9.98901208670463e-05,0,9.98901208670463e-05,0.000599340725202278,0,9.98901208670463e-05,0,0,0,9.98901208670463e-05,0.000599340725202278,0,0.00169813205473979,0,0,0,0.000599340725202278,0.00119868145040456,0.00519428628508641,0,0,0.00119868145040456,0,0,0.00649285785635801,0,0,0,0,0,0.000998901208670463,0,0,0,0,0.0164818699430626,9.98901208670463e-05,0,9.98901208670463e-05,0.00109879132953751,0.00229747277994206,0.00139846169213865,0,0.325941464389172,0,0.00149835181300569,0,0,0,0.00229747277994206,0,0.000998901208670463,0.000499450604335231,0,0,9.98901208670463e-05,0,0,0.263010688242933,0.000998901208670463,0,0.00079912096693637,0,0,0.00109879132953751,0,0.00109879132953751,0,0,0.000699230846069324,0,0,0,0,9.98901208670463e-05,0.00469483568075117,0,0,0,9.98901208670463e-05,0.00589351713115573,0.000199780241734093,0.00289681350514434,0.0053940665268205,0,0,0,0.00689241833982619,0,0.000499450604335231,0,0.000499450604335231,0,0.000399560483468185,0,0,0,0.000299670362601139,0,0,0.00339626410947957,9.98901208670463e-05,0,0,0,9.98901208670463e-05,0,0,0,0.000699230846069324,9.98901208670463e-05,0,0,0,0.0092897812406353,0,0,0.000199780241734093,0,0,0,0,0,0,0,0,0,0.000599340725202278,0.00169813205473979,0,0,0,0,0,0.000299670362601139,9.98901208670463e-05,0.00399560483468185,0,0,0,0,0,0.000599340725202278,0,0,0,0,0,0,0.000199780241734093,0,0,0,0,9.98901208670463e-05,0,0.000699230846069324,0,0.00249725302167616,0,0,0.000199780241734093,0,0,9.98901208670463e-05,0,0,0.00469483568075117,0,0.0134851663170512,0,0,0.000199780241734093,0,0,0,0,9.98901208670463e-05,0,0.000899011087803416,0,0.00779142942762961,0,0.0012985715712716,0.00629307761462391,0.000998901208670463,0,0,0,0.000998901208670463,0.000199780241734093,0,0.025871541304565,0.000199780241734093,0.00199780241734093,9.98901208670463e-05,0,0,0,0,0,0.00349615423034662,0,0,0,0.00239736290080911,0.000299670362601139,9.98901208670463e-05,0,0.00109879132953751,0.000199780241734093,0.000299670362601139,0,0,9.98901208670463e-05,0,0,0,0,9.98901208670463e-05,0.00719208870242733,0,0.000199780241734093,0.00329637398861253,0,0,0,0,0,0,0.010888023174508,0,0,0.000499450604335231,0,0,0,0,0.00709219858156028,0.00249725302167616,9.98901208670463e-05,0.000299670362601139,0,0,0,0.0040954949555489,0,0,0,0,0.00439516531815004,0
0,9.99900009999e-05,0,0,0,0,9.99900009999e-05,0.0001999800019998,0,0,0,0,0,0,0,0,0,0,0,0,9.99900009999e-05,0.0003999600039996,0,0,0.0001999800019998,0.0450954904509549,0,0,0.0003999600039996,0,0.0063993600639936,0,0,0.0047995200479952,0,0.0005999400059994,9.99900009999e-05,0.0008999100089991,0,0,0,0,0.0191980801919808,9.99900009999e-05,0.0026997300269973,0.0006999300069993,0,0,0,0,0,0.0013998600139986,0,0,0,0,0,0,0,0,0,9.99900009999e-05,0,0,0.0003999600039996,0.0011998800119988,0.0116988301169883,0,0.0003999600039996,0,0.0004999500049995,0,0,9.99900009999e-05,0,0,0,0,0,0,0.0012998700129987,0.0004999500049995,0,0,0.0002999700029997,0,0,0,0,0.0047995200479952,0.25017498250175,0,0.0004999500049995,0,0,0.0002999700029997,0,0,0.0005999400059994,0,0.0014998500149985,0,0,0,0.0002999700029997,0,9.99900009999e-05,0.16048395160484,0.0004999500049995,0,0.0083991600839916,0.0031996800319968,0,0.0024997500249975,0,0,0,0.0005999400059994,0,0,0,0,0,0.0001999800019998,0.0002999700029997,0.0417958204179582,0,0,0,0.0080991900809919,9.99900009999e-05,0,0,0,0,9.99900009999e-05,9.99900009999e-05,0,0,0,0,0.0003999600039996,0.0006999300069993,0,0,0,0,0.0026997300269973,0,0,0.0001999800019998,9.99900009999e-05,0.0008999100089991,0,0.0005999400059994,0,0,0,9.99900009999e-05,0.0008999100089991,0,0,0.0005999400059994,0,0,0,0,0,0,0,0,0,0,0,0,0,0,0.0006999300069993,0.002999700029997,0.0002999700029997,0,0,0,0.0026997300269973,0,0,0.0001999800019998,0,0.003999600039996,0,0,0.0030996900309969,0,0,0.0010998900109989,0,0,0.0002999700029997,0,0,0.0017998200179982,0,0,0,0,0.000999900009999,0,0,0,0,0,0,0,0,0,0.0006999300069993,0.0071992800719928,0.0007999200079992,0,0.0001999800019998,0,9.99900009999e-05,0,0,0,9.99900009999e-05,0.0003999600039996,0,0.0025997400259974,0,0.0014998500149985,0,0.0007999200079992,0.0430956904309569,0,9.99900009999e-05,0,0,0.0004999500049995,0,0,0.0377962203779622,0.0245975402459754,0,0,0,0,0,0.0006999300069993,0,0,9.99900009999e-05,0,0,0,0,0.0014998500149985,0,0,0.0013998600139986,9.99900009999e-05,0.0015998400159984,0,0,0,0,0,0.0025997400259974,0,0.0051994800519948,0,0.0001999800019998,0.0030996900309969,0,0,0,0,0,9.99900009999e-05,0.232376762323768,0,0,9.99900009999e-05,0,0,0,0.0003999600039996,0,0.0004999500049995,9.99900009999e-05,0.005999400059994,9.99900009999e-05,0,0,0.0132986701329867,0,0,0,0,0,0
0,0,0.0012997400519896,0.000999800039992002,0,0,0,0,0,0,0,0,0,0,0,0.001499700059988,0,0,0,0,0,0,0,0,0,0.322335532893421,0,0,0.0011997600479904,0,0,0,0,0.0147970405918816,0,0,0.000599880023995201,9.99800039992002e-05,0,0,0,0.00459908018396321,0.0406918616276745,0,0,0.0018996200759848,0,0,0,0,0,0,0,0,0,0,0,0,0,0,0,0,0,0,0,0,0.0160967806438712,0,0,0,0,0,0,0,0,0,0,0,0,0.0028994201159768,0,0.0001999600079984,0.0310937812437512,0,0,0,0.0201959608078384,0,0,0.0030993801239752,0,0,0.0112977404519096,0,0,0.0028994201159768,0,0,0.00609878024395121,0,0,0,0,0,0,0.000599880023995201,0,0.152569486102779,0,0,0,0,0,0.0017996400719856,0,0,0,0,0.0181963607278544,0,0,0,0,0.0002999400119976,0.0022995400919816,0,0,0,0,0,0.0021995600879824,0.00419916016796641,0,0,0,0,0.00889822035592881,0,0,0.000699860027994401,0.0449910017996401,0.0027994401119776,0,0,0,0,0,0,0,0,0.0010997800439912,0,0,0,0,0,0,0,0.00349930013997201,0.00379924015196961,0,0,0,0,0,0,0,0,0,0,0,0,9.99800039992002e-05,0,0,0,0,0,0,0,0,0,0,0,0,0,0,0,0,0,0,0.0010997800439912,0,0,0,0,0,0,0,0,0,0,0,0,0,0.0141971605678864,0,0,0,0,0,0,0,0,0.0001999600079984,0,0,0,0.0453909218156369,0,0,9.99800039992002e-05,0,0,0,9.99800039992002e-05,0,0,0,0,0.00359928014397121,0,0,0.00599880023995201,0,0,0,0,0.0010997800439912,0,0,0.0356928614277145,0,0,0.000499900019996001,0,9.99800039992002e-05,0,0,0,0,0,0,0,0,0,0.00519896020795841,0,0,0.00429914017196561,0,0,0,9.99800039992002e-05,0,0,0,0,0,0.00599880023995201,0,0,0.0329934013197361,0,0,0,0,0,0,0.0861827634473105,0,0,0.0142971405718856,0,0,0,0,0,0,0.0002999400119976,0,0,0,0,0,0,0.0002999400119976,0,0,0.0102979404119176,0
0.000399680255795364,0,0,0,0,0,0,0,0,0,0,0.000999200639488409,0,0,0.000499600319744205,0.00229816147082334,0.00109912070343725,0,0,0,0.0323741007194245,0.00449640287769784,0,9.99200639488409e-05,0,0.0261790567545963,0.000299760191846523,0,0.000399680255795364,0.00959232613908873,0.0252797761790568,0,0,0,0,0,9.99200639488409e-05,0.0117905675459632,0.000499600319744205,0,0,0.00669464428457234,0,0,0,0.00519584332533973,0,0.0016986410871303,0,9.99200639488409e-05,0,0,0.000699440447641887,0,0.0261790567545963,0,0,0,0,0.0429656274980016,0.000299760191846523,0,0,0,0,0,0.0252797761790568,0,0,0,0,0,0.000499600319744205,0.0641486810551559,0,0,0,0,0,0.0738409272581934,0,0.0123900879296563,0.000399680255795364,0,0.01378896882494,9.99200639488409e-05,0,0,0.000599520383693046,0.00369704236610711,0,0.00199840127897682,0.000399680255795364,0,0,0.000499600319744205,0,0,0.00589528377298161,0,0,0,0,0,0,0,0,0.0124900079936051,0,0,0.0199840127897682,0,0,0.0120903277378098,0,0.000499600319744205,0,0.000299760191846523,0.00299760191846523,0,0,0,0,0.0222821742605915,9.99200639488409e-05,0,0,0,0,0,0,0,0,0,9.99200639488409e-05,0,9.99200639488409e-05,0.000199840127897682,0.00769384492406075,0,0.00129896083133493,0,0,0.000199840127897682,0,0,0,0,0.000899280575539568,0.000299760191846523,0.0016986410871303,0.00899280575539568,0.000499600319744205,0.00359712230215827,0,0,0,0,0,0.00579536370903277,0,0.000599520383693046,0,0,0,9.99200639488409e-05,0.000999200639488409,0,9.99200639488409e-05,0,0.00419664268585132,0,0,0,0,0,0.00299760191846523,0.0928257394084732,0,9.99200639488409e-05,0,0,0,0,0.00159872102318145,0,0,0,0,0,0,0.0182853717026379,9.99200639488409e-05,0.000299760191846523,0,0,0,0,0,0,0,0,0,0.000499600319744205,0,0.00529576338928857,0.000399680255795364,0.000199840127897682,9.99200639488409e-05,9.99200639488409e-05,0,0,0,0,0.00999200639488409,0.000899280575539568,0.0105915267785771,0,9.99200639488409e-05,0,0.00379696243005596,0.00379696243005596,0,0,0,0,0,0,0.00379696243005596,0,0.0299760191846523,0.0021982414068745,0.00239808153477218,0.00899280575539568,0,0,0,0,0,0.000499600319744205,0,0.00249800159872102,0,0,0,0.00129896083133493,9.99200639488409e-05,0,0,0,0,0.00109912070343725,0,0,0.000799360511590727,0.000199840127897682,0.00249800159872102,0,0.015087929656275,0.00699440447641886,0.000199840127897682,0,0,0.000199840127897682,0.0114908073541167,0,0,0,0,0.0123900879296563,0,0,0.00179856115107914,0.046462829736211,9.99200639488409e-05,0,0,0,0.000199840127897682,0.167665867306155,9.99200639488409e-05,0,0.0016986410871303,0,0,0,0,9.99200639488409e-05,0,0.00579536370903277,0,0,0,0,0.000899280575539568,0,9.99200639488409e-05,0,0,0.00849320543565148,0
0,0,0,0,0,0,0,0,0.0008999100089991,0,0,0,0,0,0.0041995800419958,0,0,0,0,0,0.0003999600039996,0.0052994700529947,0,0,0,0,0,0,0,0,0,0,0,0.0142985701429857,0,0,0,0.0235976402359764,0,0,0,0,0,0.0170982901709829,0,0.0183981601839816,0,0,0.0018998100189981,0,0,0.0002999700029997,0,0,0,0,0,0.0001999800019998,0,0,0,0,0,0,0.0054994500549945,0,0,0,0.0015998400159984,0.0088991100889911,0,0,0,0,0,0,0,0,0,0.0037996200379962,0,0,0,0,0,0,0,0,0,0.008999100089991,0.0002999700029997,0,0,0,0,0.0002999700029997,0,0,0.0104989501049895,0,0,0,0,0,0,0,0.0731926807319268,0.0023997600239976,0,0,0,0,0.0008999100089991,0,0,0,0,0,0.0025997400259974,0.0020997900209979,0,0,0,0,0,0,0,0,0,0,0,0.0332966703329667,0,0,0,0.0026997300269973,0,0,0,0,0,0,0,0,0,0,0,0,0,0,0.0052994700529947,0,0,0,0,0,0,0,0,0.0107989201079892,0,0,0,0,0,0,0,0.0012998700129987,0,0,0,0,0,0,0,0,0,0,0.0007999200079992,0,0,9.99900009999e-05,0,0,0,0,0,0,0,0,0,0,9.99900009999e-05,0,0,0,0,0,0,0,0,0,0,0,0,0,0,0,0,0,0,0.0140985901409859,0.0010998900109989,0,0,0,0.0054994500549945,0,0,0,0,0,0,0,0,0.0010998900109989,0,0,0.0255974402559744,0,0,0,0,0.0002999700029997,0,0,0,0,0,0,0,0,0,0,0,0,0,0,0,0,0,0,0,0,0,0,0,0,0,0,0,0,0,0,0,0,0,0,0,0.005999400059994,0,0,0.217478252174783,0,9.99900009999e-05,0,0,0,0.000999900009999,0.336466353364664,0,0,0.0954904509549045,0,0,0,0,0,0,0.021997800219978,0,0,0,0,0.0116988301169883,0,0,0,0,0,0
0,0,0,0,0,0,9.99500249875062e-05,0,0,0,0,0,0,0,0.00249875062468766,0,0.00329835082458771,9.99500249875062e-05,0,0,0,0.0031984007996002,0,0.000299850074962519,0,0.121739130434783,0,0,0,0.00929535232383808,0.0389805097451274,0,0,0,0,0,0.0115942028985507,0,0,0,0.000199900049975012,0,0,0,0,0,0,0,0,0,0,0,0,0,0,0,0,9.99500249875062e-05,0,0,0,0,0,9.99500249875062e-05,0,0,0.000299850074962519,0,0,0.000699650174912544,0,0,0,0,0,0,0,0,0,0.000499750124937531,0,0,0.0178910544727636,0,0,0,9.99500249875062e-05,0,0,0,0,0.00119940029985007,0.00229885057471264,0,0,0,0,0,0,9.99500249875062e-05,0,0,0,0,0,0,0,0.145927036481759,0,0,0,0,0,0,0,0,0,0,0.0170914542728636,9.99500249875062e-05,0,0,0,0,0.12623688155922,0,0,0,0,0,0,0.00399800099950025,0,9.99500249875062e-05,0,0,0,0,0,0,0,0,0,0,0,0,0,0,9.99500249875062e-05,0,0.000999500249875062,0,0,0,0,0,0,0,0,0.00149925037481259,0,0,0,0,0,0,0,0.00349825087456272,0,0,0,0,0.00179910044977511,0,0,0,0,0.0015992003998001,0.031384307846077,0,0,0,0.00139930034982509,0,0,0,0,0,0,0,0,0,0,0,0,0,0,0,0,0,0,0.000399800099950025,0,0.131134432783608,0,0.000299850074962519,0,0,0,0,0,0,0,0,0.00189905047476262,0,0.00519740129935032,0,0,0,0.00929535232383808,0,0,0,0,0,0,0,0,0,0.00949525237381309,0,0,0.0273863068465767,0,0,9.99500249875062e-05,0,0,0,0,0,0,0,0,0.00149925037481259,0,0,0,0,0,0.000299850074962519,0,0,0,0,0,0,0,0,0,0,0,0,0,0,0,0,0,0.00139930034982509,0,0,0.139130434782609,0,0,0,0,0,0.00169915042478761,0.114342828585707,0,0,0,0,0,0,0,9.99500249875062e-05,0,0,0,0,0,0,0,0,0,0,0,0.00599700149925037,0
0,0,0,0,0,0,0,0.000299610506341756,0.156296814141616,0,9.98701687805852e-05,0,0,0.0203735144312394,0.00299610506341756,0,0,0,0,0.00019974033756117,0.00419454708878458,9.98701687805852e-05,0,0.000399480675122341,9.98701687805852e-05,0.169779286926995,0,0,0.000299610506341756,0.00209727354439229,0.00778987316488565,0,0,0.00019974033756117,0,0,0.000399480675122341,0,0,0,0,0,0,0,0,9.98701687805852e-05,0,0,0,0,0,0,0,0,0,0,0,0,0,0.000399480675122341,9.98701687805852e-05,0,0,0,0,0,0.000399480675122341,0,0,0,0,0,0,0,0,0,0,0,0,9.98701687805852e-05,0,0,9.98701687805852e-05,0,0.000299610506341756,0.00179766303805053,0,0,0,0,0,0,0,0,0,0,0,0,9.98701687805852e-05,0,0,0,0,0,0,0,0,0.062119244981524,0,0,0,0,0,0,0,0,0,0,0.000299610506341756,0,0,0,0,0.00359532607610107,0.0080894836712274,0.00759013282732448,0,0,0.000399480675122341,0,0.00019974033756117,9.98701687805852e-05,0,0,0,0,0,0,0,0,0.000499350843902926,0,0,0,0,0,0,0,0,0,9.98701687805852e-05,0,0,0,0,0,0,0.00249675421951463,0.00579246978927394,9.98701687805852e-05,0,0,0,0,0,0,0,0,0,0,0,0,9.98701687805852e-05,0,0,0,0,9.98701687805852e-05,0.00449415759512634,0.00019974033756117,0,0,0,0,9.98701687805852e-05,0,0,0,0,0,0,0.000599221012683511,0,0,0,0,0,0,0,0,0,0,0.0345550783980825,0,0,9.98701687805852e-05,0,0,0,0,0,0,0,0,9.98701687805852e-05,0,0.00219714371317288,0.00239688405073405,0.0094876660341556,0,9.98701687805852e-05,0.0067911714770798,0,0,0,0,0.0094876660341556,0,0.00988714670927794,0,9.98701687805852e-05,0,9.98701687805852e-05,0.0371517027863777,0,0,0,0,0,0.00549285928293219,0,0,0,0,0.000299610506341756,0,0,0,0,0,0,0,0,0,0.00019974033756117,0.00459402776390692,9.98701687805852e-05,0,0,0,9.98701687805852e-05,0.00209727354439229,0,0.000399480675122341,0,9.98701687805852e-05,0,0,0.0185758513931889,0.0881853590332568,9.98701687805852e-05,0,0.0829921102566663,0,0,0,0,0,9.98701687805852e-05,0.215819434734845,0.000399480675122341,0,9.98701687805852e-05,0,0,0,0,0,9.98701687805852e-05,0.000798961350244682,0,0,0,0,0,0,0,0.000399480675122341,0,0.000599221012683511,0
0,0,0.000499700179892065,0,0,0,0.00179892064761143,0,0,0,9.9940035978413e-05,0,0,0,0.00689586248251049,0.00259844093543874,0.000999400359784129,0.000799520287827304,0,0.000899460323805717,0.000399760143913652,0.000299820107935239,0,0.00169898061163302,0,0.00859484309414351,9.9940035978413e-05,0,0.0732560463721767,0,0,0,0,0.00329802118728763,0,0,0.00249850089946032,0.0131920847491505,9.9940035978413e-05,0,9.9940035978413e-05,0,0,0,0,0.0161902858285029,0,0.000199880071956826,0,0,0,0,0,0,0,9.9940035978413e-05,0,0.000399760143913652,0,0.00629622226664002,0,0,9.9940035978413e-05,0,0,0,0.000399760143913652,0.000699580251848891,0,0.00199880071956826,0,0,0,0.0128922646412153,0,0,0,0,0,0.0126923845692584,0.000199880071956826,0,0.000299820107935239,0.000499700179892065,0.00419748151109334,0.000399760143913652,9.9940035978413e-05,0,0,0.00109934039576254,0,0.0106935838496902,0.0324805116929842,0,0.00119928043174096,0,0,9.9940035978413e-05,0.000899460323805717,0,0.000799520287827304,0.0100939436338197,0,0,0,0.000199880071956826,0,0.0512692384569258,0.000699580251848891,0.00679592244653208,0.00269838097141715,0,0,0.000499700179892065,0,0.000699580251848891,0,0,0.00269838097141715,0,0,0,0.000199880071956826,9.9940035978413e-05,0.0115930441734959,0.00419748151109334,0,0.000599640215870478,0,0,0.000499700179892065,0,0,0.000299820107935239,0.00139916050369778,0,0.0382770337797322,0.00109934039576254,0.000799520287827304,0.000499700179892065,0.00329802118728763,0.000699580251848891,0.000299820107935239,0,0.000699580251848891,0.0452728362982211,0.00179892064761143,0.00209874075554667,0,9.9940035978413e-05,9.9940035978413e-05,0.000199880071956826,0,0.00149910053967619,9.9940035978413e-05,0,0.000399760143913652,0,0,0,0,0.000899460323805717,0,0,0,9.9940035978413e-05,0.00139916050369778,0,0,0,0.000199880071956826,0.00779532280631621,0.34759144513292,0,0,0,0.0022986208275035,0,0.00609634219468319,0.000299820107935239,0.000599640215870478,0,0,0,0.000199880071956826,0.00219868079152508,0,0,0,0.000299820107935239,0,0.0053967619428343,0.000299820107935239,9.9940035978413e-05,0,0,0,0,0,0.0814511293224066,0,0,0,9.9940035978413e-05,0,0.000899460323805717,0.00129922046771937,0.000599640215870478,0,0.0232860283829702,0,0,0.00159904057565461,0,0.000299820107935239,0,0.00119928043174096,0,0.0224865080951429,0.00149910053967619,9.9940035978413e-05,9.9940035978413e-05,0.00119928043174096,0,0,0,0.00409754147511493,0,0,0,0.00939436338197082,0.00679592244653208,0.000799520287827304,0.00569658205076954,9.9940035978413e-05,0,0,9.9940035978413e-05,0.000599640215870478,0.00529682190685589,0,0.00159904057565461,0,0.000199880071956826,0,0,0,0.000399760143913652,0.000399760143913652,0,0.000899460323805717,0.000599640215870478,0.000199880071956826,0.0022986208275035,0.000299820107935239,0.000599640215870478,0.000299820107935239,0,0.000999400359784129,0.00129922046771937,0,0,0,0.000799520287827304,0,0,0,0,0.00279832100739556,0,0.00349790125924445,0.00119928043174096,0.00889466320207875,0,0,0,9.9940035978413e-05,0,0.000199880071956826,0.000599640215870478,0,0,0.00759544273435938,0,0,0,0,0,0.00129922046771937,0.000699580251848891,0,0,0,0,9.9940035978413e-05,0.000299820107935239,0.000699580251848891,0,0,0.00139916050369778,9.9940035978413e-05
0,0,0,0,0,0,0,0,0,0,0,0,0,0,0.000800160032006401,0,0.0001000200040008,0,0,0.0002000400080016,0,0.000600120024004801,0,0,0.00330066013202641,0.00460092018403681,0,0.0003000600120024,0.010502100420084,0.0027005401080216,0,0,0,0.0016003200640128,0,0,0,0,0,0,0,0,0,0,0,0.0924184836967393,0,0,0,0,0,0,0,0,0,0,0,0.000600120024004801,0,0,0,0,0,0,0.0512102420484097,0,0.00360072014402881,0.001500300060012,0,0.0292058411682336,0,0,0,0.0016003200640128,0,0,0,0,0,0,0,0.0001000200040008,0,0,0,0.0003000600120024,0,0,0,0,0.118923784756951,0,0,0,0.00370074014802961,0.000700140028005601,0,0,0,0,0,0.00370074014802961,0.00730146029205841,0,0,0,0.0667133426685337,0,0.0011002200440088,0,0.000400080016003201,0,0,0.00810162032406481,0,0,0,0,0.00400080016003201,0.000500100020004001,0,0,0.000600120024004801,0,0.0132026405281056,0.0218043608721744,0.000900180036007201,0.00320064012802561,0.0002000400080016,0,0.0429085817163433,0.0189037807561512,0,0,0,0,0.0001000200040008,0,0,0,0.0001000200040008,0,0,0,0.0687137427485497,0,0,0,0,0.0014002800560112,0,0,0,0,0,0,0,0,0.0021004200840168,0,0,0,0,0,0,0,0,0,0,0.0003000600120024,0.0003000600120024,0,0,0,0,0,0,0,0,0,0,0,0,0,0,0,0,0.0159031806361272,0,0,0,0.0276055211042208,0.0001000200040008,0,0,0,0,0,0,0,0,0,0,0,0,0.0001000200040008,0,0,0,0.00460092018403681,0.0022004400880176,0,0.0154030806161232,0,0,0,0.00320064012802561,0,0,0,0,0,0,0,0,0,0,0,0,0,0.0018003600720144,0,0,0.00350070014002801,0.0001000200040008,0,0,0,0,0.000700140028005601,0,0,0,0,0,0,0,0,0,0,0,0,0,0,0,0.0001000200040008,0.0002000400080016,0,0,0.0023004600920184,0,0,0,0,0,0,0,0,0,0.0532106421284257,0,0,0,0,0,0,0,0,0,0.236547309461892,0,0,0.0326065213042609,0,0,0,0,0.0003000600120024,0.00430086017203441,0,0,0,0,0,0,0,0.0001000200040008,0,0,0,0
0,0,0,0,0,0,0.00799760071978406,0,0,0,0,0.000199940017994602,0,0,0,0,0,0,0,0,0.00469859042287314,0.00399880035989203,0,0,0.000599820053983805,9.99700089973008e-05,0,0,0.00109967009897031,0,0,0,0,0.00109967009897031,0,0,0.00139958012596221,0.0431870438868339,0,0,0,0,0.0301909427171848,0.00669799060281915,0,0.000299910026991902,0,0,0,0,0,0.00349895031490553,0,0,0,0.000299910026991902,0,0,0.00229931020693792,0.000399880035989203,0,0.00419874037788663,0,0,0,0.000599820053983805,0,0,0,0,0,0,0,0,0,0,0,0.000199940017994602,0,0.0224932520243927,0.00319904028791363,0.00259922023392982,0.00369889033290013,0.00449865040487854,0.00779766070178946,0,0,0,0.000499850044986504,0.00119964010796761,0.012296311106668,0.00129961011696491,0.000999700089973008,0,0,9.99700089973008e-05,0,0,0.00459862041387584,0,0.00189943017094872,0,0,0,0.000299910026991902,0,0.014295711286614,0.168849345196441,0.00109967009897031,0,0.0177946616015195,0.00389883035089473,0,0.00549835049485154,0,0,0,0,0.00169949015295411,0,0,0,0,0,0.00219934019794062,0.00209937018894332,0,0.00199940017994602,0.000399880035989203,0.0208937318804359,0.00409877036888933,0,0,0,0,0,0.00619814055783265,0.000399880035989203,0.0181945416375087,0,0,0,0.000699790062981106,0,0,0,0.00379886034189743,0.0106967909627112,0,0.000899730080975707,0.000699790062981106,0,0,0,0,0,0,0,0.000899730080975707,0,0,0,0.00129961011696491,0.0393881835449365,0,0,0,0,0,0,0.000299910026991902,0,0,0,0,0,0,0,0.0100969709087274,0,0.00359892032390283,0,0,0,0.00139958012596221,0.00309907027891633,0,0,0.00569829051284615,0,0,0.00199940017994602,9.99700089973008e-05,0,0.00159952014395681,0,0,0.000499850044986504,0,0,0,0,0,0.0829751074677597,0,0.000399880035989203,0,0,0,0.00189943017094872,0,0,0.00149955013495951,0.00139958012596221,0.000399880035989203,0,0.00219934019794062,0.0183944816555034,0.00929721083674898,0.000399880035989203,0,0.00699790062981106,0,0,0,0,0.00679796061181645,0,0.00349895031490553,0.000199940017994602,0.0106967909627112,0,0.000999700089973008,0.000299910026991902,0,0,0,0,0.000799760071978406,0,0,0.00219934019794062,0,0.00189943017094872,0,0,0.000199940017994602,0,0,0,0.00629811056682995,0,0.00189943017094872,0,0.00569829051284615,9.99700089973008e-05,0,0,0,0.035889233230031,0.000899730080975707,0.000599820053983805,0,0,0,0,0,0.000299910026991902,0.0227931620513846,0.0341897430770769,0,0.00999700089973008,0.00889733080075977,0,0,0,0,0,0.000399880035989203,0.161351594521643,0,0,0.00459862041387584,0,0,0,0,0,0.000199940017994602,0.00849745076477057,0,0,0,0,0,0,0,0.00669799060281915,0,0.000299910026991902,0
0,9.99500249875062e-05,0,0,0,0.00079960019990005,9.99500249875062e-05,0.000599700149925037,0,9.99500249875062e-05,0,9.99500249875062e-05,0,0.0047976011994003,0.000599700149925037,0,0,0,0.00079960019990005,0,0.000599700149925037,0.000699650174912544,0,0.000399800099950025,0.000199900049975012,0.314942528735632,9.99500249875062e-05,0,0.00179910044977511,0.000599700149925037,0.00829585207396302,0,0,0.0015992003998001,0,0,0.000199900049975012,0.00139930034982509,0,0,0,0.000399800099950025,0,0.00399800099950025,0.00179910044977511,0.0612693653173413,0,9.99500249875062e-05,0,0,0.00169915042478761,0,0.000299850074962519,0,0,0.000599700149925037,0,0,0,0.00379810094952524,9.99500249875062e-05,0.00219890054972514,0,0.00079960019990005,0,0,0.00279860069965018,0.000299850074962519,0,0,0.000399800099950025,9.99500249875062e-05,9.99500249875062e-05,0.0031984007996002,0,0.0114942528735632,0,0,0,0.000199900049975012,0.000199900049975012,0.00229885057471264,9.99500249875062e-05,0.00079960019990005,0.00139930034982509,0,0,0,0.000199900049975012,0.00419790104947526,0,0,0.00149925037481259,0,0,0,0,0,0.00409795102448776,0,0,0,0,0.000499750124937531,9.99500249875062e-05,0.000399800099950025,0.00289855072463768,0.0427786106946527,0,0.0015992003998001,0.00169915042478761,0,0,0.00229885057471264,9.99500249875062e-05,0,0,0,0.00129935032483758,0,0,0,0,0,0.00199900049975012,0,0,0,0,0,0,0.000299850074962519,0,0,0,0,0.00079960019990005,0,0.000399800099950025,0,0,0,0.00139930034982509,0,0,0,0.000199900049975012,0.00229885057471264,0,0,0.000899550224887556,9.99500249875062e-05,0,0.00209895052473763,0,0,0,0,0.000699650174912544,0.000899550224887556,0,0.000599700149925037,0.000599700149925037,0,0,0,0.000399800099950025,0,0,0.00139930034982509,0,0,0.132033983008496,0,0,0.000899550224887556,0.0015992003998001,0.00149925037481259,0.0288855572213893,9.99500249875062e-05,0,0,0,0,0.000399800099950025,0,0,0,0,0,0,0.00599700149925037,0,0,0.000499750124937531,0,0,9.99500249875062e-05,0,0,0.000299850074962519,0,0,0,0,0.00079960019990005,9.99500249875062e-05,0,0,0.000199900049975012,0.00979510244877561,0,0,9.99500249875062e-05,0,0.000499750124937531,0.00439780109945028,0.000199900049975012,0.000499750124937531,0.000199900049975012,0,0.000899550224887556,0,0,0,0,0.00409795102448776,0,0.00179910044977511,9.99500249875062e-05,0.0121939030484758,0,0.000499750124937531,0.0534732633683158,0,9.99500249875062e-05,0.000199900049975012,0,0.000899550224887556,0,0,0.00879560219890055,0,0,0,0,0,0,0.000199900049975012,0,0.0115942028985507,0.000199900049975012,9.99500249875062e-05,0,0.000599700149925037,0,9.99500249875062e-05,0,0,9.99500249875062e-05,0.00199900049975012,0,0.000199900049975012,0,9.99500249875062e-05,0,0,0,0.000199900049975012,0.000899550224887556,9.99500249875062e-05,9.99500249875062e-05,0.00419790104947526,0,0,0,0,0,0,0.174212893553223,9.99500249875062e-05,0,0.000499750124937531,0,0,9.99500249875062e-05,0,0,0.00169915042478761,0.000399800099950025,0,0,0,9.99500249875062e-05,0.00229885057471264,9.99500249875062e-05,0.000399800099950025,0,0,0.00919540229885057,0
0,0,0,0,0,0,0.0001999800019998,0.0038996100389961,0,0,0,9.99900009999e-05,0,0,0.0026997300269973,0.0001999800019998,0,0,0,0,0,0.0040995900409959,0,0.0036996300369963,0,0.187581241875812,0,0,0.00999900009999,0,0,0,0,0.0133986601339866,0,0,0,0.0115988401159884,0,0,0,0,0,0.0070992900709929,0,0,0,0,0,0,0,0,0,0,0.0005999400059994,0,9.99900009999e-05,0,0,0,0,0,9.99900009999e-05,0,0,0,0,0,0,0,0.0027997200279972,0,0,0,0,0,0,0,0,0,0,0,0,0,0,0,0,0,0,0.0075992400759924,0,0.0051994800519948,0.000999900009999,0,0,0.0026997300269973,0,0,0,0,0,0,0,0,0,0,0,0,0,0,0,0,0,0,0,0.0001999800019998,0,0,0,0,0,0,0,0.0060993900609939,0.0031996800319968,0,0,0,0,0,0,0.0172982701729827,0,9.99900009999e-05,0,0,0.0091990800919908,0,0,0,0,0,0,0,0,0,0.0017998200179982,0,0,0.0021997800219978,0,0,0,0.0025997400259974,0.0001999800019998,0,0,0,0,0.0381961803819618,0,0,0,0,0,0,0,0.0006999300069993,0,0,0,0,0,0,0,0,0,0.0204979502049795,0,0,0,0,0.0055994400559944,0,0,0,0,0,0,0,0.000999900009999,0.0071992800719928,0.0001999800019998,0,0,0,0.0242975702429757,0,0,0,0,0,0.0010998900109989,0,0,0.003999600039996,0,0,0,0,0,0,0,0,0,0,0.0137986201379862,0.0025997400259974,0,0,0,0,0,0,0,0,0,0,0.0038996100389961,0,0,0,0,0,0,0,0,0,0,0,0,0,0,0,0,0.0014998500149985,0,0,0,0,0.0231976802319768,0,0,0,0.0015998400159984,0.0002999700029997,0,0,0.0001999800019998,0,0,0,0,0,0,0,0,0,0,0.094990500949905,0,0,0,0,0.0005999400059994,0.0001999800019998,0,0,9.99900009999e-05,0.434956504349565,0,0,0,0,0,0,0,0.0002999700029997,0,0,0,0,0,0,0.0111988801119888,0.0001999800019998,0,0,0,0,0
0,0,3e-04,0,0,0,0.0015,6e-04,0,0,0,7e-04,0,0,0.0028,0,0,1e-04,0,4e-04,0.0083,0,0,5e-04,0.0011,1e-04,0,0,0.0016,0,0.0287,0,0,0.0097,0,0,0,1e-04,0,2e-04,0,0.0012,0.0798,0.0045,0,0.0041,0,0,0,6e-04,0,2e-04,0,0,0,0,0,1e-04,0.0012,0.0011,0,0,0,0,4e-04,0,0.0015,0,0,0.0028,0,0,0,6e-04,0,0,0,0,0,6e-04,0,0,0,0,0,0,0,0,6e-04,0,0,0,0.0047,0,0,6e-04,0,0,0.0047,2e-04,0.0037,7e-04,0,0,0,0,0.0171,0.0456,0.0083,0,0.0028,0,0,0.0015,0,0,0,0,0.0114,0,0,0.0023,0,0,0,0.0224,0,0.0031,0,0,0.0022,0,0,0,0,0,0,4e-04,0,0,0,0,0.0039,0,0.0544,0,0,0,0,0,0.0011,0.0022,0,0,0,9e-04,0,0,0.0041,0.0022,0,0,0.0016,0.0343,0,0,0,0,0,0,0,0,0,3e-04,0,0,0,0,0.0065,0,0.0119,0,0,0,0,4e-04,0,0,0,0,0,0.0022,0,0,0,4e-04,0,0,0,0,0,0.0088,0,1e-04,0,0,0,0,0,0.0013,0,0,0.0015,0,7e-04,0,0.0096,0,0,0.0022,0,0,0,0,0,0.0014,0,0,0,0,1e-04,0,0,0.024,0,0,0,0,0,0,0,0.0331,0,0,0,0,0,0,0,0,0,0,0,0,0,0,0,0,0,0.0011,3e-04,0,0,0,0,0,0,0.0061,0,0.1993,0,0.0054,0.0334,0,0.0027,0,0,0,0,0.2373,0,0,0.0089,0,0,0,0,2e-04,3e-04,0,0,0,0,0,0,0,0,0,0,0.0081,0
0,0,9.99700089973008e-05,0,0,0,9.99700089973008e-05,0,0,0,0,0,0,0.019594121763471,0,0.000899730080975707,0,0,0,0,0,9.99700089973008e-05,0,0,0,0.0212936119164251,0,0,0.000399880035989203,0,0.011296611016695,0,0,0,0,0,0.000299910026991902,0.0113965810256923,0,0.000199940017994602,0,0,0.0271918424472658,0.00569829051284615,0,0.0107967609717085,0,0,0,0,0,0,0.000399880035989203,0,0,0.000899730080975707,0,0,0.000599820053983805,0,0,0.00149955013495951,0,0,0,0.00649805058482455,0.0186943916824953,0,0,0.00179946016195141,0,0,0,0,0,0,0,0,0,0,0,0.000699790062981106,0,0,0.000799760071978406,0,0,0,0.000599820053983805,0.00589823053084075,0,0.000899730080975707,0.00279916025192442,0,0,0,0.000399880035989203,0,0.00429871038688393,0,0,0,0,0,0,0,0,0.419974007797661,0,0,0,0,0,0.0228931320603819,0,0,0,0,0.0206937918624413,0,0,0,0,0.000499850044986504,0.00109967009897031,0,0,0,0,0,0.000499850044986504,0,0,0,0,0,0,0,0.000299910026991902,0,0,0,0,0,0,0,0,0,0,0,0.00129961011696491,0.00159952014395681,0.000499850044986504,0.00239928021593522,9.99700089973008e-05,0,0,0.00779766070178946,0,0,0,0,0,0,0,0,0,0,0,0,0,0,0.00159952014395681,0,0,0,0,0.0107967609717085,0,0,0,0,0,0,0.00199940017994602,0,0,0,0,0,0,0.0390882735179446,0,0,0,0,0,9.99700089973008e-05,0,0,0,0,0,0,0,0.00219934019794062,0,0,0,0,0,0,0,0,0,0,0,0.00269919024292712,0.064480655803259,0.000999700089973008,0.00889733080075977,0.0129961011696491,0,0,0,0,0,0,0,0,0.0168949315205438,0,0.00239928021593522,0.00689793062081376,0,0,0,0,0,0.00149955013495951,0,0.00189943017094872,0,0,0,0,0,0,0,0,0,0,0,0,0,0,0.000499850044986504,0,0,0,9.99700089973008e-05,0,0,0,0,0,0,0,0,0.0273917824652604,0,0.00189943017094872,0.0121963410976707,0,0,0,0,0,0,0.123362991102669,0,0,0.00699790062981106,0,0,0.00159952014395681,0,0,0.00659802059382185,0.000999700089973008,0,0,0,0,0.00349895031490553,0,0,0,0,0.00359892032390283,0
0,0,0,0,0,0,0,0.0081008100810081,0,0,0,0,0,0,0.0004000400040004,0.0011001100110011,0.0014001400140014,0,0,0,0.0038003800380038,0.0022002200220022,0,0,0,0.350535053505351,0,0,0.0018001800180018,0.0075007500750075,0,0,0,0.0066006600660066,0,0,0.0001000100010001,0.0012001200120012,0,0,0,0.0072007200720072,0.0016001600160016,0,0,0.0004000400040004,0,0,0,0,0,0,0.0012001200120012,0,0.0073007300730073,0.0004000400040004,0,0,0,0.0294029402940294,0,0,0,0,0,0,0.0254025402540254,0,0,0,0.0057005700570057,0,0,0,0,0,0,0,0,0.0001000100010001,0,0.0011001100110011,0,0,0.0004000400040004,0,0,0,0.0019001900190019,0.0003000300030003,0,0.0004000400040004,0.0231023102310231,0,0,0,0.0014001400140014,0,0.0002000200020002,0,0,0,0,0,0.0003000300030003,0,0,0.027002700270027,0,0,0,0,0,0.0009000900090009,0,0,0,0,0.0236023602360236,0,0,0,0.0001000100010001,0.0007000700070007,0.0004000400040004,0,0,0,0,0,0.0002000200020002,0.0013001300130013,0,0,0,0,0.0005000500050005,0.0014001400140014,0,0,0.005000500050005,0.0006000600060006,0.0018001800180018,0,0,0,0.0023002300230023,0,0,0.0003000300030003,0.0009000900090009,0,0,0,0,0,0,0,0,0,0,0.0029002900290029,0,0,0,0,0.001000100010001,0,0.0002000200020002,0,0,0,0.0001000100010001,0,0,0,0.0035003500350035,0.0341034103410341,0,0,0,0,0,0,0,0,0,0,0,0,0,0.0034003400340034,0,0,0,0,0,0,0,0,0,0,0,0.0009000900090009,0,0.0085008500850085,0,0,0.0001000100010001,0.0003000300030003,0,0,0,0,0.0003000300030003,0,0.0091009100910091,0,0.0165016501650165,0.0143014301430143,0.01000100010001,0,0,0,0,0.0003000300030003,0,0,0.006000600060006,0,0.0002000200020002,0,0,0.0271027102710271,0,0,0,0,0,0,0,0.0022002200220022,0,0,0,0,0,0,0,0,0.19011901190119,0,0,0,0,0,0.0024002400240024,0,0.0002000200020002,0.0001000100010001,0,0,0,0,0,0,0,0,0,0.0269026902690269,0,0,0.0565056505650565,0,0,0,0,0,0,0.0005000500050005,0,0,0.0089008900890089,0,0,0,0,0,0,0,0,0,0,0,0.0009000900090009,0,0.0001000100010001,0,0,0.0128012801280128,0
0,0,0,0.0042995700429957,0,0,0,0.0020997900209979,0,0,0,0,0,0.0490950904909509,0.0008999100089991,0,0,0,0,0,0.0018998100189981,0.0038996100389961,0,0,0,0.122487751224878,0,0,0.0115988401159884,0,0,0,0,0,0,0,0,0.0365963403659634,0,0,0,0,0,0,0,0.0194980501949805,0,0,0,0,0,0,0,0,0,0,0,9.99900009999e-05,0,0.0280971902809719,0,0.0003999600039996,0,0,0,0,0.13048695130487,0,0.0001999800019998,0.0120987901209879,0.0002999700029997,0,0,0.0005999400059994,0,0,0,0,0,0.0404959504049595,0,0,0,0,0.0015998400159984,0,0,0,0,0.0074992500749925,0,0,0.0007999200079992,0,0,0,0,0,0.0017998200179982,0,0,0,0,0,9.99900009999e-05,0,0,0.0452954704529547,0,0,0,0,0,0.0020997900209979,0,0,0,0,0.0090990900909909,0,0,0,0,9.99900009999e-05,0.0073992600739926,0,0.0038996100389961,0,0,0,0,0.0023997600239976,0,0,0,0,0,0,0,0,0.0004999500049995,0,0,0,0,0,0.0011998800119988,0,0,0,0.0002999700029997,0,0,0.0007999200079992,0.0001999800019998,0,0,0,0,0.0054994500549945,0,0,0,0,0,0,0,0,0.0002999700029997,0,0.0008999100089991,0,9.99900009999e-05,0,0,0,0,0.0045995400459954,0.0264973502649735,0,0,0,0,0,0,0,0,0,0,0,9.99900009999e-05,0.0206979302069793,0,0.0002999700029997,0,0,0,0,0,0,0,0,0,0.0002999700029997,0,0,0,0,0,0.0007999200079992,0,0,0,0,0.0010998900109989,0,0.008999100089991,9.99900009999e-05,0,0,0.0027997200279972,0.0040995900409959,0,0,0,9.99900009999e-05,0,0,9.99900009999e-05,0,0.0066993300669933,0,0,0.116588341165883,0,0,0,0,0,0,0,0,0,0,0,0.0026997300269973,9.99900009999e-05,0,0,0,0,0,0,0,0,0,0.000999900009999,0,0,0,0.0021997800219978,0,0,0.0005999400059994,0,0,0,0,0,0.0076992300769923,0,0,0.00999900009999,0,0,0,0,0,0.0004999500049995,0.174582541745825,0,0,0.0316968303169683,0,0,0,0,0,0.0014998500149985,0.0042995700429957,0,0,0,0,0.0003999600039996,0,0,0,0,0.0117988201179882,0
0,0,0,0,0.000599820053983805,0,0.000199940017994602,0,0,0.000199940017994602,0,0.000199940017994602,9.99700089973008e-05,0,0.00209937018894332,0.00229931020693792,0.00539838048585424,9.99700089973008e-05,0.000899730080975707,0,0.00719784064780566,0.00869739078276517,0,0.00209937018894332,0,0.0578826352094372,0.000199940017994602,0,0.00189943017094872,0.00809757072878137,0.0340897730680796,0,0,0.0158952314305708,0,0,0.00239928021593522,0.0107967609717085,0.00569829051284615,9.99700089973008e-05,0,0.00469859042287314,0,0,0,0.00599820053983805,0,0,0,0,0,0.00809757072878137,0.000199940017994602,0,0,0,0,0.000499850044986504,0,0,0.000399880035989203,0,0,0,0,0.00149955013495951,0.00749775067479756,0.00809757072878137,0,0,0.0117964610616815,9.99700089973008e-05,0,0.00129961011696491,0,0.0145956213136059,0,0,0,0.00599820053983805,0,0,0.000899730080975707,0,0.00389883035089473,9.99700089973008e-05,0.0209937018894332,0,0.000299910026991902,0.0116964910526842,0,0.000499850044986504,0.00269919024292712,0,0,9.99700089973008e-05,0,0,0.00619814055783265,0,0,0,0,0,0,0,0,0.157352794161751,0,0,0.00419874037788663,0,0,0.00469859042287314,0.000599820053983805,0.000199940017994602,0,0,0.00829751074677597,0,0,0,0,0.000499850044986504,0.00369889033290013,0,0,0,9.99700089973008e-05,0,0,0.0239928021593522,0,9.99700089973008e-05,0,0,0.0477856643007098,0,0.000599820053983805,0,0.000399880035989203,0.000299910026991902,0,0,0,0,0.000599820053983805,0,0.000599820053983805,0.000999700089973008,0.000899730080975707,0.00629811056682995,0,0,0,0,9.99700089973008e-05,0,0,0.000299910026991902,0,0.00179946016195141,0,0.0140957712686194,0,0,0.000599820053983805,0,0,0.00209937018894332,0,0,0,0,0,0,0.00259922023392982,0.0196940917724683,0,0,0,0.000499850044986504,0.000399880035989203,0,0.00119964010796761,0,0,0,0,0.00519844046785964,0,0.0166949915025492,9.99700089973008e-05,0,0,0,0,0,0.00139958012596221,0.000799760071978406,0,0.00139958012596221,0,0,0,0.000399880035989203,0.000599820053983805,9.99700089973008e-05,0,0.000199940017994602,0.000299910026991902,0.00489853044086774,0,0.00189943017094872,0.000799760071978406,0.00599820053983805,0,0,0.0214935519344197,0,0.0222933120063981,0,0,0,0,0,0,0,0,0,0.0183944816555034,0,0.00169949015295411,0.000499850044986504,0,0,0.000199940017994602,0,0.000599820053983805,0,0.000199940017994602,0.0131960411876437,0,0,9.99700089973008e-05,0,0,0,0,0,0,0.000699790062981106,0.00169949015295411,0,0.000299910026991902,0.000399880035989203,0.00299910026991902,0,0.000899730080975707,0.00369889033290013,0,0,0,0,9.99700089973008e-05,0,0,0,0,0,0,0.00499850044986504,0.00719784064780566,0,9.99700089973008e-05,0,0,0,0.000999700089973008,0.247925622313306,9.99700089973008e-05,0,0.00829751074677597,0,0,0,0,0,0,0,0,0,0,0,0,0,0.000299910026991902,0,0,0.00889733080075977,0
0.0005999400059994,0.0006999300069993,0,0,0,0,0,0,0,0,0.0008999100089991,0.0015998400159984,9.99900009999e-05,0,0.0067993200679932,0.0012998700129987,0.0018998100189981,0,0,0,0,0,0,0.0006999300069993,0,0,0,0,0.0053994600539946,0.0003999600039996,0.0120987901209879,0,0.0007999200079992,9.99900009999e-05,0,0,0.0018998100189981,0.0052994700529947,0.0004999500049995,0.0002999700029997,0.0002999700029997,0.0064993500649935,0,0,0,0,0,0,0,0,0.0002999700029997,0,0.0002999700029997,9.99900009999e-05,0,0.0003999600039996,0.0002999700029997,0,0.0008999100089991,0.0005999400059994,0,0,0,0.0091990800919908,0,0,0,0,0,0,0,0,0,0,0,0.0020997900209979,0.0002999700029997,0.0004999500049995,0,0.0005999400059994,0,0.0021997800219978,9.99900009999e-05,0,0,0.0006999300069993,0.022997700229977,0,0.0006999300069993,0.0002999700029997,0,0.0003999600039996,0.0181981801819818,0,0.0068993100689931,0.0005999400059994,0,0,0,0,0,0.0264973502649735,0,0,0,0,0,0.0087991200879912,0,0,0.0161983801619838,0,0,0,0,0.0001999800019998,0,0.0008999100089991,0.0016998300169983,0,0,0,0.0033996600339966,0,0.0102989701029897,0,0,0.0024997500249975,0,0,0,0,0.0005999400059994,0.0001999800019998,0.0001999800019998,0,0.0434956504349565,0.0012998700129987,0.0003999600039996,0,0.0063993600639936,0.0055994400559944,0.0030996900309969,0.0004999500049995,0,0.0015998400159984,0.0096990300969903,0,0.0002999700029997,0,0.0008999100089991,0,0,0,0,0,0,0,0,0,0,0.0020997900209979,0,0,0,0,0.0013998600139986,0,0,0.0011998800119988,0,0.0064993500649935,9.99900009999e-05,0,0,0,0.004999500049995,9.99900009999e-05,0,0,0,0,0,0,0.0001999800019998,0.0047995200479952,0,0,0,0,0.0003999600039996,0.0005999400059994,0.0004999500049995,0,0,0,9.99900009999e-05,0,0,0,0,0.0197980201979802,0,9.99900009999e-05,0,0.0006999300069993,0.0006999300069993,0.0001999800019998,9.99900009999e-05,0.0006999300069993,0,0,0,0,0.0001999800019998,0.0171982801719828,0,0.0007999200079992,0.0073992600739926,0,9.99900009999e-05,0,0,0,0,0,0,0,0,0,0,0.0020997900209979,0.0032996700329967,0.0247975202479752,0,0,0,0.0012998700129987,0.0011998800119988,0.0150984901509849,0,0.001999800019998,0,0,0.0001999800019998,0,0,0.005999400059994,0,0,0,0,0.0034996500349965,9.99900009999e-05,0.0002999700029997,0.000999900009999,0,0,0,0,0,0,0,0.0038996100389961,9.99900009999e-05,0,0,0,0.0117988201179882,0.348665133486651,0.0022997700229977,0,0.150884911508849,0.0003999600039996,0,0,0,0,0.0007999200079992,0.0506949305069493,0,0.0220977902209779,0.0045995400459954,0,0,0,0,0,0,0,0,0,0,0,0.0012998700129987,0,0.0084991500849915,0,0,0.0003999600039996,0
0,0,0,0,0,0,0,0,0,0,0,5e-04,1e-04,0.0095,0.0013,0,0,1e-04,0,0,0,0,0,0,0,0.2906,0,0.0011,0.004,0,0.0023,0,0,1e-04,0,0,0.0037,0.0149,0,0,0,0.0072,0.0342,0,0.0019,0.1959,0,0,0,0,0,0,0,0,0,0,0,4e-04,0.0031,0.0104,0,8e-04,0,0,0,4e-04,0.0255,4e-04,0,0,7e-04,0,0,0,0,0,0,0,0,0.0209,0,0.0048,0,0,0.0052,1e-04,0.0018,0,6e-04,1e-04,0,0.0014,0,0,0,4e-04,0,0,0.0011,0,0,0,0,0,0,0,0,0.0369,7e-04,0,0.0137,0,0,1e-04,6e-04,0,0,5e-04,0.0035,0,0,0,0.0019,2e-04,0.0018,0.0041,0,0.0296,0,0,0,0.0069,0,0.0012,0,0,7e-04,0,9e-04,0,0.0025,3e-04,9e-04,0,0,0,0,0,0,3e-04,7e-04,0.0057,0,0,1e-04,0,0,0,0,0,0,0,0,0,0,0,0,0,0,0,0,0,0,0,0,0,0,0,0.0017,0,0,0,0,0,0,0,0,0,0,0,0,0.0026,1e-04,0,0,0,0,0,0,0,0.0279,0,0,0,0,0,0,0,0,0,0,0,0.0123,0,0,0,0.0019,0,0.0072,0,0,0,0,0,0,0,0,0,6e-04,0,0.0025,0,0.0027,0.0149,0,0,0,0,0,4e-04,0,0.0122,0,0,0,0,0,0,0.0012,0,0,0,0,0,0,0,0,0,0,0,0.0011,0,0,0,0,0,0,0,0,0.0066,0,0,0.0996,5e-04,2e-04,0,5e-04,0,0,0.0261,0,0,0,0,0,0,0,2e-04,0.0167,0,0,0,0,0,8e-04,0,2e-04,0,0,0,0
0,0,0.0001999600079984,0,0,0,0,0,0,9.99800039992002e-05,0,0,0,0,0.0001999600079984,0,0,0.000399920015996801,0.000899820035992801,0,0,0.0013997200559888,0,0,0,0.162967406518696,0,0,0.0001999600079984,0,0,0,0,0,0,0,0.000399920015996801,0,0,0,0,0,0,0,0,0.00999800039992002,0,0.000799840031993601,0,0,9.99800039992002e-05,0,0.0002999400119976,0,0,0.0002999400119976,0,0,0,0.017996400719856,0.0002999400119976,0.000799840031993601,0,9.99800039992002e-05,0,0,0.00439912017596481,0,0,0.0002999400119976,0.000399920015996801,0,0,0,0,0,0,0,0.0011997600479904,0.0202959408118376,0,0,0.000399920015996801,0.0001999600079984,0.00959808038392321,0.0001999600079984,0,0.0001999600079984,0,0,0,0.0001999600079984,0,0,0,0,0,0,0,0,0.0013997200559888,0,0,0,9.99800039992002e-05,0,0,0.457208558288342,0,0,0,0,0,0.0023995200959808,0,0.000799840031993601,0,0,0.00249950009998,0,0,0,0,9.99800039992002e-05,0,0.0363927214557089,0,0,0.000699860027994401,0,0,0,0,0.000499900019996001,0,0,0.000699860027994401,0,9.99800039992002e-05,0,0.00379924015196961,0,0,0,0,0,0.001999600079984,0.0010997800439912,0,0,0.000799840031993601,0,9.99800039992002e-05,0.000499900019996001,0,0,0,9.99800039992002e-05,0.0175964807038592,0,0,0,0,0,0,0,0,0,0,0,0,0,9.99800039992002e-05,0,0,0,0,9.99800039992002e-05,0.00729854029194161,0.00479904019196161,0,0,0,0,0,0,0,0,0,0,0,0,9.99800039992002e-05,0,0,0,0,0,0,0,0,0,0,0.0020995800839832,0,0.0023995200959808,0.001999600079984,0,0,0,0,0,0.0001999600079984,0,0.000399920015996801,0,0.0120975804839032,0.0030993801239752,0,0.0002999400119976,0,0.000499900019996001,0,0.000599880023995201,9.99800039992002e-05,0,0,0,0.00359928014397121,0,0.0027994401119776,0,0,0.0404919016196761,0,0,9.99800039992002e-05,0,0,0,0,0,0,0,9.99800039992002e-05,0,0,0,0,0,0,0.0010997800439912,0,0,0.0002999400119976,0.0023995200959808,0.000699860027994401,0,0.0031993601279744,0.0018996200759848,0.000799840031993601,0,0,0,0,0.0001999600079984,0,0,0,0.002999400119976,0,0,0.00659868026394721,0.0016996600679864,0,0,0,0,0,0.12627474505099,0,0,0,0,0,0,0,0,0.000899820035992801,0.00249950009998,0,0,0,0,0,0,0,0,0,0.0013997200559888,0
0,0,0,0,0,0,9.99800039992002e-05,0.0108978204359128,0,0,9.99800039992002e-05,0,0,0,0,0,0,0,0,0,0,0,0,9.99800039992002e-05,0,0.000599880023995201,0,0,0,0.002999400119976,0.00369926014797041,0,0,0.0016996600679864,0,0,0.0015996800639872,9.99800039992002e-05,0.0001999600079984,0,0,0,0,0,0,0.00449910017996401,0,0,0,0,0.000699860027994401,0,0,0,0,0,0,0,0,0,0,0,0,0,0,0,0.0278944211157768,0,0.000399920015996801,0.0030993801239752,0,0,0,0,0,0,0,0,0,0,0,0,0.000399920015996801,0,0,0.0002999400119976,0,0,0,0.00489902019596081,0.135172965406919,0.000599880023995201,0.0157968406318736,0,0,0,0,0,0,0,0,0.001999600079984,0,0,0,0,0.0296940611877624,0.022995400919816,0,0,0,0,0,0,0,0,0,0,0.00689862027594481,0,0,0,0,0.028994201159768,0.0132973405318936,0,0,0,0,0,0,0,0,0,0,0,0.148170365926815,0,0,0,0.000999800039992002,0,0,0,0,0,9.99800039992002e-05,0,0,0,0,0.00869826034793041,0,0,0,0,0.0001999600079984,0,0,0,0,0,0,0,0,0,0,0,0,0,0,0,0,0,0,0,0,0,0.0358928214357129,0,0,0,0,0,9.99800039992002e-05,0,0,0,0,0,0,0,0,0,0,0,0.0016996600679864,0,0,0,0,0,0,0.0353929214157169,0,0,0,0,0,0.000699860027994401,0,0,0,0,0,0,0,0,0.0247950409918016,0,0.018496300739852,0,0,0,0,0,0,0,0,0,0,0,0,0.0312937412517496,0,0,0,0,0,0.000699860027994401,0,0,0,0,0,0,0,0,0,0,0,0,0.0001999600079984,0,0.0020995800839832,0,0,0,0,0,0,0,0,0,0.0012997400519896,0,0,0,0,0.125074985002999,0,0,0.0297940411917616,0,0,0,0,0,0,0.205258948210358,9.99800039992002e-05,0,0.00619876024795041,0,0,0.0001999600079984,0,0,0,0,0,0,0,0,0,0,0.000699860027994401,0,0,0.0020995800839832,0
0,0,0,0,0,0,0.000900180036007201,0.0001000200040008,0,0,0,0,0,0,0.003000600120024,0,0,0,0,0,0.0011002200440088,0.00520104020804161,0,0,0,0.0263052610522104,0,0,0.000500100020004001,0,0.018503700740148,0,0,0.0346069213842769,0,0,0.0108021604320864,0.0306061212242448,0,0,0,0,0,0,0,0.0182036407281456,0,0,0,0,0,0,0,0,0,0,0,0,0,0.0146029205841168,0,0.0003000600120024,0,0,0,0,0,0,0,0,0.00850170034006801,0,0,0,0,0,0,0,0,0,0,0,0,0,0,0,0,0,0,0.00390078015603121,0,0,0.0003000600120024,0,0,0.0001000200040008,0,0,0,0,0,0,0,0,0,0,0,0.0766153230646129,0,0,0,0,0,0,0,0,0,0,0.0111022204440888,0,0,0.0014002800560112,0,0,0.0349069813962793,0,0,0,0,0,0,0.00890178035607121,0,0,0,0,0.00250050010002,0,0,0,0.318163632726545,0,0,0,0,0,0,0,0,0,0,0.0132026405281056,0,0,0,0,0,0,0,0.013002600520104,0,0,0,0,0,0,0,0.0001000200040008,0,0,0.0012002400480096,0,0,0,0,0,0,0,0.00570114022804561,0,0,0,0,0,0,0,0,0,0,0,0,0.0364072814562913,0.0001000200040008,0,0,0.0001000200040008,0,0,0,0,0,0,0,0,0.0002000400080016,0,0,0,0,0,0,0,0.0014002800560112,0,0.0003000600120024,0,0.0125025005001,0.0387077415483097,0,0,0,0,0,0,0,0,0,0,0.0028005601120224,0,0.0294058811762352,0,0,0.00960192038407682,0,0,0,0,0.0003000600120024,0,0,0,0,0,0,0.0022004400880176,0,0,0,0,0,0,0.00730146029205841,0,0,0,0.0022004400880176,0,0,0,0,0,0,0,0,0,0,0,0,0.0011002200440088,0,0,0,0,0.0001000200040008,0,0,0,0.000900180036007201,0.0528105621124225,0,0,0.137227445489098,0,0,0,0,0,0,0,0,0,0,0,0,0,0,0,0,0,0
0,0,9.99200639488409e-05,0,0,0,0,0,0.00679456434852118,0.000799360511590727,0,0.000199840127897682,0,0,0.00919264588329336,0.0016986410871303,0,0,0,0,0.0109912070343725,0.000799360511590727,0,0,0.00109912070343725,0.124000799360512,0,0,0.00689448441247002,0.000499600319744205,0,0,0,0.00299760191846523,0.000599520383693046,0,0.0172861710631495,0.0060951239008793,0.000199840127897682,0,0,0.00329736211031175,0.0423661071143086,0.00469624300559552,0,0.0380695443645084,0,9.99200639488409e-05,0,0,0.000299760191846523,0,0.000699440447641887,0,0.000599520383693046,0,0,0,0,0.00519584332533973,0,0.00209832134292566,0,0.000499600319744205,0,0,0.00499600319744205,0,0,0,0.00349720223820943,0,0,0,0,0,0.000199840127897682,0.000199840127897682,0,0.00339728217426059,0.00189848121502798,0.00259792166266986,0.00119904076738609,0.000399680255795364,0.0148880895283773,0.00109912070343725,0,0.00959232613908873,0.000299760191846523,0.00269784172661871,0,0.00119904076738609,0.00629496402877698,0,0,0.00159872102318145,0,0,0,0,0.0016986410871303,0.00529576338928857,0,0,0.000299760191846523,0.000599520383693046,0.0182853717026379,0.0440647482014388,0,0,0,0.0116906474820144,0,0.000599520383693046,0,0,0,0,0.00549560351718625,0,0,0,0,0,0.004396482813749,9.99200639488409e-05,0,0,9.99200639488409e-05,0,9.99200639488409e-05,0,9.99200639488409e-05,0,0,0,0.00559552358113509,0.000299760191846523,0.000399680255795364,0,0.000999200639488409,0.00289768185451639,0.00229816147082334,0,0,0,0.000299760191846523,0.00129896083133493,0,0,0.00249800159872102,0.0128896882494005,0,0.000199840127897682,9.99200639488409e-05,0,0,0,0.000599520383693046,0.0116906474820144,0,0.000399680255795364,9.99200639488409e-05,9.99200639488409e-05,0,0,0.000299760191846523,0,0.000499600319744205,0,0.000799360511590727,0,0,0,0,0.000399680255795364,0.0021982414068745,0.000599520383693046,0.00159872102318145,0,0,0,0.000199840127897682,0,0,0.00209832134292566,0,0,0.000499600319744205,0,0,0,9.99200639488409e-05,0,0,0,0.000599520383693046,0.00379696243005596,0,0,0,0,9.99200639488409e-05,0.00109912070343725,0,0.00119904076738609,0.000299760191846523,0.000199840127897682,0.000299760191846523,0.00549560351718625,0,0,9.99200639488409e-05,0,0.000299760191846523,0,0.00939248601119105,0.00239808153477218,0.00469624300559552,0,0,0.000199840127897682,0,0.0117905675459632,9.99200639488409e-05,0,0,0,0.0021982414068745,0,0.0319744204636291,0,0.0016986410871303,0.100719424460432,0,0,0.000699440447641887,0,0.000699440447641887,0.000599520383693046,0,0.0336730615507594,0.0117905675459632,0,0,0,0,0,0,0.000299760191846523,0.00459632294164668,9.99200639488409e-05,0.0021982414068745,0,0.00109912070343725,0.000399680255795364,0.000199840127897682,0,9.99200639488409e-05,0,0.000499600319744205,0,0,0.000199840127897682,0.00189848121502798,0,0,0.00479616306954436,0,0.00119904076738609,0.000599520383693046,0.00209832134292566,0.0146882494004796,0.000399680255795364,0,9.99200639488409e-05,0,0.000699440447641887,0.000999200639488409,0.228717026378897,0,9.99200639488409e-05,0.0117905675459632,0,0,0,0,0,0,0.000599520383693046,0,0,0,0,0.000699440447641887,0,0.000399680255795364,0.000399680255795364,9.99200639488409e-05,0.00489608313349321,0
0,0,0,0,0,0,0,0.002,0,0,0,0,0,0,0.0046,2e-04,0,0,0,1e-04,4e-04,0.0039,0,0,0,0.0012,0,0,0,6e-04,0.0318,0.0395,0,0.0021,0,0,2e-04,0,4e-04,1e-04,0,0,0.0275,9e-04,0,0.0042,0,0,0,0,0.0022,0,3e-04,0,0.0026,0,0,0,0,0.0088,0,0.0044,0,4e-04,0,0,0.0223,0,0,0.0148,0.0022,0,0,2e-04,0,0,0,0,0,0.0344,0,0,0,0,1e-04,0,0,0,7e-04,0.0077,0,0.0029,0.0013,0,0,0,0,0,0.0033,0,0.0017,0.0061,0,0,0,0,0,0.0275,0,0,0.0029,2e-04,0,0.0011,0,0,0,0,0.0066,0,0,0,0,3e-04,5e-04,0,0,0,0,0,0,0.014,0,0,0,0,0,0.001,0.0063,0,0,0.0033,0.0013,0,0,0,0,0,2e-04,0.0017,1e-04,3e-04,0,0,0,0,0,0,0.0326,0,0,0.001,2e-04,0.0255,0,1e-04,4e-04,0,0,0,0,0,5e-04,0,0,0,0,0.0029,0.0055,0,0,0,0.0033,2e-04,0,0,0,0,0,0,0,0.0117,0,0,0,0,0,0,0,0,0,0,0,0.0035,0,0.0226,5e-04,0,2e-04,0.0022,0,0,0,0,4e-04,0,0.0102,0,0.012,4e-04,1e-04,0.0019,0,0,0,1e-04,0,0,1e-04,0,6e-04,0,0.0019,0.3046,8e-04,0,0.0015,0,0,0.0089,0,0.0041,0,0,0.002,0,0,0,0,0,5e-04,0,0,0,0.003,0.0073,0.0019,0,0,0,0,0,2e-04,7e-04,1e-04,0,0,0,0,0.0537,0.0014,0,0.0049,0,0,0,0,0,0,0.1413,0,0,0.0013,0,0,0,1e-04,0,0,0,0,0,0,0,0.003,0,0.007,0,0,0.0077,0
0,0,0,0,0,0,0,0,0,0,0,0,0,0,0,0,0,0,0,0,0,0,0,0,0,0.1715,0,0,0,0,0,2e-04,0,0,0,0,0,0,0,0,0,0,0,0,0.0017,6e-04,0,0,0,0,0,0,0,0,0,0,0,0,0,0.0287,0,0,0,0,0,0,0,0,0,0,0,0,0,0,0,0,0,0,0,0,0,0,0,0,3e-04,0,0,0,0,0.0012,0,0,0,0,0,0,0,0,0,0,0,0,0,0,0,0,0,0.1884,0,0,0,0,0,0.0329,0,0,0,0,0,0,0,0,0,4e-04,0.0077,0,0,0,0,0,0,0.0013,0,0,0,0,0.0896,0,0,0,0.0183,0,3e-04,0,0,0,0,0,0,0,0.0089,0,0,0,0,0,0,0,0,0,0,0,0,0,0,0,0,0,0,0,0,0,1e-04,0,0,0,0,0,0,0,0,0,0,0,0,0,3e-04,0,0,0,0,0.0062,0,0,0,0,0,0,0,0,0.0021,0,0,0.2614,0,0,0,0,0,0,0,0,0,0,3e-04,0,0,0,0,0,0,0,0,0,0,0.0022,0,0,0,0,0,0,0,0,0,0,0,0,0,0,0,0,0,0,0,0,0,0,4e-04,0,0,0,0,0,0,0,0,0,0,0,0,0,0,0,0,0,0,0,0,0.0179,0,0,0.0513,0,0,0,0,0,0,1e-04,0,0,0.0994,0,0,0,0,0,0,0.0049,0,0,0,0,0.0014,0,0,0,0,0,0
0,0,0,0,0,0,0,0.00549835049485154,0,0,0,0,9.99700089973008e-05,0,0.000799760071978406,0,0.00309907027891633,9.99700089973008e-05,9.99700089973008e-05,0,0,0.00909727081875437,0,0.000199940017994602,0,0.153154053783865,9.99700089973008e-05,0,0.00589823053084075,0.000599820053983805,0.0178946316105168,0,0,0.00119964010796761,0,0,0.000699790062981106,0.0449865040487854,0,0,0,0,0,0,0,0.0244926522043387,0,0.000399880035989203,0,0,0.000399880035989203,0,9.99700089973008e-05,0,0.00299910026991902,0,9.99700089973008e-05,0,0,0.0180945716285114,0,0.00579826052184345,0,0.00809757072878137,0,0,0.00479856043187044,0,0,0,0.00159952014395681,0,0.000699790062981106,0.00109967009897031,0,0.0196940917724683,0,0,0,0.00809757072878137,0,0,0.00449865040487854,0,0.0646805958212536,0,0.0159952014395681,0,0,0.0158952314305708,0,0.000199940017994602,0.000199940017994602,0.00289913026092172,0,0,0,0,0,0,0,0,0,0,0,0,0,0.0203938818354494,0,0,0.00119964010796761,0,0,0.0204938518444467,0.000699790062981106,0,0,0,0.0100969709087274,0,0,0,0,0,0.00369889033290013,0,0,0,0,0.00199940017994602,0,0.068779366190143,0,0,0,0.00259922023392982,0.000599820053983805,0.000699790062981106,0.000499850044986504,0,0.000599820053983805,0.000399880035989203,0,0,0,0,0.00469859042287314,0,0,0.000399880035989203,0.00489853044086774,0,0,0.000599820053983805,0,0,0.00109967009897031,0,0,0.00449865040487854,0,0.000899730080975707,0,0,0,0,0.000499850044986504,0,0,0.00209937018894332,0,0,9.99700089973008e-05,0,0,0,0.00119964010796761,0.0113965810256923,0.0124962511246626,0,0,0.000499850044986504,0,0,0,0,0,0,0,0,0,0,0.000199940017994602,0,0,0,0,0,0,0,0,0.00239928021593522,0,9.99700089973008e-05,0,0.00259922023392982,0.00309907027891633,9.99700089973008e-05,0.000199940017994602,0,0,0,0,0,0.000299910026991902,0,0,0.00409877036888933,0.000499850044986504,0,0.00649805058482455,0,0,0,0,0,0,0,0.00549835049485154,0,0.021593521943417,0,0.00159952014395681,0.0268919324202739,0,0,0.000299910026991902,0,0,0.00109967009897031,0,0.0137958612416275,0,0,0,0,0,0,9.99700089973008e-05,0,0,0.000399880035989203,0,0,0.00329901029691093,0.000699790062981106,0.000599820053983805,0,0.000999700089973008,0.000399880035989203,0,0,0.00119964010796761,0.00359892032390283,9.99700089973008e-05,0,9.99700089973008e-05,0,0,0.000399880035989203,0,0,0.011296611016695,0,0,0,0,0.000299910026991902,0.000999700089973008,0.226632010396881,0,0,0.0199940017994602,0,0,9.99700089973008e-05,0,0,0.00179946016195141,0,0,0,0,0,0.00539838048585424,0,0.000299910026991902,0,0,0.00789763071078676,0
0,9.99700089973008e-05,0,0,0,0,0,0,0,0,0,0,9.99700089973008e-05,0,0.00149955013495951,0,0,0,0.000399880035989203,0,0,0.00169949015295411,0,9.99700089973008e-05,0,0.244226731980406,0,0,0.000299910026991902,0.00429871038688393,9.99700089973008e-05,0,0,0.00169949015295411,0,0,0.000499850044986504,0,0,0,0,0.000599820053983805,0.0227931620513846,0,0.00279916025192442,0.00149955013495951,0,0,0,0,0,0.000399880035989203,0,0,0,0,0,0,0.000199940017994602,0,0,0,0,0,0,0.000399880035989203,0.0113965810256923,0.000499850044986504,9.99700089973008e-05,0,0.000399880035989203,0,0,0,0,0,0,0,0,9.99700089973008e-05,0,0,9.99700089973008e-05,0,0,0.000399880035989203,0,0,0.000299910026991902,0.000199940017994602,0,0.00239928021593522,0.00199940017994602,0,0,0,0.00339898030590823,0,9.99700089973008e-05,0,0.00419874037788663,0.00119964010796761,0,0,9.99700089973008e-05,0,0,0.168249525142457,0,0,0,0,0,0.00279916025192442,0,0,0,0.00109967009897031,0.0116964910526842,0,0,0,0.00349895031490553,9.99700089973008e-05,0,0,0,0,0,0,0.000199940017994602,0.00109967009897031,0,0,0,0,0.000999700089973008,0,0,0,0.0484854543636909,0,0.000899730080975707,0,0,0,0,0,0,0,0.000499850044986504,0,0,0,0,0,0,0,0,9.99700089973008e-05,0,0,0,0,0,0,0,9.99700089973008e-05,0,0,0,0,0.224132760171948,9.99700089973008e-05,0,0,0,0,0.0183944816555034,0,0,0.000299910026991902,0,0,0,0,0,0,0,0,0.000599820053983805,0.00419874037788663,9.99700089973008e-05,0,0,0,0,0,0,0,0,0,0,0,0,0.00129961011696491,0,0,9.99700089973008e-05,0.000299910026991902,0,0,0,0,0,0,0,0,0.0546835949215235,0,0,0,0,0,0,0,0,0,0.00209937018894332,9.99700089973008e-05,0.00439868039588124,0,0,9.99700089973008e-05,0,0,0,0,0,0.00119964010796761,0,0,0,0,0.000199940017994602,0,0.00119964010796761,0,0,0,0,0,0,0,0,0,0.00309907027891633,0,0,9.99700089973008e-05,0,0,0,9.99700089973008e-05,0,0,0,0,0,0.0473857842647206,0,0,0.0505848245526342,0,0.000199940017994602,0,0,0,0,0.0198940317904629,0,0,0.00109967009897031,0,0,0.00109967009897031,0,9.99700089973008e-05,0,0,0.00549835049485154,0,0,0,0.000599820053983805,9.99700089973008e-05,9.99700089973008e-05,0,0,0.00609817054883535,0
0,0,0,0,0,0,0,0,0,0,0,0.0002000400080016,0,0.0107021404280856,0.0001000200040008,0,0,0,0,0,0.00580116023204641,0.000800160032006401,0,0,0,0.192838567713543,0,0,0,0,0,0,0,0.0179035807161432,0,0,0,0.0002000400080016,0,0,0,0,0,0.0104020804160832,0,0.0525105021004201,0,0,0,0,0.0001000200040008,0,0,0,0.001000200040008,0,0,0,0,0.00400080016003201,0,0.0002000400080016,0,0,0,0,0.0417083416683337,0,0,0,0.000600120024004801,0,0,0.0029005801160232,0,0,0,0,0,0.0024004800960192,0,0,0,0,0.025505101020204,0.000800160032006401,0,0,0,0.0019003800760152,0,0,0,0,0,0,0,0,0.00350070014002801,0,0.001000200040008,0,0,0,0.0002000400080016,0,0,0.136527305461092,0.0013002600520104,0,0,0,0,0.00720144028805761,0,0,0,0,0.0161032206441288,0,0,0,0,0.002000400080016,0.0001000200040008,0.0197039407881576,0,0,0,0,0,0.0268053610722144,0,0,0,0,0.0001000200040008,0,0,0,0,0,0,0,0,0,0,0.000400080016003201,0,0,0.0029005801160232,0,0,0,0,0,0,0,0.00710142028405681,0.0101020204040808,0,0,0,0.0306061212242448,0,0,0,0,0,0,0,0,0.0001000200040008,0,0,0,0,0.0011002200440088,0.0136027205441088,0,0,0,0,0.00400080016003201,0,0,0,0,0.00860172034406881,0,0,0.0152030406081216,0,0,0,0,0,0,0,0,0,0,0,0,0,0.00520104020804161,0.0002000400080016,0,0,0,0,0,0.003000600120024,0,0.0013002600520104,0,0.00510102020404081,0,0,0.000500100020004001,0,0.0029005801160232,0.00470094018803761,0,0,0,0,0,0.002000400080016,0.0011002200440088,0.0144028805761152,0,0,0.0549109821964393,0,0,0,0,0,0.0003000600120024,0,0,0,0,0,0,0,0,0,0,0.003000600120024,0,0,0,0,0.0011002200440088,0.000500100020004001,0,0,0,0.0002000400080016,0,0,0,0,0,0,0,0,0.0028005601120224,0.0016003200640128,0.00910182036407282,0.0119023804760952,0,0,0,0,0,0,0.17253450690138,0,0,0.0168033606721344,0,0,0,0,0,0.0017003400680136,0.000600120024004801,0,0,0,0,0.0002000400080016,0,0,0,0,0.001500300060012,0
0.000699720111955218,0,0,0,0,0,0,0,0,0,0,0.000699720111955218,0,0,0.00329868052778888,0,0,0,0,0,0,0.00339864054378249,0,0.0163934426229508,0,0.240103958416633,0,0,0.0473810475809676,0.00159936025589764,0.0315873650539784,0,9.99600159936026e-05,0.00949620151939224,0,0,0,0,0,0,0,0.00279888044782087,0.032686925229908,9.99600159936026e-05,0,0,0,0,0,0,0,0,0,0.000599760095961615,0,0,0,0,0,0,0,0,0,0,0,0,0,0.00499800079968013,0.000199920031987205,0,0,0,0,0,0,0,0,0,0,0,0,0.00039984006397441,0.00239904038384646,0,0,9.99600159936026e-05,0.109456217512995,0,0.00309876049580168,0.00039984006397441,0,0,0.108256697321072,0,0,0.0256897241103559,0,0,0,0,0.00299880047980808,0,0,0,0,0,0,0,0,0,0.00499800079968013,0,0,9.99600159936026e-05,0.000199920031987205,0,0,0.00289884046381447,9.99600159936026e-05,0.00189924030387845,0,0,0.00509796081567373,0,0.00749700119952019,0,0,0.0359856057576969,0,0,0,0,0,0,0,0.00159936025589764,0.0741703318672531,0,0,0,0.00189924030387845,0,0.00469812075169932,0,0.000599760095961615,0.0108956417433027,0,0,0,0,0,0,0,0,9.99600159936026e-05,0,0,0,0,0,0,0,0,0,0,0,0.00169932027189124,0,0,0.00129948020791683,0,0,0,0,0.0102958816473411,0,0,0,9.99600159936026e-05,0,0,0,0,0,0,0.00039984006397441,0,0,0,0,0,9.99600159936026e-05,0.000199920031987205,0,0,0,0,9.99600159936026e-05,0,0,0,0,0,0,0,0.00459816073570572,0.000299880047980808,0.000199920031987205,0,0.00259896041583367,0,0,0,0,0,0.00169932027189124,0.00039984006397441,0,0,0,0,0,0,0.000699720111955218,0,0,0,0,0,0,0,0,0.0037984806077569,0,0,0.000199920031987205,0,0,0,0.000299880047980808,0,0.00209916033586565,0,0,0,0,0,0,0,0,0,0,0.00079968012794882,0.00509796081567373,0,0.000199920031987205,0,0,0,0,0,0,0,0.00249900039984006,0,0.00039984006397441,0,0,9.99600159936026e-05,0.0187924830067973,0,0,0.0151939224310276,0,0,0,0,0,0,0.116653338664534,0,0,0.00109956017592963,0,0,0.00209916033586565,0,0,0,0,0,0,0,0,0.000999600159936026,0,0.000499800079968013,0.00279888044782087,0,0,0
0,0,0,0,0,0,1e-04,0,0,0,0,0,0,0,0.0161,0,0.0177,0,0,0,0,1e-04,0,0,0,0.11,0,0,0.0031,0,0,0,0,0.0014,0,0,0,0.0026,0,0,0,0,0.0194,2e-04,0,1e-04,0,0,0,0,0,0,0,0,0,0,0,0,0,0.0091,0,0,0,0.0307,0,0,6e-04,0,2e-04,3e-04,0,0,0,0,0,0,0,0,0,0.0012,0,0,0,0,0,0.0111,0,0,0,0.0072,0,0.0513,0.0201,0,0,0.0047,0,0,7e-04,0,0,0.0161,0,0,0,0,0,0.0174,0,0,0.005,0,0,5e-04,3e-04,0,0.0041,0,0.0021,0.0115,0,0,0,8e-04,0.007,0,0,0,0,0,3e-04,0,0,0,0,0,0.004,0,0,0,4e-04,0,8e-04,0,0,0,7e-04,0,0,0,2e-04,0,0,0.0023,1e-04,0,0,0,0,1e-04,0,0,0,0,0,0,0.0049,0,0,0,0,0,0,0,0,0,0,2e-04,8e-04,0,0,0,0,0,0,0,0,0,0,0,0,0.0019,2e-04,1e-04,0,0,0,0,0,0,0,0.0041,0,0.2072,1e-04,0,0,0.003,2e-04,0,0,0,3e-04,0,0,0,1e-04,0,0,0,0.0013,6e-04,0,0,0,0.0028,0,0,2e-04,0,0,0,0,0.2501,0,0,0.0011,0,0,0.0083,0,0.0157,0,0,0,0,0,0,0,0,1e-04,0,0,0,0,0.0233,0,0,0,0,0,0,0,7e-04,0,0,0,0,0,0.0227,0,0,0.0303,0,0,0,0,0,0,5e-04,0,0,0.0197,0,0,0,0,0,0,0,0,0,0,0,0.0032,0,0.0083,0,0,0.0063,0
0,0,0,0,0,0,0,0,0,0,0,0,0,0,0.00779065121853775,0,0.000299640431482221,0,0,0,0.00129844186975629,9.98801438274071e-05,0,0,0,0.000199760287654814,0,0,0.000599280862964443,0.00309628445864962,0.0409508589692369,0,0,0.00769077107471035,0,0,0,9.98801438274071e-05,0,0,0,0,0,0,0,0.00429484618457851,0,9.98801438274071e-05,0,0,0,0,0,0,0,0,0,0,0,9.98801438274071e-05,9.98801438274071e-05,9.98801438274071e-05,9.98801438274071e-05,9.98801438274071e-05,0,0,9.98801438274071e-05,0,0,0.000199760287654814,0,0,0,0.00199760287654814,0,0,0,0,0,0.00119856172592889,0,0,0,0,0.000299640431482221,0,9.98801438274071e-05,0,0,0.0134838194167,0,9.98801438274071e-05,0.0192768677586896,0,0,0,0,0,0,0,0,0.014482620854974,0,0,0,0,0,0.0180783060327607,0,0,0,0,0,0.000898921294446664,0,9.98801438274071e-05,0,9.98801438274071e-05,0.000199760287654814,0,0,0,0,0,0.00759089093088294,0,0,0,0,0,0,0.0153815421494207,0,9.98801438274071e-05,0,0.00469436675988813,0.00209748302037555,0,0,0,0.00219736316420296,0,0.000199760287654814,0,0,0,9.98801438274071e-05,0,0,0,9.98801438274071e-05,0.00129844186975629,0,0,9.98801438274071e-05,0,0.00219736316420296,0,0,0,0,0,0,0,0,0,0,0,0,0,0.000299640431482221,0,0.0430483419896125,0,0,0,0,0,0.00119856172592889,9.98801438274071e-05,0,0,0,0,9.98801438274071e-05,0,9.98801438274071e-05,0,0,0,0,0.00169796244506592,9.98801438274071e-05,0.000199760287654814,0,0,0,9.98801438274071e-05,0,0,0,0,0,0,0.146624051138634,0.000599280862964443,0,0,0.000199760287654814,0,0,0,0,0,9.98801438274071e-05,0,0.00858969236915701,0,0.00858969236915701,0,9.98801438274071e-05,0,0,0,0,0,0,0,0.00249700359568518,0,0,0,0,0.0755093887335198,0,0,9.98801438274071e-05,0,9.98801438274071e-05,9.98801438274071e-05,0,0,0,0,9.98801438274071e-05,0.000499400719137036,0,0,0,0,0,0,0.000898921294446664,0,0,9.98801438274071e-05,0.000998801438274071,0,9.98801438274071e-05,0,0,0,0,9.98801438274071e-05,0,0,0,0,9.98801438274071e-05,0.327207351178586,0,0.000499400719137036,0,0,0,0,0.00539352776667998,0,0.000199760287654814,0.196564123052337,0,0,0.00119856172592889,0.000299640431482221,0,0,0,0,0,0.000599280862964443,0,0,0,0,0,0.000499400719137036,0.000399520575309628,0,0,0.000499400719137036,0
0,0,0,0,0,0,0,0.00439736158305017,0.270437737357585,0,0,0.000199880071956826,0,0.00429742154707176,0,0,0.00429742154707176,0,0,0,0,0.00209874075554667,0,0,9.9940035978413e-05,0,0,0,0,0,0.00239856086348191,0,0,0.00189886068358985,0,0,0,0.0106935838496902,0,0,0,0,0,0.0061962822306616,0,0,0,0,0,0,0,0,0,0,0.00369778133120128,0,0,0,0,0.0540675594643214,0,0,0,0,0,0.000399760143913652,0.0381770937437537,0,0,0,0.00249850089946032,0,0,0.00199880071956826,0.0702578452928243,0,0,0,0,0.0105936438137118,0.00129922046771937,0,0.000899460323805717,0,0.00319808115130921,0,0,0,0,0.000899460323805717,0.000199880071956826,0.00599640215870478,0,0,0,0,0,0,0.000199880071956826,0,0.000399760143913652,0,0,0,0.00119928043174096,0,0.00449730161902858,0.0892464521287228,0,0,0,0,0,9.9940035978413e-05,0,0,0,0,0.00819508295022986,0,0,0,0,0,9.9940035978413e-05,0.0131920847491505,0,0,0,9.9940035978413e-05,0.000199880071956826,0.00559664201479113,0,0.000499700179892065,0,0,0.000199880071956826,0,0,0,0,0,0,0,0,0,0.00479712172696382,0,0,0,0.000399760143913652,0,0,0,0,0,0,0,9.9940035978413e-05,0.00679592244653208,0,0,0,0.0255846492104737,0,0,0.000199880071956826,0,0,0,0,0,0,0,0,0,0,0,0.0267839296422147,9.9940035978413e-05,0.00939436338197082,0,0,0,0.00479712172696382,0,0,0,0.000799520287827304,0,0,0.00239856086348191,0,0,0.000499700179892065,0,0,0.000399760143913652,0,0,0,0,0,0,0,0.0511692984209474,0,0,0,0,0,0,0.000699580251848891,0,0.000499700179892065,9.9940035978413e-05,0.0138916650009994,0.00479712172696382,0.0187887267639416,0.00139916050369778,0,0,0,0.000199880071956826,0,9.9940035978413e-05,0,0,0.000399760143913652,9.9940035978413e-05,0.00869478313012193,0,9.9940035978413e-05,0.0577653407955227,0,9.9940035978413e-05,0.000199880071956826,0,0,0,0,0,0,0,0,0,0,0,0,0.00239856086348191,0,0,0.00289826104337398,0,0.00189886068358985,0,0,9.9940035978413e-05,0.000199880071956826,0,9.9940035978413e-05,0.00469718169098541,0,0.00169898061163302,0,0,0,0,0.000599640215870478,0.0931441135318809,0,0,0.00589646212272636,0,0,0,0,0.00119928043174096,0.000599640215870478,0,0,0,0.000999400359784129,0,0,0,0.004597241655007,0,0,0.000599640215870478,0,0,0,0,9.9940035978413e-05,0,0.00249850089946032,0.00179892064761143,9.9940035978413e-05,0.00379772136717969,0.0030981411153308
0,0,0,0,0,0,0.00430172068827531,0,0,0,0,0,0.000200080032012805,0,0.000500200080032013,0.00860344137655062,0,0,0,0,0,0.00760304121648659,0,0.000700280112044818,0,0.0583233293317327,0,0,0.00340136054421769,0.000600240096038415,0,0,0,0.0146058423369348,0,0,0.000600240096038415,0.0319127651060424,0,0.000200080032012805,0.000200080032012805,0.017406962785114,0,0,0,0.000600240096038415,0,0,0,0.000300120048019208,0,0.000800320128051221,0,0,0,0,0.00110044017607043,0.00190076030412165,0,0.00540216086434574,0,0,0,0,0,0,0,0.00900360144057623,0,0,0,0,0,0,0,0.0438175270108043,0,0,0,0.00670268107242897,0,0,0,0,0,0,0,0,0.00150060024009604,0.0234093637454982,0,0.000300120048019208,0.00100040016006403,0,0,0.000700280112044818,0.141356542617047,0,0,0,0.00520208083233293,0.000900360144057623,0,0,0,0,0,0,0,0,0.00420168067226891,0,0,0.0187074829931973,0,0.000600240096038415,0,0,0.0197078831532613,0,0,0,0,0,0.00430172068827531,0,0,0,0,0,0,0.0502200880352141,0,0,0,0.021608643457383,0.00040016006402561,0,0.00330132052821128,0,0.000500200080032013,0.00140056022408964,0.0039015606242497,0.00100040016006403,0,0,0.00440176070428171,0,0.00100040016006403,0,0.00150060024009604,0,0,0,0,0,0,0.00140056022408964,0,0.0107042817126851,0,0.00100040016006403,0,0,0,0.000300120048019208,0.00430172068827531,0,0,0,0,0.000200080032012805,0.000800320128051221,0,0,0,0.00720288115246098,0.0650260104041617,0,0,0,0.00100040016006403,0,0,0.000600240096038415,0.00920368147258904,0,0,0,0,0,0.0233093237294918,0.00040016006402561,0,0,0,0,0,0.000600240096038415,0.000100040016006403,0,0.0576230492196879,0,0,0,0.000300120048019208,0.00180072028811525,0,0,0.000700280112044818,0.00110044017607043,0,0,0,0.00730292116846739,0.00440176070428171,0,0,0.00640256102440976,0,0,0,0,0,0,0,0,0,0.00110044017607043,0,0,0,0.00450180072028811,0,0,0,0,0,0.00440176070428171,0,0,0.0499199679871949,0,0,0,0,0.000100040016006403,0,0,0,0,0,0,0,0,0.00310124049619848,0.00040016006402561,0,0,0,0,0,0,0.00270108043217287,0.000300120048019208,0,0,0,0,0.00160064025610244,0,0,0.159363745498199,0,0.000100040016006403,0,0,0,0.000500200080032013,0,0,0,0.0118047218887555,0,0,0,0,0.000200080032012805,0,0,0,0,0,0,0.0107042817126851,0,0.00190076030412165,0,0,0.0116046418567427,0
0,0,0,0,0,0,0.0002000400080016,0,0,0,0,0.000900180036007201,0,0.016003200640128,0.00550110022004401,0,0,0,0,0.000400080016003201,0,0.00630126025205041,0,0,0,0.258051610322064,0,0,0,0.0002000400080016,0,0.0309061812362472,0.000400080016003201,0.00820164032806561,0,0,0.0016003200640128,0,0.0002000400080016,0,0,0.00370074014802961,0,0,0.000500100020004001,0.00420084016803361,0,0,0,0,0,0,0,0,0,0,0,0,0,0.0125025005001,0,0,0,0.000500100020004001,0,0,0,0,0,0.0001000200040008,0,0,0,0.000800160032006401,0,0,0,0,0,0.00770154030806161,0,0.0023004600920184,0,0,0.00630126025205041,0,0,0,0,0.00520104020804161,0.0011002200440088,0,0.0437087417483497,0,0.0172034406881376,0.00340068013602721,0,0,0.001500300060012,0,0.00640128025605121,0.000900180036007201,0,0,0,0,0.0018003600720144,0.0438087617523505,0,0,0.00320064012802561,0.000600120024004801,0,0.00530106021204241,0,0,0,0.0002000400080016,0.00660132026405281,0,0,0,0,0,0.0450090018003601,0,0,0.0001000200040008,0,0,0.0114022804560912,0.00320064012802561,0,0.000800160032006401,0,0,0.0132026405281056,0.000800160032006401,0,0,0,0.000400080016003201,0.000800160032006401,0,0,0,0,0,0,0.0003000600120024,0.002000400080016,0,0,0,0,0,0,0,0.000700140028005601,0.001500300060012,0,0,0,0,0,0.0001000200040008,0.0013002600520104,0,0,0.00480096019203841,0,0,0.0001000200040008,0,0,0,0,0.00400080016003201,0,0,0,0,0,0,0.000900180036007201,0,0,0.0001000200040008,0,0,0,0.00410082016403281,0,0,0,0,0,0,0,0,0,0.0014002800560112,0,0.0661132226445289,0,0.0002000400080016,0,0,0,0,0,0,0.0014002800560112,0,0.0029005801160232,0,0.0023004600920184,0,0.0011002200440088,0,0.00450090018003601,0,0,0,0,0.000500100020004001,0,0,0.0127025405081016,0,0.00970194038807762,0,0.000900180036007201,0.00790158031606321,0,0,0,0,0.0013002600520104,0.0001000200040008,0,0.001500300060012,0,0,0,0,0,0,0,0,0,0,0,0,0.001000200040008,0,0,0.0003000600120024,0,0,0,0,0,0.0001000200040008,0,0,0,0,0,0.0158031606321264,0,0,0.00250050010002,0,0,0,0,0,0.000700140028005601,0.123924784956991,0,0,0.0938187637527506,0,0,0,0,0,0.0011002200440088,0.0107021404280856,0,0,0,0,0.0031006201240248,0,0.00400080016003201,0.00710142028405681,0,0.0173034606921384,0
0,0,0,0,0,0,0.0005000500050005,0,0,0,0,0.0007000700070007,0,0.0329032903290329,0.0017001700170017,0,0,0,0,0,0.0042004200420042,0.0026002600260026,0.0001000100010001,0.0001000100010001,0,0.133913391339134,0,0,0.0004000400040004,0,0,0.0041004100410041,0,0,0,0,0.0002000200020002,0.005000500050005,0.0005000500050005,0,0,0,0.0005000500050005,0.0051005100510051,0.0047004700470047,0.0228022802280228,0,0,0.0004000400040004,0,0,0.0009000900090009,0,0,0,0,0.0005000500050005,0,0,0.0087008700870087,0,0,0,0.0005000500050005,0,0,0.0514051405140514,0,0.0001000100010001,0,0,0,0,0.0018001800180018,0,0,0,0.0003000300030003,0,0.0061006100610061,0,0,0,0,0,0,0,0,0.0008000800080008,0.0096009600960096,0.0001000100010001,0.0001000100010001,0.0009000900090009,0,0,0.0002000200020002,0,0,0,0,0,0,0,0,0,0,0.0185018501850185,0.0687068706870687,0,0.0031003100310031,0.0017001700170017,0,0,0.0095009500950095,0,0,0,0.0008000800080008,0.0023002300230023,0,0,0,0,0.0006000600060006,0.0047004700470047,0,0,0,0,0.0045004500450045,0,0.0313031303130313,0.0131013101310131,0,0,0,0.0013001300130013,0,0.0008000800080008,0,0.0057005700570057,0.0006000600060006,0.0032003200320032,0,0,0,0.0076007600760076,0,0,0,0.0006000600060006,0,0,0.0045004500450045,0,0,0,0.0004000400040004,0,0,0,0.0013001300130013,0.0008000800080008,0.0704070407040704,0,0,0.0009000900090009,0,0,0,0.0005000500050005,0,0.0001000100010001,0,0,0,0.0005000500050005,0.0162016201620162,0.0334033403340334,0.0004000400040004,0,0,0,0,0,0.0003000300030003,0,0,0,0,0,0.0045004500450045,0,0,0,0,0,0,0,0,0,0,0,0,0,0.0012001200120012,0,0,0.0006000600060006,0,0.0005000500050005,0,0,0,0,0.0034003400340034,0.0101010101010101,0.0035003500350035,0.0002000200020002,0,0,0.0108010801080108,0,0,0,0,0,0,0,0,0.0059005900590059,0,0,0.0181018101810181,0,0,0,0,0.0064006400640064,0,0,0.0198019801980198,0,0,0,0,0,0,0,0,0.0212021202120212,0.0008000800080008,0.0006000600060006,0,0.0018001800180018,0,0,0,0,0,0.0002000200020002,0,0,0,0,0,0,0,0,0.0051005100510051,0,0,0.0388038803880388,0,0,0,0,0,0,0.198319831983198,0,0,0.0074007400740074,0,0,0,0,0,0.0101010101010101,0,0,0,0,0,0.0134013401340134,0,0.0005000500050005,0,0,0.006000600060006,0
0,0,0,0,0,0,9.99700089973008e-05,0,0,0,0.000399880035989203,0.000199940017994602,0.000199940017994602,0,0.000699790062981106,0.000599820053983805,0,0,0,0,0,0,0,0,0,0.0339898030590823,0,0,0.000299910026991902,0.0129961011696491,0,0,0,0.0118964310706788,0.00129961011696491,0,0.00189943017094872,0,0.000299910026991902,0,0,0.00399880035989203,0,0,0,0.00269919024292712,9.99700089973008e-05,0,0.00119964010796761,0,0.000499850044986504,0.000499850044986504,0.000199940017994602,0,0,9.99700089973008e-05,0,0,0,0.00769769069279216,0,0,0,0,0,9.99700089973008e-05,0,0,0,0,9.99700089973008e-05,0,0,0,0,0,0,0.000199940017994602,0,0.00149955013495951,0,0.000599820053983805,0.0107967609717085,0,0,0.000199940017994602,0.000699790062981106,0,0.000999700089973008,0.000599820053983805,9.99700089973008e-05,0,0.0107967609717085,0,0,0,0.0326901929421174,0,0.000599820053983805,0,0.000299910026991902,0,0,0,9.99700089973008e-05,0,0,0.291512546236129,0,0,0,0,0,0.000299910026991902,0,0,0,0,0.0111966410076977,0,0,0.00319904028791363,0,0.000199940017994602,0.00459862041387584,0.00189943017094872,0,0,0,0,0.00569829051284615,0,0.000199940017994602,0,0,0,0.00129961011696491,0,0,0,0.00119964010796761,0,0,0,0,0,0,0,0,0,9.99700089973008e-05,9.99700089973008e-05,0,0,0,0,0,9.99700089973008e-05,0,0,0,0,0,0,0,0,0.000199940017994602,0,0,0.000199940017994602,0,0,0.0118964310706788,0,0,0,0,0.000199940017994602,0,0,0,0,0,0,0,0,0,0,0,0,0,0.00889733080075977,0,0,0,0,0,0,0,0,0,0,0,0,0,0,0,0,9.99700089973008e-05,0,0,0,0,0.000199940017994602,9.99700089973008e-05,0,0,9.99700089973008e-05,0.0216934919524143,0,0,0,0,0,0,0,0.00469859042287314,0,0.00179946016195141,0,0.00409877036888933,9.99700089973008e-05,0,0,0,0,0,0,0.000199940017994602,0,0.000999700089973008,0,0,0,0,0,0,0,0,0,0.000399880035989203,0,0.000799760071978406,9.99700089973008e-05,0,0,0.000799760071978406,0,0,0,0,0,0,0,0,9.99700089973008e-05,0.000199940017994602,0,0,0.397380785764271,0.000799760071978406,0,0.0296910926721983,0,0,9.99700089973008e-05,0.000199940017994602,0,0,0.0158952314305708,0,0,0.0284914525642307,0,0,0,0,0,0,0.00529841047685694,0,0,0,0,0,0,0.000399880035989203,0,0,0,0
0,0,0,0,0,0,0,0,0,0,0,0,0,0.000300090027008102,0.000400120036010803,0,0,0,0,0,0,0.00200060018005402,0,0.000500150045013504,0,0.078223467040112,0,0,0.00300090027008102,0,0,0,0,0.00590177053115935,0,0,0,0.000300090027008102,0,0,0,0,0,0.00300090027008102,0.000100030009002701,0.0188056416925078,0,0,0,0,0,0,0,0,0,0,0,0,0,0.00190057017105132,0,0,0,0.0115034510353106,0,0,0.0179053716114834,0,0,0,0,0,0,0.00200060018005402,0,0,0,0,0,0.00250075022506752,0,0,0,0,0.00750225067520256,0.000500150045013504,0,0,0,0.00670201060318095,0,0.00160048014404321,0,0,0,0,0,0,0.00190057017105132,0,0,0,0,0,0.000500150045013504,0,0,0.124337301190357,0,0.00140042012603781,0.00120036010803241,0,0,0,0,0,0,0.000100030009002701,0.0268080424127238,0,0,0,0,0.00430129038711613,0.0749224767430229,0,0,0,0,0,0,0.00110033009902971,0,0.000200060018005402,0,0,0.000100030009002701,0,0,0,0.00110033009902971,0,0,0,0,0,0.00430129038711613,0,0,0,0.00170051015304591,0,0,0,0,0,0,0,0,0,0,0,0,0.000100030009002701,0,0,0,0,0,0,0.00120036010803241,0,0,0,0,0,0,0,0.00320096028808643,0,0,0,0,0,0,0,0,0,0,0,0.000400120036010803,0.0182054616384915,0,0,0,0,0,0,0,0,0.000300090027008102,0,0,0,0,0.0245073522056617,0,0,0,0,0,0,0,0,0,0,0.0126037811343403,0,0.015704711413424,0,0,0,0,0,0,0,0,0,0.00790237071121336,0.000900270081024307,0,0,0,0.100930279083725,0,0,0.00250075022506752,0,0,0.115534660398119,0,0,0,0,0,0,0,0,0,0,0.000400120036010803,0,0,0,0,0.00140042012603781,0.00100030009002701,0,0.000200060018005402,0,0,0,0,0.000400120036010803,0,0,0,0,0.00190057017105132,0.0602180654196259,0,0,0.0593177953386016,0,0,0,0.000300090027008102,0,0.000100030009002701,0.139141742522757,0,0,0,0,0,0,0,0,0.00270081024307292,0,0,0,0,0,0.00100030009002701,0,0.00120036010803241,0,0,0.0181054316294888,0
0,0.000599580293794344,0.000599580293794344,0,0,0,0,0,0,0,0,0.00049965024482862,0,9.9930048965724e-05,0,0.000699510342760068,0.0112920955331268,0,0,0,0,0,0,0,0,0.00159888078345158,0,0,0,0.00179874088138303,0,0,0,9.9930048965724e-05,0,0,0,0.00329769161586889,0,0,0,0.00219846107724593,0.031877685620066,0,0,9.9930048965724e-05,0,0,0,0,0,0,0,0,0,0.000399720195862896,0,0,0.000599580293794344,0.00929349455381233,0,0,0,0,0,0,0.0368741880683522,0,0,0,0,0,0,0,0,0,0,0,0,0.000799440391725792,0,0,0,0,0,9.9930048965724e-05,0,0,0.00179874088138303,0.000199860097931448,0,0.0049965024482862,0,0,0,0,0,0,9.9930048965724e-05,0,0.00329769161586889,0.00049965024482862,0,0,0,0,0,0.402917957429799,0,0,0,0,0,0.00119916058758869,0,0,0.00379734186069751,0,9.9930048965724e-05,0,0,0,0,0.00049965024482862,9.9930048965724e-05,0,0,0,0,0,0.00119916058758869,0,0,0,0,0,0,0,0,0,0.00939342460277806,0,0.00119916058758869,0,0,0,0,0,0,0,0,9.9930048965724e-05,0,0,0,0,0,0,0,0.000199860097931448,0,0,0,0,0,0,0.00049965024482862,0,0,0,0.000599580293794344,0,0,0,0,0,0,9.9930048965724e-05,0.000899370440691516,0,0,0,0,9.9930048965724e-05,0,0,0,0,0,0,0,0.00129909063655441,0,0,0,0,0,0,0,0,0,0,0.288498051364045,0,0,0,0,0,0,0,0,0,0,0,0.000199860097931448,0,0.00619566303587489,0,0,0,9.9930048965724e-05,0,0,0,0,0,0,0,0,0,0,0,0,0.0049965024482862,0,0,0,0,0,9.9930048965724e-05,0,0,0,0,0,0.00299790146897172,0.0341760767462776,0,0,0,0,0,0.00049965024482862,0,0,0,9.9930048965724e-05,0,0,9.9930048965724e-05,0,0,0,0.000399720195862896,0,0,0,0,0.000199860097931448,0.116718297191966,0,0,0.00189867093034876,0,0,0,0.000599580293794344,0,0,0.00239832117517738,0,0,9.9930048965724e-05,0.000199860097931448,0,0,0,0,0,0.000599580293794344,0,0,0,0,0,0,0.000899370440691516,0,0,9.9930048965724e-05,0
0,9.99800039992002e-05,0,0,0,0,9.99800039992002e-05,0,0,0,0.0001999600079984,0.0001999600079984,0,0.00349930013997201,0.0027994401119776,0,0,0,0,0,0,0.011997600479904,0,9.99800039992002e-05,0,0.268146370725855,0,0,0.0001999600079984,0,0.0156968606278744,0,0,0.0249950009998,0.0016996600679864,0,0.000899820035992801,0,0,0,0,0,0.0001999600079984,0.0002999400119976,0,0.00959808038392321,0,0,0,9.99800039992002e-05,0,0,0,0,0.000399920015996801,0,0,0,0,0.00919816036792642,0,9.99800039992002e-05,0,0.000799840031993601,9.99800039992002e-05,0,0.0023995200959808,0,0,0,0.000399920015996801,0,0,9.99800039992002e-05,0,9.99800039992002e-05,0,0,0,0.0287942411517696,0,0.0018996200759848,0,0,0,0,0,0,0.0001999600079984,0.001499700059988,0.0252949410117976,0,0.0021995600879824,0,0.001499700059988,9.99800039992002e-05,0,0,0.00249950009998,0,0,0,0,0.0030993801239752,0.0012997400519896,0,0.0002999400119976,0.00419916016796641,0,9.99800039992002e-05,0.000799840031993601,0,0,0.0659868026394721,0,0,0,0.0002999400119976,0.0156968606278744,0,0,0,0,0,0.0716856628674265,0.000899820035992801,0,0,0,0,0,0.0001999600079984,0.0017996400719856,0,0,0,0.01499700059988,0,0,0,0.000699860027994401,0,0.000399920015996801,0,0.0001999600079984,0,0.0028994201159768,0,0,0,0.000399920015996801,0,0,0,9.99800039992002e-05,0,0,0,0,0.0022995400919816,0,0.000599880023995201,0,0,0,9.99800039992002e-05,0,0,0,0.000499900019996001,0,0,0,0,0,0,0.0016996600679864,0.000499900019996001,0.0335932813437313,0,0,0,0,0,0.000899820035992801,0.0001999600079984,0,0,0,0,0,0.00459908018396321,0,0,0,0,0,9.99800039992002e-05,0,0,0,0,0,0.0142971405718856,0,0.00979804039192162,0,0,0,0,0,0,0,0,0,0.000999800039992002,0.00549890021995601,0.000799840031993601,0.00509898020395921,9.99800039992002e-05,0,0.0002999400119976,0,0,0,0,0,0,0.00649870025994801,0,0.00429914017196561,0,0,0.0336932613477305,0,0,0.00729854029194161,0,0,0.0479904019196161,0,0.00899820035992801,0,0,0,0,0,0,9.99800039992002e-05,0,0,9.99800039992002e-05,0.000499900019996001,0,0.0016996600679864,0.021995600879824,0,0,0.0010997800439912,0,0,0,0,0.0013997200559888,9.99800039992002e-05,0,0,0,0.000399920015996801,0.00919816036792642,0,0.0001999600079984,0.00329934013197361,0,0,0,0,0,0.0001999600079984,0.100079984003199,0,0.0002999400119976,0.0197960407918416,0,0,0,0,0,0.0001999600079984,0.0021995600879824,0,0.00919816036792642,0,0,0.0002999400119976,0,0.0188962207558488,0,0,0.013497300539892,0
0,0,0,0,0,0.000199940017994602,0.000199940017994602,0,0,0,9.99700089973008e-05,0,0,0,0.000699790062981106,0,0,0,9.99700089973008e-05,0,0,0.000699790062981106,0,9.99700089973008e-05,0,0.489353194041787,0,0,0.00109967009897031,0.000399880035989203,0.00699790062981106,0,0,0.000899730080975707,0,0,0.000899730080975707,0.0241927421773468,9.99700089973008e-05,0,0,0,0,0,0,0.0380885734279716,0,9.99700089973008e-05,0,0,0.000799760071978406,0,0,0,0,0,0,0,0,0.00699790062981106,0,0.00639808057582725,0,0.000199940017994602,0,0,0.00139958012596221,0,0,0,0.00449865040487854,0,0,0,0,0,0.000299910026991902,0,0,0.00469859042287314,0,0,0,0,0,0,0,0,0,0.00509847045886234,0,0.00179946016195141,0.000399880035989203,0,0,0,0,0,0.000599820053983805,0,0,0.00309907027891633,0,0,9.99700089973008e-05,0,0,0.0311906428071579,0,0,0,0,0,0.00139958012596221,0.00129961011696491,0,0,0,0.00179946016195141,0,0,0,0,9.99700089973008e-05,0.0140957712686194,0,0,0,0,0,0,9.99700089973008e-05,0,0.000499850044986504,0,0,0,0,0,0,0.00129961011696491,0,9.99700089973008e-05,0,0,0,0.00159952014395681,0,9.99700089973008e-05,0,0.00119964010796761,0,0,0.00149955013495951,0,0,0,0,0,0.000199940017994602,0,0,0,0.000299910026991902,0,0,0,0,0,0,0.000799760071978406,9.99700089973008e-05,0,0,0,0,0,0.000699790062981106,0.019594121763471,0,0,0,0.000399880035989203,0,0.000299910026991902,0,0,0,0,0,0,0.00799760071978406,0.000299910026991902,0.000599820053983805,0,0,0,0,0,0,0,0,0,0.0443866839948016,0,0.000899730080975707,0,0,0,0.000399880035989203,0,0,0,0,0.000599820053983805,0,0.00159952014395681,0,0.0120963710886734,0,9.99700089973008e-05,0.00339898030590823,0,0,0,0,0,0,0.00379886034189743,0.00159952014395681,0.0121963410976707,0,0,0.00849745076477057,0,0,9.99700089973008e-05,0,0,0,0,0,0,0,0,0,0,0,0,0,0,0,0.00119964010796761,0,0.000399880035989203,0.000399880035989203,0.00119964010796761,0,0,0.000999700089973008,0.000899730080975707,0,9.99700089973008e-05,0.000199940017994602,0.000199940017994602,0,0,0,0.00209937018894332,0.0107967609717085,0,9.99700089973008e-05,0.0192942117364791,0,0.00329901029691093,0,0,0,0.000299910026991902,0.151154653603919,9.99700089973008e-05,0,0.00939718084574628,0,0,0,0,0,0.00259922023392982,0.00769769069279216,0,0,0.00119964010796761,0,0.000399880035989203,0,0.00139958012596221,0,0,0.00669799060281915,0
0,0,0,0.000299790146897172,0,9.9930048965724e-05,0.00479664235035475,0,0,0,0.000899370440691516,0,0,0,0.00179874088138303,0,0,0,0,0,0,0.00609573298690916,0,0.0105925851903667,0,0.000199860097931448,0,0,0,0.000199860097931448,0,0,0,0,0,0,0.000199860097931448,0,9.9930048965724e-05,0,0.000199860097931448,0,0,0,0,0.00369741181173179,0,0,0,0,9.9930048965724e-05,0,9.9930048965724e-05,0,0,0,0,0,0,0,9.9930048965724e-05,0.0203857299890077,0,0,0,0,0,0,0.000299790146897172,0,0.00339762166483462,0,0.000299790146897172,0,0,0,0,0,0,0.00859398421105226,0,0,9.9930048965724e-05,0,0,9.9930048965724e-05,0,9.9930048965724e-05,0,0,0,0.00389727190966324,0.036574397921455,0,0,0,0,0,0,0,0,0.000599580293794344,0,0.00139902068552014,0.000399720195862896,0,0,0.11382032577196,0,0,0,0,0,0,0,0,0,0.000599580293794344,0.000399720195862896,0,0,0,0,0.000199860097931448,0.00879384430898371,0,0,0,0,0,0,0,0,0,0,0.00129909063655441,0.00229839112621165,0,0,0,0.000599580293794344,0,0,0,0,0,0,0,0,0,0.000899370440691516,0,0,0,0,0,0,0,0,0.00819426401518937,0,0,0,0,0,0,0,0,0,0,0,0,0.000799440391725792,0,0,0,0.000199860097931448,0.0101928649945038,0,0.000199860097931448,0,0,0.000399720195862896,0,9.9930048965724e-05,0,0,0,0,0,0,9.9930048965724e-05,0.000199860097931448,0,0,0,0,0,0,0,0,0,0,0.00049965024482862,0.192964924552813,0.000299790146897172,0,0,0,0.00279804137104027,0,0,0,0,0.00099930048965724,0,0.0127910462676127,0,9.9930048965724e-05,0,0,0,0,0,0,0,0,0,0,0,0.00619566303587489,9.9930048965724e-05,0,0.0251823723393624,0,0,0,0,0,0,0,0,0,0,9.9930048965724e-05,0,0,0,0,0,0,0,0,0,0.000199860097931448,0,0,0,0,0.000799440391725792,0,0,0,9.9930048965724e-05,0,9.9930048965724e-05,0,0,0,0.0252823023883282,0,0,0.0424702708104327,0,0,0,0,0,0.00119916058758869,0.42510242830019,0,0,0,0,0,0,0,0,0,0.00389727190966324,0,0,9.9930048965724e-05,0,0.00379734186069751,0,0,0,0,0,0
0,0,0,0,0,0.00299640431482221,9.98801438274071e-05,0.000199760287654814,0,0,0.000399520575309628,0.000199760287654814,0,0,0.000199760287654814,0.00259688373951258,0.000199760287654814,0.00109868158210148,0,9.98801438274071e-05,0,0.00439472632840591,0,9.98801438274071e-05,0.000799041150619257,0.00679184978026368,0,0,0.000898921294446664,9.98801438274071e-05,0,0,0,0.00219736316420296,0,0,0.000799041150619257,0.0142828605673192,0,0,9.98801438274071e-05,0.00439472632840591,0,0.011286456252497,0,0.0210747103475829,0,0.000799041150619257,0,9.98801438274071e-05,0.00669196963643628,0,0.000898921294446664,0,0.000998801438274071,0,9.98801438274071e-05,0,0,0.00749101078705553,0,0.00339592489013184,0,0.0027966440271674,0,0,0,0.000199760287654814,0.000299640431482221,0,0.00129844186975629,9.98801438274071e-05,9.98801438274071e-05,0.00169796244506592,0,0.0318617658809429,0,0,0,0.000998801438274071,0.00209748302037555,0.000399520575309628,0.00109868158210148,0,0,0,0,0,0.000299640431482221,0.0041949660407511,9.98801438274071e-05,0.00729125049940072,0.000898921294446664,0,0.000998801438274071,0,0,0,0.00299640431482221,0,0,0,0,0,0.000299640431482221,0,0,0.0189772273272074,0,0.00489412704754295,0.00119856172592889,0,0,0.00449460647223332,9.98801438274071e-05,0,0,0.00479424690371554,0.00829005193767479,0,0,0,0,0.00119856172592889,0.0411506192568917,0,0,0.00129844186975629,0.00069916100679185,0,0.011286456252497,0.000799041150619257,0,0,0,0.000799041150619257,0.00928885337594886,0.000599280862964443,0,0,9.98801438274071e-05,0,0.00229724330803036,0,0,0,0.00299640431482221,0.00858969236915701,0.000199760287654814,0,0.00379544546544147,0,0,0,0,0,0,0,0,0.0098881342389133,0,0.00179784258889333,0.000199760287654814,0.000199760287654814,0,9.98801438274071e-05,0.000399520575309628,0.000399520575309628,0,0,0.000299640431482221,0,0,9.98801438274071e-05,0,0,0.000898921294446664,0.00479424690371554,0.0104874151018777,0.00169796244506592,0,0,0.000299640431482221,0,9.98801438274071e-05,0.00569316819816221,0,0,0,0,0,0.0207750699161007,9.98801438274071e-05,0.000499400719137036,0,0,0,0.000199760287654814,0,0,0,0,0,0.0147822612864563,0,0.000199760287654814,0.000299640431482221,0,9.98801438274071e-05,0.000998801438274071,0,0,0,0,0.00069916100679185,0.000898921294446664,0.0083899320815022,0,9.98801438274071e-05,0,9.98801438274071e-05,0.00209748302037555,0,0,0,0,0,0,0.00569316819816221,0.000599280862964443,0.00339592489013184,0,0,0.00249700359568518,0,0,0.00639232920495406,0,0.00449460647223332,0.00109868158210148,0,0.00129844186975629,0,0,0,0.00878945265681183,0,0,0.00069916100679185,0.00149820215741111,0,0.000199760287654814,0.00169796244506592,9.98801438274071e-05,0.00189772273272074,0.000499400719137036,0,0.00119856172592889,0.000299640431482221,0.00449460647223332,9.98801438274071e-05,0.0055932880543348,0,0.00069916100679185,0,0,0,0,0.0172792648821414,0.00629244906112665,0,0,0.0350579304834199,0,0,0,0,0,9.98801438274071e-05,0.452856572113464,0,0,0.0269676388333999,0,0,0,0,9.98801438274071e-05,0.00129844186975629,0.0185777067518977,0,0,9.98801438274071e-05,0,0.000998801438274071,0.000499400719137036,0.000898921294446664,0.00629244906112665,0,0.00819017179384738,0
0,0,0.000199940017994602,0,0.000399880035989203,0,0,0.00179946016195141,9.99700089973008e-05,0,0,0,0,0.00609817054883535,9.99700089973008e-05,0,0,0,0,0,0.00359892032390283,0.00559832050384884,0,0,0,0.0652804158752374,0,0,0.000499850044986504,0.00449865040487854,0.0374887533739878,0,0,0.00239928021593522,0,0,0.0166949915025492,0.0141957412776167,0,0,0,0,0,0.00159952014395681,0,0.00599820053983805,0,0,0,0,0,0,0,0,0.000799760071978406,0,0,0,0,0,0,0,0,0,0,0.00339898030590823,0.00929721083674898,0,0,0.00519844046785964,0.00149955013495951,0,0,0,0,0,0,0,0,0.0340897730680796,0,0,0.000899730080975707,0,0,0,0,0,0,0.00209937018894332,0.0306907927621713,0,0.00109967009897031,0,0,9.99700089973008e-05,0,0,0.00219934019794062,0.000999700089973008,0,0,0,0,0,9.99700089973008e-05,0.00839748075577327,0.153254023792862,0,0.0325902229331201,0,0,0,0.00309907027891633,0,0.000199940017994602,0,0,0.0403878836349095,0,0.000299910026991902,0.00229931020693792,0,9.99700089973008e-05,0,0,0,0,0,0,0.00189943017094872,0.00939718084574628,0,0.000199940017994602,0,0,0,0,0,0,0.000399880035989203,0,0,0,0,0,0.00509847045886234,0,0,0.000299910026991902,0.00239928021593522,0.00869739078276517,0,0,0,0,0,0,0.00599820053983805,0.00249925022493252,0,0,0,0.0357892632210337,0,0,0,0,0,0,0.000299910026991902,0,0,0,0,0,0,0.00759772068379486,0.0219934019794062,0,0.00289913026092172,0,0,0,0.000699790062981106,0,0,0,0,0,9.99700089973008e-05,0.00579826052184345,0,9.99700089973008e-05,0.0166949915025492,0,0,0,0,0,0,0,0,0.0385884234729581,0,0,0,0,0,0,0,0.00179946016195141,0,0,0.00869739078276517,0,0.00779766070178946,0.00899730080975707,0,0,0.0151954413675897,0.000599820053983805,0,0,0.000499850044986504,0,0.00369889033290013,0,0.00299910026991902,0,0.0472858142557233,0,0,0.0168949315205438,0,0,0.00319904028791363,0,0,0,0,0,0,0,0,0,0,0,0,0,0.00859742077376787,0,0.000899730080975707,0,0.00329901029691093,0,0,0,0.000599820053983805,0.0141957412776167,0.000399880035989203,0,0,0.000599820053983805,0,0,0,0,0,0.0188943317004899,0,0.000799760071978406,0.000499850044986504,0,0,9.99700089973008e-05,0,0,0,0.133359992002399,0,0,0.0103968809357193,0,0,0,0,0,0.00129961011696491,0.00639808057582725,0,0,0,0,0,0.00309907027891633,0,0,0,0.0117964610616815,0
0,0,0,0,0,0,0.0005999400059994,0,0,0,0,0,0,0,0.0011998800119988,0,0,0,0,0,0.0058994100589941,0,0,0.000999900009999,0,0.0008999100089991,0,0,0,0,0,0,0,0,0,0,0,0,0,0,0,0,0,0.0028997100289971,0,0.0366963303669633,0,0,0,0,0,0,0,0,0,0,0,0,0,0.0015998400159984,0,0,0,0,0,0,0.0604939506049395,0,0,0.0843915608439156,0,0,0,0.0017998200179982,0,0.125587441255874,0,0,0,0,0,0,0,0,0,0,0,0,0,0,0,0,0.0004999500049995,0,0,0.0031996800319968,0.0027997200279972,0,0,0,0,0.0001999800019998,0,0,0,0,0,0.313368663133687,0,0,0,0,0.0396960303969603,0,0,0,0,0,0.0210978902109789,0,0,0,0,0,0.0044995500449955,0,0,0,0,0,0,0.0950904909509049,0,0,0,0,0,0,0,0,0.0062993700629937,0,0,0,0,0,0,0,0,0.0008999100089991,0.0020997900209979,0,0,0,0,0,0,0,0,0.0002999700029997,0,0,0,0,0,0,0,0.0011998800119988,0,0,0,0,0,0,0,0,0,0,0,0,0,0,0,0,0,0,0,0,0,0,0,0.0252974702529747,0,0,0,0,0,0,0,0,0,0,0,0,0,0,0,0,0,0.0006999300069993,0.0012998700129987,0,0,0,0,0,0,0,0,0,0,0,0,0,0,0,0,0,0.0022997700229977,0,0,0,0,0,0,0,0,0,0,0,0,0,0,0,0.0017998200179982,0,0,0,0,0,0,0,0,0,0,0,0,0,0,0.0070992900709929,0,0,0,0,0,0,0,0,0,0.0285971402859714,0,0,0.0953904609539046,0,0,0,0,0,0,0.0026997300269973,0,0,0,0,0,0.0065993400659934,0,0,0.0133986601339866,0,0,0,0,0,0,0,0.0004999500049995,0,0,0,0
0,0,0,0,0,0,0,0.000899011087803416,0,9.98901208670463e-05,0,0,9.98901208670463e-05,0.000199780241734093,0.00449505543901708,0,0,0,0,0,0.000299670362601139,0.00319648386774548,0,0.000599340725202278,0,0.333932674058536,0,0,0.0105883528119069,0,0.0115872540205774,0,0,0,0,0,0.00329637398861253,0.025971431425432,0,0,0,9.98901208670463e-05,0,0.00339626410947957,9.98901208670463e-05,0.178303865747678,0,0.000199780241734093,0,0,0,0,0,0,0.000399560483468185,0,0,0,0,0.0112875836579762,0,9.98901208670463e-05,0,0,0,0,0.0233742882828888,0,0,0,0,0,0,0.000998901208670463,0,0,0,0,0,0.017181100789132,0,0,0.0253720907002297,0,9.98901208670463e-05,0.000399560483468185,0.0438517630606333,0,0,0.00169813205473979,0,0.00399560483468185,0.000399560483468185,0,0,0,0,0,0,0,0,0,0,0,0,0,0,0.0484467086205174,0,0,0,0,0,0.0012985715712716,0,0,0,9.98901208670463e-05,0.0230746179202877,0,0,0,0,9.98901208670463e-05,0.0040954949555489,0,0,0,0,0,0.00299670362601139,0.0053940665268205,0,0,0,0,0.0202776945360104,0,0,0,0,0,0,9.98901208670463e-05,0,0,0,0,0,9.98901208670463e-05,0.000499450604335231,0,0,0,9.98901208670463e-05,0,0,9.98901208670463e-05,0,0.00109879132953751,0.00239736290080911,0,0,0,0,0,0.000199780241734093,0,0,0,0,0,0,0,0,0.000499450604335231,0,0.00329637398861253,0.0309659374687843,0.000199780241734093,0,0,0,0,0,0,9.98901208670463e-05,0,0,0,0,0.00549395664768754,0,0,0,0,0,0,0,0,0,0,0,0,0,0.00489461592248527,0,0,0,0,0.000299670362601139,0,0,0.000998901208670463,0,0,0,0,0.000998901208670463,0,0,0.00419538507641594,0.00119868145040456,0,0,0,0.00739186894416142,0,0.00469483568075117,0,0.00968934172410349,0.000699230846069324,0,0.0394565977424833,0,9.98901208670463e-05,0,0,0,0,0,0,0,0,0,0,0,0,0,0,0.0148836280091899,0,0.00139846169213865,0,0.000599340725202278,0.00109879132953751,0,0,0,0,0,0.000899011087803416,0,0,0,0,0,0.0127859354709819,0,0,0.00419538507641594,0.000699230846069324,0,0,0,0,0,0,0.000399560483468185,0.000299670362601139,9.98901208670463e-05,0,0.0164818699430626,0,0,0,0.000399560483468185,0,0.00369593447208071,0.000299670362601139,0,0,0,0,0,0,0,0,0,0.00968934172410349,0
0,0,0,0,0,0,0.00189886068358985,0,0,0,0,0,0,0.000599640215870478,9.9940035978413e-05,0,9.9940035978413e-05,9.9940035978413e-05,0,0,0,0.00669598241055367,0,0.000199880071956826,0,0.206076354187488,0,0,0.00139916050369778,0.00149910053967619,0.012092744353388,0,0,0.0128922646412153,0,0,0.0118928642814311,0.0331800919448331,0,0,0,0,0,0,0,0.00809514291425145,0,0,0,0,0.000599640215870478,0,0,0,0,0.000899460323805717,9.9940035978413e-05,9.9940035978413e-05,0,0.0159904057565461,0,0,0,0,0,0,0.0119928043174096,0,0,0,0.00109934039576254,0,0,0,0,0,0,0,0,0.0076953827703378,0,0,0.00969418348990606,0,0,0,0.00289826104337398,0,0,0.00489706176294223,0,0.0053967619428343,0.00639616230261843,0,0,0.000299820107935239,0,0,0,0,0,0.000199880071956826,0,0,0.000199880071956826,0,0,0.102238656805916,0,0,0,0,0,0.0232860283829702,0,9.9940035978413e-05,0,0,0.00689586248251049,0,0,0,0,0,0.098740755546672,0,0,0,0,0,0,0.000299820107935239,0.000199880071956826,0.000299820107935239,0,0,0.00129922046771937,0,0,0,0.00189886068358985,0,0.000199880071956826,0,0,0,0.0030981411153308,0,0,9.9940035978413e-05,0.00119928043174096,0,0,0,0,0,0,0,0,0.00439736158305017,0,0,0,0.0161902858285029,0,0,0,0,0,0,0.00189886068358985,0,0,0,0,0,0,0,0.00189886068358985,0,0,0,0,0,0.00209874075554667,0,0,0,0,0,9.9940035978413e-05,0.0227863282030782,0,0,0,9.9940035978413e-05,0,0,0,9.9940035978413e-05,0,0,9.9940035978413e-05,0.00789526284229462,0,0.0053967619428343,0,0,0.000199880071956826,9.9940035978413e-05,0,0.00749550269838097,0,0,0.00449730161902858,0,0.00409754147511493,0,0.0206875874475315,0,0,0.00259844093543874,0,0,0,0,0,0,0.00479712172696382,9.9940035978413e-05,0.00859484309414351,0,0,0.0178892664401359,0,0,0.00409754147511493,0.00179892064761143,0,0,0,0,0,0,0.000199880071956826,0.00189886068358985,0,0,0,0,0,0.000499700179892065,0.00149910053967619,0,0.00419748151109334,0.004597241655007,0,0,0.00139916050369778,0,9.9940035978413e-05,0,0,0,0,0,0,0,0,0,0,0.00419748151109334,0.00549670197881271,0,9.9940035978413e-05,9.9940035978413e-05,0,0,0.000299820107935239,0.152208674795123,0,0,0.0548670797521487,0.000199880071956826,0,0,0,0,0.000199880071956826,0.00399760143913652,0,0,0,0,0,0,0.00279832100739556,0,0,0.0160903457925245,0
0,0.00179910044977511,0,0,0,0,0.00409795102448776,0,0,0,0,0.000299850074962519,0,0,0.000199900049975012,0.0047976011994003,0.000399800099950025,0,0,0,0,0.015392303848076,0,0,0,0.163618190904548,0,0,0.00289855072463768,9.99500249875062e-05,0,0,0,0.00339830084957521,0,0,0,0.00899550224887556,9.99500249875062e-05,0,0,0.000599700149925037,0.0214892553723138,0,0,0,0,0.000199900049975012,0,9.99500249875062e-05,0,0.000299850074962519,0.000499750124937531,0,0,0,0,9.99500249875062e-05,0,0.0137931034482759,0,0,0,0.00079960019990005,0,0,0.0108945527236382,0.00119940029985007,0,0,0,0,0,0,0,0,0,0.000599700149925037,0,0.0368815592203898,0,0,0.016791604197901,0,0,9.99500249875062e-05,0,0,0,0.00719640179910045,0,0.000499750124937531,0.000599700149925037,0,0,0,0,0,0.00489755122438781,0.00469765117441279,0,0,0,0,0.000199900049975012,0.000399800099950025,0,0.0422788605697151,0,0.0139930034982509,0.00929535232383808,0,0,0.0146926536731634,0,9.99500249875062e-05,0,9.99500249875062e-05,0.00849575212393803,0,0,0,0,9.99500249875062e-05,0.0175912043978011,0.00119940029985007,0,0,0.000499750124937531,0,9.99500249875062e-05,0,0,0,0,0,0.00219890054972514,0.000699650174912544,0.00899550224887556,0,0.000599700149925037,0.000399800099950025,0.000699650174912544,0,0,0,0.00819590204897551,0,9.99500249875062e-05,0,0,0,0,0.0103948025987006,0,0,0,0,0,0,0,0.000599700149925037,0,0,0,9.99500249875062e-05,0.000599700149925037,0,0,0.000199900049975012,0.000299850074962519,0,9.99500249875062e-05,0,0,0,0.00109945027486257,0.000899550224887556,0.0300849575212394,0,0,0,0.000199900049975012,0,0.00109945027486257,0,0,0,0,0.00299850074962519,0,0.00359820089955022,0,0,0,0,0,0,0,0.0585707146426787,0,0,0.0179910044977511,0.113943028485757,0,0.00299850074962519,0.00139930034982509,0.000299850074962519,0,0,0,0,0,9.99500249875062e-05,0.00249875062468766,0,0.00209895052473763,0,0.000299850074962519,0,0.00399800099950025,0.00179910044977511,0,0,0,9.99500249875062e-05,0,0,0,0,0,0,0.000599700149925037,0.0271864067966017,0,0,0,0,0.000899550224887556,0.000899550224887556,0,0.00119940029985007,0,0,0.000599700149925037,0.00289855072463768,0,0.000899550224887556,0,0,0,0.000299850074962519,0,9.99500249875062e-05,0.00299850074962519,0.000599700149925037,0.000599700149925037,0,9.99500249875062e-05,0.00279860069965018,0,0,0,0.000699650174912544,0,0,0,0,0.000699650174912544,9.99500249875062e-05,0,0,0.00469765117441279,9.99500249875062e-05,0,0,0,0,0,0.192103948025987,0,0,0.0170914542728636,0,0,0,0,9.99500249875062e-05,0,0.00719640179910045,0,0,0,0,0,0,0.00889555222388806,0,0,0.0079960019990005,0
0,0,0,0.0195019501950195,0,0,0.0061006100610061,0,0,0,0,0,0,0,0.0121012101210121,0,0,0,0,0,0,0.0026002600260026,0,0.0009000900090009,0,0,0,0,0.0034003400340034,0,0,0,0,0.0005000500050005,0.0007000700070007,0,0.0028002800280028,0,0,0,0,0,0,0,0,0.0725072507250725,0,0,0.0003000300030003,0.0003000300030003,0,0,0,0,0,0.0002000200020002,0,0.0005000500050005,0,0,0.0001000100010001,0,0.0002000200020002,0,0.0003000300030003,0,0.11991199119912,0,0,0,0,0,0,0,0,0,0,0,0,0,0,0.0028002800280028,0,0,0,0.0004000400040004,0.004000400040004,0,0,0,0,0.0002000200020002,0.0026002600260026,0,0,0,0,0,0,0,0,0,0,0,0,0,0.0063006300630063,0,0,0,0,0,0,0,0,0.0002000200020002,0,0.0004000400040004,0,0.0004000400040004,0,0,0,0,0.0061006100610061,0,0.054005400540054,0,0,0,0,0.0931093109310931,0,0.0003000300030003,0,0,0.0001000100010001,0,0,0,0.17001700170017,0,0,0,0,0,0.0166016601660166,0,0,0,0,0,0.0004000400040004,0,0.0002000200020002,0,0,0,0,0.0041004100410041,0,0,0,0,0,0,0,0.014001400140014,0,0.0039003900390039,0,0,0.0046004600460046,0.0001000100010001,0,0,0,0,0,0,0,0,0,0,0,0,0.0002000200020002,0,0,0,0,0,0.0004000400040004,0,0.0074007400740074,0,0,0,0.0001000100010001,0,0,0,0,0,0,0.0426042604260426,0.0019001900190019,0,0,0.0082008200820082,0,0,0,0,0,0,0,0,0.133513351335134,0,0,0,0,0,0,0,0,0,0,0.0002000200020002,0,0.0002000200020002,0,0.111811181118112,0,0,0,0,0.0005000500050005,0,0,0,0,0,0,0,0.0001000100010001,0.0025002500250025,0,0,0,0,0,0,0,0.0046004600460046,0.0117011701170117,0,0,0,0,0,0,0,0,0,0,0,0,0,0,0,0,0,0.0001000100010001,0,0,0,0,0.0012001200120012,0,0,0.0445044504450445,0,0,0,0,0,0,0,0,0,0,0,0,0,0.0005000500050005,0,0,0,0
0,0,0,0,0,0,9.9940035978413e-05,0.0149910053967619,0,0,0,0,9.9940035978413e-05,0.0140915450729562,9.9940035978413e-05,0,0.00439736158305017,0,0,0,0.0102938237057765,0.004597241655007,0,0.000499700179892065,0,0.180691585048971,0,0,0.00169898061163302,0.0099940035978413,0.0449730161902858,0,0,0.004597241655007,0,0,0.00169898061163302,0.0489706176294223,0,0,9.9940035978413e-05,0,0,0,0,0.0110933439936038,0,0,0,9.9940035978413e-05,0,0,0,0,0,0,0,0,0,0.0092944233459924,0,0.00699580251848891,9.9940035978413e-05,0,0,0,0.0169898061163302,0,0,0,0.0113931641015391,0,0,0,0,0,0,0,0,0.0053967619428343,0,0,0.00149910053967619,0,0,9.9940035978413e-05,0.00969418348990606,0,0,0.00359784129522287,0,0.00689586248251049,0.000299820107935239,0,0,0,0,0,0.00679592244653208,0,0,0,0,0,0,0,0,0.0100939436338197,0,0,0,0,0,0.00479712172696382,0,0,0,0,0.0121926843893664,0,0,0,0,0,0.00899460323805717,0,0,0,0,0,0.00259844093543874,0.00579652208674795,0,0,0,0,0.0187887267639416,0,0,0,0.000399760143913652,0,0,0,0,0,0.00209874075554667,0,0,0,0.00109934039576254,0,0,0,9.9940035978413e-05,0,0,0,0,0.000599640215870478,0,0,0,0.0576654007595443,0,9.9940035978413e-05,0,0,0,0,0.000199880071956826,0,0.00159904057565461,0,0,0,0,0.00149910053967619,0,0,0,0,0,0,0.00149910053967619,0,0,0,0,0,0,0.0114931041375175,9.9940035978413e-05,0,0,0,0,0,0,0,0,0,0,0.098740755546672,0.0310813511892864,0.0022986208275035,0,0,0.000399760143913652,0.000299820107935239,0,0,0,0,0.0053967619428343,0,0.00439736158305017,0,0.000199880071956826,0,0,0,0,0,0,0,0,0,0,0.00379772136717969,0.0168898660803518,0,0,0.000699580251848891,0,0,0,0,0,0,0,0,0,0,0,0,0,0,0,0,0,0.00109934039576254,0,0,0.000799520287827304,0.000699580251848891,0.00209874075554667,0,0.00249850089946032,0.00669598241055367,0.000999400359784129,0,0,0.000499700179892065,0,0,0,0,0,0.000199880071956826,0,0,0.0110933439936038,0,0,0,0,0,0.000499700179892065,0.166100339796122,0,0,0.0199880071956826,0,0,0,0,9.9940035978413e-05,0,0,0,0,0,0,0.00249850089946032,0,9.9940035978413e-05,0,0,0.04597241655007,0
0,0,0,9.99600159936026e-05,0,0,9.99600159936026e-05,0,0,0,0,0.00039984006397441,0,0,0.00189924030387845,0,0,0,0,0,0,0,0,0,0,0.0655737704918033,0,0,0.0136945221911235,0.00179928028788485,0,0.00169932027189124,0,0.0196921231507397,0,0,0,0,0,0,0,0,0.0833666533386645,0,0,0.0114954018392643,0,0,0,0,0,0,0,0,0,0,0,0.000699720111955218,0,0.00559776089564174,0,0.00639744102359056,0,0.0142942822870852,0,0.00229908036785286,0.0262894842063175,0.00309876049580168,0.00039984006397441,0.00339864054378249,0,0,0,0,0,0,0,0.000199920031987205,0,0.00179928028788485,0,0.00669732107157137,0,0,0.00279888044782087,0,0,0,0.00119952019192323,0,0,0,0.00219912035185926,0,0,0,0,0,0.00999600159936026,0,0,9.99600159936026e-05,0,0,0.000899640143942423,0,0,0.203918432626949,0,0.00499800079968013,0.00409836065573771,0,0,0,0,0,0,0.0078968412634946,0.0291883246701319,0.000199920031987205,0.000199920031987205,0,0,0.000299880047980808,0,0,0,0,0,0,0,0,0,0,0,0,0.00119952019192323,0,0,0,0,0,0.00109956017592963,0,0,0,0.00689724110355858,0,0,0,0,0,0,0.00079968012794882,0,0,0,0,0,0,0,0,0,0.0358856457417033,0,0,0,0,0,0,0,0,0.000299880047980808,0,0,0,0,0,0.0424830067972811,0,0,0,0,0,0.00219912035185926,0,0,0,0,0,0,0.0210915633746501,0.000599760095961615,0,0,0,0,0,0,0,0,0,0,0,0,0.000599760095961615,0,0,0,0.00159936025589764,0,0,0,0,0,0,0.0111955217912835,0,0,0.00079968012794882,0.00629748100759696,0,0,0,0,0,0,0,0,0,0.0147940823670532,0,0,0.0305877648940424,0,0,0,0,0,0.000299880047980808,0,0,0,0,0,0,9.99600159936026e-05,0,0,0,0,0,0,0,0,0.00739704118352659,0.000599760095961615,0,0,0,0,0,0,0,0,0,0,0,0.00149940023990404,0.00609756097560976,0,0,0.0209916033586565,0,0,0,0,0,0.00479808076769292,0.161335465813675,0,0,0.0458816473410636,0,0,0,0,0.00039984006397441,0,0.00829668132746901,0,0,0,0,0.024890043982407,0,0,0,0,0,0
0,0,0,0,0,0,0,0,0,0,0,0,0,0,0,0,9.9940035978413e-05,0,0,0,0,0.00129922046771937,0,0,0,0.441335198880672,0,0,0,0.00179892064761143,9.9940035978413e-05,0,0,0.00989406356186288,0,0,0.00179892064761143,0.000999400359784129,9.9940035978413e-05,0,0,0,0,0.00339796122326604,0,0,0,0,0,0,0,0,0,0,0,0,0,0,0,0,0,0,0,0,0,0,0,0,0,0,0,0,0,0,0,0,0,0,0,0,0,0,0,0,0,0.000799520287827304,0,0,0,0.00189886068358985,0.0604637217669398,0,0,0,0,0,0,0,0,0,0,0,0,0,0,0,0,0.0340795522686388,0,0,0,0,0,0.00449730161902858,0,0,0,0,0.00399760143913652,0,0,0,0.000299820107935239,0,0.146012392564461,0,0,0,0,0,0,9.9940035978413e-05,0,0,0,0,0.00339796122326604,0,0,0,0,0,0,0,0,0,0,0,9.9940035978413e-05,0.000399760143913652,0.000299820107935239,0,0,0,0,0,0,0,0,0,0,0,0,9.9940035978413e-05,0,0,0.000299820107935239,0,0,0,0,0,0,0,0,0,0,0.00409754147511493,0,0,0,0,0,0,0,0,0,0,0,0,0,0.00899460323805717,0,0,0,0,0.00159904057565461,0,0,0,0,0,0,0,0.0494703178093144,0,0,0,9.9940035978413e-05,0,0.00599640215870478,0,0,0,0,0,9.9940035978413e-05,0,0,0,0,0,0,0,0,0,0,0,0.0167899260443734,0,0,0,0,0.00659604237457526,0,0,0,0,0,0,0,9.9940035978413e-05,0,0,0,0,0,0,0,0,0,0,0,0,0,0,0,0,0,0,0,0,0,9.9940035978413e-05,0,0,0,0,0,0.01888866679992,0,0,0,0.0410753547871277,0,0,0,0,0,0.103337997201679,0,0,0.0115930441734959,0,0,0,0,0,0,0,0,0,0,0,0.00639616230261843,0,0.000199880071956826,0,0,0.00699580251848891,0
0,0,0,0,0,9.99800039992002e-05,0.0001999600079984,0,0,0,9.99800039992002e-05,0,9.99800039992002e-05,0.000599880023995201,0.000999800039992002,0,0,0,0,0,0.00459908018396321,0,0,0,0,0.323035392921416,0,0.000699860027994401,0,0.000699860027994401,0,0,0.0001999600079984,0,0,0,0,0.00379924015196961,0,0,0,0,0,0,0,0.0512897420515897,0,0,0,0,0.0001999600079984,0,0,0,0.0155968806238752,0,0,0,0,0,0,0,0,0,0,0,0.0484903019396121,0,0,0,0.0031993601279744,0,0,0,0,0,0,0,0,0.0312937412517496,0,0,0,0,0,0.000499900019996001,0,9.99800039992002e-05,0,0,0,0.0142971405718856,0.000599880023995201,0,0,0,0.000699860027994401,0,0,0,0,0.00979804039192162,0,0,9.99800039992002e-05,0,0,0,0,0,0,0.0349930013997201,0,0.0761847630473905,0,0,0,0,0.0334933013397321,0,0,0,0,0.0002999400119976,0.109178164367127,0,0,0,0,0,0.00599880023995201,0.00519896020795841,0,0,0,0,0,0,0,0,0.000899820035992801,0,0,0,0,0,0,0,0,0,0.000399920015996801,0,0,0,0,0,0,0,0,0,0,0,0,0,0,0,9.99800039992002e-05,0,0,0.000999800039992002,0,0,0.126474705058988,0,0,0,0,0.00829834033193361,0,0,0,0,0,0,0,9.99800039992002e-05,0,0,0.000599880023995201,0,0,0,0,0,0,9.99800039992002e-05,0,0,0,0,0,0,0,0,0,0.0011997600479904,0,0,0,0,0,0,0,0,0,0,0,0.00919816036792642,9.99800039992002e-05,0,0,0,0,0,0,0,0,0,0,0,0,9.99800039992002e-05,0,0,0,0,0,0,0,0,0,0,0,0,0.00629874025194961,0,0,0,0,0,0,0,0.0010997800439912,9.99800039992002e-05,0,0.0391921615676865,0.000499900019996001,0,0,0.0173965206958608,0,0,0,0,0,0,0,0,0,0.0010997800439912,0.0002999400119976,0,0,0.000399920015996801,0,0,0,0,0,0,0,0.00329934013197361,0,0,0,0,0,0,0,0,0,0,9.99800039992002e-05,0,0,0,0,0,0,0.00499900019996001,0
0,0,0,0,0,0,0,0,0,0,0.000199860097931448,0,0,0,0.0350754471869691,0,0,0,0,0,0,0.00169881083241731,0,0.00389727190966324,0,0.285000499650245,0,0,0.00829419406415509,0.00449685220345758,0.0292795043469571,0,0,0.00229839112621165,0,0,0.00129909063655441,9.9930048965724e-05,0,0,0,0,0,0,0,0,0,9.9930048965724e-05,0,0,0,0,0,0,0.000599580293794344,0,0,0,0,0,0,0,0,0.000199860097931448,0,0,0.0168881782752074,0,0.000199860097931448,0,0.00149895073448586,0,0,9.9930048965724e-05,0,0,0.000199860097931448,0,0,0,0,0,0,0,0,0.00109923053862296,0,0,0,0.000699510342760068,0,0.00279804137104027,0.0453682422304387,0,0,0,0,0,0,0,0,0,0,0,9.9930048965724e-05,0,0,0,0,0,0,0,0,0,9.9930048965724e-05,0.00529629259518337,0,0,0.00589587288897772,0,0,0,0,0,0.0132906965124413,0,0,0,0,0,0,0,0,0,0,0,0.00179874088138303,0,0,0,0.0871390026981113,0,0,0,0,0,0.000599580293794344,0,0,0,0,0,0,0.000199860097931448,9.9930048965724e-05,0,0,0,0,0,0,0.000399720195862896,0,0,0,0,0,0,0.000199860097931448,0,0.000599580293794344,0,0,0,0,0,0,9.9930048965724e-05,0,0,0,9.9930048965724e-05,0,0,0,0,0,0,0,0,0.000399720195862896,0,9.9930048965724e-05,0.00159888078345158,0,0,0,0,0,0,0,0,0,0.000199860097931448,0,0.0107924452882982,9.9930048965724e-05,0,0,0.00129909063655441,0,0,0,0,0,9.9930048965724e-05,0,0.000399720195862896,0.0164884580793445,0,0,0,0,0.00099930048965724,0,0,0,0,0.000299790146897172,0,0,9.9930048965724e-05,0,0.060457679624263,0,0,0.000299790146897172,0,9.9930048965724e-05,0.0053962226441491,0,9.9930048965724e-05,0,0,0.0108923753372639,0,0,0,0,0,0,0,9.9930048965724e-05,0,0.000199860097931448,0.0168881782752074,0.00319776156690317,0,0.000599580293794344,0,0,0,0,0.000799440391725792,0,0,0,0,0.00049965024482862,0.266513440591586,0,0,0.0301788747876486,0,0,0,0,0.000599580293794344,0.00049965024482862,0,0,0,0.00359748176276606,0,0,0,0,0,0.000199860097931448,0,0,0,0,0,0.00139902068552014,0.000199860097931448,0.000699510342760068,0,0,0.00639552313380634,0
0,0,0,0,0,0,9.99600159936026e-05,0,0,0,0,0,0,0,0.00189924030387845,0.00909636145541783,0.0110955617752899,0,0,0,0,0.00349860055977609,0,9.99600159936026e-05,0,0.137045181927229,0,0,0.00699720111955218,0,0,0,0,0.00649740103958417,0,0,9.99600159936026e-05,0,0,0.00079968012794882,9.99600159936026e-05,0,0.0202918832467013,0,0,0.00739704118352659,0,0,0,0.00129948020791683,0,0.00999600159936026,0,0,0,0,0,0.000699720111955218,0,0,0,0,9.99600159936026e-05,0,0,0,0,0.00589764094362255,0,0.00819672131147541,0.000699720111955218,0,0,0,0,0,0,0,0,0,0,0,0,0,0,0.00149940023990404,0,0,0.00039984006397441,0,0.00079968012794882,0.00239904038384646,0.00039984006397441,0,0.00269892043182727,9.99600159936026e-05,0,0,0.0104958016793283,0,0.000599760095961615,9.99600159936026e-05,0,0,0,0,0,0.211115553778489,0,0,0.00149940023990404,0,0,0,0,0,0,0.00159936025589764,0.0357856857257097,0,0,0,0.00169932027189124,0,0,0,0,0,0,0,0,0,0,0,0,0,0.00729708116753299,0.00159936025589764,0,0,0.0510795681727309,0.000499800079968013,0.00289884046381447,0,0,0,0,0,0,0.000599760095961615,0.00309876049580168,0,0,0,9.99600159936026e-05,0,0,0,9.99600159936026e-05,0.00469812075169932,0,0,0,0,0,9.99600159936026e-05,0,0,0,0.000899640143942423,0,0,0,0,0,0,0,0,0.00239904038384646,0,0,0,0,0,0,0.000199920031987205,0,0,0,0,0,0,0.000199920031987205,0,0,0,0,0,0,0,0,0,0,0,0,0.00979608156737305,0,9.99600159936026e-05,9.99600159936026e-05,0.00209916033586565,0,0,0,0,0,0,0.0167932826869252,0,0,9.99600159936026e-05,0.00529788084766094,0,0,0,0,0.000899640143942423,0,0,0,0,0,0,0.00229908036785286,0.0257896841263495,0,0,0,0.000599760095961615,0.00159936025589764,0.000599760095961615,0,0.00919632147141144,0,0.00039984006397441,0.000599760095961615,0,0,0,0,0,0,0,0,9.99600159936026e-05,0,0.0285885645741703,0.00189924030387845,0,0,0,0,0,0.000199920031987205,0.00209916033586565,0,0.000499800079968013,0,0,0,0.000699720111955218,0,0,0.0396841263494602,0,0.000699720111955218,0,0,0,0,0.199420231907237,0,9.99600159936026e-05,0.00719712115153938,0,0.00199920031987205,0,0,9.99600159936026e-05,0,0,0,0,0,0,0.0257896841263495,0,0.0342862854858057,0,0,0.00149940023990404,0
0,0,0,0,0,0,0,0,0,0,0,9.99200639488409e-05,0,0.00279776179056755,0.000299760191846523,0,0,9.99200639488409e-05,0,9.99200639488409e-05,0.00349720223820943,0.000299760191846523,0,0,0,0.0392685851318945,0,0,0.000899280575539568,0.00179856115107914,0.0109912070343725,0,0,0.00479616306954436,0,0,0.000199840127897682,0.010691446842526,0,0,0,0,0,0,0,0.00759392486011191,0,9.99200639488409e-05,0,9.99200639488409e-05,0.000199840127897682,0,0,0,0.000699440447641887,0,0,0,0,9.99200639488409e-05,0,0,0,0,0,0,0,0,0,0,0.00499600319744205,0,0,0,0,0.0105915267785771,0,0,0,0.00109912070343725,0,0,0,0,0.0763389288569145,0,0,0,0,0.0197841726618705,0,0.000199840127897682,0.000999200639488409,0,0.000899280575539568,0,0,0,0.0060951239008793,0,0,0,0,0,0,0,0.0120903277378098,0.17496003197442,0,0.00559552358113509,0,0,0,0.0119904076738609,0,9.99200639488409e-05,0,0,0.00649480415667466,0,0,0,0,0,0.0142885691446843,0,0.000199840127897682,0,0.000699440447641887,0,0.00709432454036771,0.0550559552358114,9.99200639488409e-05,0,0,0,9.99200639488409e-05,0.000299760191846523,9.99200639488409e-05,0,0.000699440447641887,0.000199840127897682,0,0,0,0,0.00119904076738609,0,0,0,0.00379696243005596,0.000199840127897682,0,0,0,0,0,0,0,0.00119904076738609,0,9.99200639488409e-05,0,0.365007993605116,0,0,0,0,0,0,0,0,0.00129896083133493,0,0,0,9.99200639488409e-05,0,0.000799360511590727,0,0,0,0,9.99200639488409e-05,0.00269784172661871,0,0,0.0305755395683453,0,9.99200639488409e-05,0,0,0,0,0,9.99200639488409e-05,0,0,0,0.000899280575539568,0,0,9.99200639488409e-05,0,0,9.99200639488409e-05,9.99200639488409e-05,0,0,9.99200639488409e-05,0,9.99200639488409e-05,0.000299760191846523,0.000199840127897682,0,0,0.00119904076738609,0,0.000699440447641887,0.000799360511590727,0.00409672262190248,0,0,0,0,0,0.000599520383693046,0,0.00469624300559552,0,0.0127897681854516,0,0,0.000399680255795364,0.000999200639488409,0,0,0,0,0,0.000199840127897682,0,0.00529576338928857,0.000199840127897682,0,0,0,0.000799360511590727,0,0,0,9.99200639488409e-05,0.0016986410871303,0,0.00309752198241407,0,9.99200639488409e-05,0,0.00189848121502798,0,9.99200639488409e-05,0,9.99200639488409e-05,9.99200639488409e-05,0.0209832134292566,0,0,0,0,0,0.000199840127897682,0.00989208633093525,0.00819344524380496,0,0,0,0,0,0.000499600319744205,0,0,0.00239808153477218,0.00769384492406075,0,0.00139888089528377,0,0,9.99200639488409e-05,0.00139888089528377,0.000999200639488409,0,0,0,0,0.000499600319744205,0,9.99200639488409e-05,0,0,0.000799360511590727,0
0,0.00119940029985007,0,0,0.00409795102448776,0,0.00239880059970015,0.00209895052473763,0,0,0,0.000199900049975012,0,0,0.000699650174912544,0,0.00899550224887556,0,0,0,0,0.00499750124937531,0,0.00339830084957521,0.00429785107446277,0.116841579210395,0,0,0.00339830084957521,0.00129935032483758,0.0310844577711144,0,0,0.00309845077461269,0,0,0,0.0121939030484758,9.99500249875062e-05,0,0,0.000699650174912544,0,0.0137931034482759,0,0.0186906546726637,0,0.00169915042478761,0,0,0.000199900049975012,0,0,0,0.00109945027486257,0,0,9.99500249875062e-05,0,0.0449775112443778,9.99500249875062e-05,0,0,0,0,0.00949525237381309,0.0174912543728136,0,0,0.0015992003998001,0.00279860069965018,0,9.99500249875062e-05,0.00409795102448776,0,0,0,0,0,0.0169915042478761,0,0.00359820089955022,0.00419790104947526,0,0.00129935032483758,0,0,0,0.00139930034982509,0,0,0.000699650174912544,0,0,0,0.00719640179910045,0.00229885057471264,0,0.00189905047476262,0,0,0,0,0.000499750124937531,0,0.00079960019990005,0.00539730134932534,0.0850574712643678,0,0,0.0172913543228386,0,0,9.99500249875062e-05,0,0,0,0.00079960019990005,0.0138930534732634,0,0,0,0,0,0,0.00229885057471264,0.0154922538730635,0.00189905047476262,0,0,0.00629685157421289,0.00509745127436282,0,0,0,0,9.99500249875062e-05,0.000199900049975012,0.000499750124937531,0,0.000399800099950025,0,0,0,0,0,0.00719640179910045,0.00789605197401299,0,0,0.0130934532733633,0.00949525237381309,0,0.000199900049975012,0,0.00409795102448776,0,0,0,0.0126936531734133,0,0.00129935032483758,0.000699650174912544,9.99500249875062e-05,0,0,0.000399800099950025,0,0,0.0278860569715142,0.000599700149925037,0,0,0.000399800099950025,0,0,0.000999500249875062,0.0145927036481759,0.00649675162418791,0.000399800099950025,0,0.000299850074962519,0,0,0.00119940029985007,0.00299850074962519,0,0,0,0,0.000699650174912544,0.0063968015992004,9.99500249875062e-05,0,0,0,0,0,0,0,0,0,0,0.00189905047476262,0,0.00649675162418791,0,0,0,0.00199900049975012,0,0,0,9.99500249875062e-05,0,0.00129935032483758,0.00329835082458771,0.0110944527736132,0.016591704147926,0,0,0.00419790104947526,0,0,0,0,0.0117941029485257,0,0.00209895052473763,0.000699650174912544,0.0132933533233383,0,0.00209895052473763,0.0324837581209395,0,0.000999500249875062,0,0,0.00179910044977511,0.000399800099950025,0,0.00219890054972514,0,0,0.000199900049975012,0,0,0,0,0,0,0.000399800099950025,0.00259870064967516,0,0.000399800099950025,0.00109945027486257,0.00109945027486257,0,0.00129935032483758,0.00609695152423788,0.00109945027486257,0,0,0.000299850074962519,0.00989505247376312,0,0,0,0,0.0197901049475262,0.000699650174912544,0.00619690154922539,0.00789605197401299,0,0,0,0,0,0.00129935032483758,0.118740629685157,0,0,0.0456771614192904,0,0,0,0,0.000499750124937531,0.00789605197401299,0,0,9.99500249875062e-05,0,0,9.99500249875062e-05,0,0.00129935032483758,0,0,0.0171914042978511,0
0,1e-04,0,0,0.004,0,0.0108,0.0023,0,0,0,0,0,1e-04,0.0015,0.0032,0,0,0,0,0.0085,0.0027,0,0.0018,0,0.0978,0,0,0.0064,0,0.0025,0,0,0.0086,8e-04,0,3e-04,0.061,0,0,0,0,0,0,0,0.0367,0.0602,0,0,0,7e-04,0,0,0,0,0.001,0,0,0,0.0358,1e-04,0,2e-04,2e-04,0,0,0.0184,0,0,0.0115,0,0,0,0,0,0,0,0,0,0.0131,0,6e-04,0.0046,0,0,0,0.0115,0,0,0.0034,0,0.0202,4e-04,0,0,0.0048,0,0,0.0119,0,0,0,0,0,0,0,0,0.0131,0,8e-04,0.0113,0,0,0.0945,0,0,0,0.003,0.0083,0,0,0,0,2e-04,0.0039,0,0,0.0217,0,0,0,3e-04,0,0,1e-04,0,0.0015,0,2e-04,0,1e-04,9e-04,0.0014,0,0,0,0.0054,0,0.0011,0,0.0017,0,0,4e-04,0,0,0,5e-04,0,0,0,0,0,0,0,0,0,0,0,0.0023,2e-04,0,1e-04,0,0,0,0.003,0,0.0991,0,0,0,0,0,0.0036,0,6e-04,0,0,0,0,0.0078,0.0032,0,0,0,0,6e-04,0,0,0,0,0,0.0107,0,5e-04,0,0,0,0,0,0,0,0,0.0063,0,0.0093,0.02,0,0,0.0639,0.009,0,0,0,0,0,0,0,0,0.0253,0,0.0051,0.0126,0,0,0,0,0,2e-04,0,0.0022,0,0,0,0,1e-04,0,0,0,0,0,0,0,0,0,1e-04,0,0,0,2e-04,0,0,0.0014,0.0018,0,0,0,0,5e-04,0,0,0.0037,0,0,0,0,0,0,0.0314,0,0,0.0326,0,0,0,0,1e-04,0.0021,0.006,0,0,0,0,0,0,7e-04,0,0,0.0156,0
0,0,0,0,0.0015996800639872,0,0,0,0,0.0001999600079984,0,0,0,0,0.0357928414317137,0,0,0,0,0,0,9.99800039992002e-05,0,0,0,0.749650069986003,0,0,0.00399920015996801,0,0,0,0,0,0,0,0,0,0,0,0,0,0,0,0,0.00379924015196961,0,0,0,0,0,0,0,0,0,9.99800039992002e-05,0,0,0,0,0,0,0,0,0,0,0,0,0,0,0.000399920015996801,0,0,0,0,0,0,0,0,0,0,0.000399920015996801,0,0,0,0,0.0027994401119776,0,0,0.0017996400719856,0,0,0,0,0.0021995600879824,0,0,0,0,0,0,0,0,9.99800039992002e-05,0,0,9.99800039992002e-05,0,0,0,0,0.0026994601079784,0,9.99800039992002e-05,0,0,0,0,0,0,0,0,0,0.000599880023995201,0,0.0016996600679864,0,0,0.0001999600079984,0,0,0.0001999600079984,0,0,0,0,0,0,0,0,0,0,0,0,0,0,0,0,0,0,9.99800039992002e-05,0.0001999600079984,0,0,0,0,0,0.000499900019996001,0.0001999600079984,0.000799840031993601,0,0,0,9.99800039992002e-05,0,0,0,0,0,0,0,0,0,0,0,0,0,0,0,0,0,0,0,0,0,0,0,0,0,0.0020995800839832,0,0,0,0,0,0,0,0,9.99800039992002e-05,0,0,0,0.0298940211957608,0,0,0,9.99800039992002e-05,0,0,0.000699860027994401,0,0,9.99800039992002e-05,0,9.99800039992002e-05,0,0,9.99800039992002e-05,0,0,0,0,0,0,0,0,0.0013997200559888,0,0.00359928014397121,0,0.0001999600079984,0,0,0.0456908618276345,0,0,0,0,0,0,0,0,0,0.00509898020395921,0,0,0,0,0,0,0,0,0,0,0,0,0,0,0,0.000599880023995201,0,0,0,0,0,0,0,0,0,0,0,9.99800039992002e-05,0.0937812437512497,0,0,0,0,0,0,0,0,0,0.0025994801039792,0,0,0,9.99800039992002e-05,0,0,9.99800039992002e-05,0,0,0,0,0,0,0,0.000699860027994401,0,0.0023995200959808,0
0,0,0,0.00159856129483465,0,0,9.99100809271655e-05,0,0,0,0.000399640323708662,0.000199820161854331,0,0,0,9.99100809271655e-05,9.99100809271655e-05,0.000199820161854331,0,0,0.000199820161854331,0.000199820161854331,0,0,0,0.39514437006694,0.000299730242781497,0,0.000299730242781497,0,0.0196822859426516,0,0.000399640323708662,0.00209811169947048,0,0.00309721250874213,0.00189829153761615,0.00589469477470277,0,0,0,0,0,0,0,0.00159856129483465,0.000299730242781497,0,0,0,0,0,9.99100809271655e-05,0,0,9.99100809271655e-05,0,0,0,0.00989109801178939,0,0,0,9.99100809271655e-05,0.00909181736437207,0,0.0195823758617244,0.000799280647417324,0,0,0.00129883105205315,0,0,0.000399640323708662,0,0,0,0,0,0.00439604356079528,0,9.99100809271655e-05,0.00369667299430513,0,0.00239784194225197,0,0.00959136776900789,0,0,0.00589469477470277,0,0.00979118793086222,0.0145868718153662,0,0,0,0,0,0,0,0.00149865121390748,0,0.000199820161854331,0,0,0,0,0.0958137676091518,0.00179838145668898,0.00349685283245079,0.00619442501748426,0.00089919072834449,0,0.0028973923468878,0,0.000199820161854331,0,0,0.00149865121390748,0.000199820161854331,0,0,0,0,0.0226795883704666,0,0,0,9.99100809271655e-05,0.00959136776900789,0,0.00889199720251773,0,0,9.99100809271655e-05,0,0.00149865121390748,0,0,0.000799280647417324,0,0,0.000499550404635828,0,0,0,0.000399640323708662,0,0,0,9.99100809271655e-05,0,0,0,0,9.99100809271655e-05,0,0.000599460485562993,0,0.00779298631231891,0,0.00119892097112599,0,0,0,0,0,0,0,0.000199820161854331,0.000299730242781497,0,0,0.000199820161854331,0,0,0.00129883105205315,0.000799280647417324,0.0153861524627835,0,0,0,0,0,9.99100809271655e-05,0.000299730242781497,0,0,0,0,0,0.000799280647417324,0,0,0,0,0,0,0.000199820161854331,0,9.99100809271655e-05,0.00539514437006694,0,9.99100809271655e-05,0,0.000599460485562993,0,9.99100809271655e-05,0,0,0,0,0,9.99100809271655e-05,0.00389649315615946,0.00339694275152363,0.0111899290638425,0.000299730242781497,0.00149865121390748,0,0.00109901089019882,0,0,0,0,0.000299730242781497,0,0,0,0,0.0054950544509941,0,0.00179838145668898,0.0375661904286142,0,0,0,0.000199820161854331,0,0,0,0.0545509041862324,0,9.99100809271655e-05,0,0.00309721250874213,9.99100809271655e-05,0.000299730242781497,0,0,0,0.000199820161854331,0.00109901089019882,0,0.000699370566490159,0.000199820161854331,0.00089919072834449,0,0,0,0.000199820161854331,0,0,0.000399640323708662,0,0,9.99100809271655e-05,0,0,0.0919172744529923,0.000699370566490159,9.99100809271655e-05,0,0,0,0,0,0,0.00339694275152363,0.000599460485562993,0,0,0.0060945149365571,0,0,0,0,0,0.0323708662204016,0.000499550404635828,0,0,0,0,0.00669397542212009,0,0,0,0,0.00829253671695474,0
0,0.0002999400119976,0,0,0,0,0.0015996800639872,0.0016996600679864,0,0,0,0,0,0,0.0226954609078184,0,0.002999400119976,0,0,0,0,0,0,0,0,0.0436912617476505,0,0,0.0215956808638272,9.99800039992002e-05,0.011497700459908,0,0,0.00329934013197361,0,0,0.000499900019996001,0.0022995400919816,9.99800039992002e-05,9.99800039992002e-05,0,0,0,0,0,0,0,0,0,0.000599880023995201,0,0,0,0,9.99800039992002e-05,0,0,0.0002999400119976,0,0.0017996400719856,0,0.0002999400119976,0,0,0,0,0.0022995400919816,0.0002999400119976,0,0.00359928014397121,9.99800039992002e-05,0.0002999400119976,0,0,0,0,0,0,0,0.0026994601079784,0,0,0,0,0,0.000499900019996001,0,0,0,0.0018996200759848,0.00759848030393921,0.0018996200759848,0,0,0,0.000599880023995201,0,9.99800039992002e-05,0,0,0,0,0,0,0,0,0,0.307838432313537,0,0,0,0,0,9.99800039992002e-05,0,0,0,0,0.000399920015996801,0,0,0,0,0,0,0.0025994801039792,0,0,0,0,0,0,0,0,0,0,0.00809838032393521,0,0,0,0.00509898020395921,9.99800039992002e-05,0,0,0,0,0,0,0,9.99800039992002e-05,9.99800039992002e-05,9.99800039992002e-05,0,0.0001999600079984,9.99800039992002e-05,0,0,0,0,0.00399920015996801,0,0,0,0,0,0,9.99800039992002e-05,0,0,0,0.000899820035992801,0,0.000599880023995201,0,0,0,0,9.99800039992002e-05,0.0100979804039192,0,0,0,0,0,0,0,0,0,0,0,0,0,0.0001999600079984,0.000399920015996801,0,0,0,9.99800039992002e-05,0,0.0703859228154369,0,0,0,0,0.131573685262947,0.00769846030793841,0.0001999600079984,9.99800039992002e-05,0.0001999600079984,0.0013997200559888,0,0,0,0.0001999600079984,9.99800039992002e-05,0,0,0,0,0.000599880023995201,0,0.0010997800439912,0,0,9.99800039992002e-05,0,0,0,0,0,0.000999800039992002,0,9.99800039992002e-05,0.274545090981804,0,0,9.99800039992002e-05,0,9.99800039992002e-05,0,0,0,0,0,0,0.0028994201159768,0,0,9.99800039992002e-05,0,0,0,0,0,0,0,0.000499900019996001,0,0,0.0017996400719856,0,0,9.99800039992002e-05,0.000499900019996001,0,0,0,0,0.0010997800439912,0.010997800439912,0,0,0.0030993801239752,0,0,0,9.99800039992002e-05,0,0,0.0002999400119976,0,9.99800039992002e-05,0,0,9.99800039992002e-05,0,0,0,0,0.0001999600079984,0,0,0,0,0.001999600079984,0,0.00539892021595681,0,0,0.0022995400919816,9.99800039992002e-05
0,0,0,0,0,0,0.000699650174912544,0,0,0,0,0,0,0,0.000199900049975012,0.00139930034982509,0.00719640179910045,0,0,0,0,0,0.000199900049975012,0.000699650174912544,0,0.109845077461269,0,0,0.000899550224887556,0.00259870064967516,0.0121939030484758,9.99500249875062e-05,0,0.0227886056971514,0,0,0.015592203898051,0,0,0.000499750124937531,0,0,0,0,0,0.00109945027486257,0,0,0,9.99500249875062e-05,0,0.000499750124937531,0.000299850074962519,0,0,0,0,0,0,0.0239880059970015,0,0,0,0,0,0,0.00299850074962519,0,0,0.0103948025987006,0.00289855072463768,0,0,0,0,9.99500249875062e-05,0,0,0,0,0,0,0.0229885057471264,0,0,0,0.000899550224887556,0,0.000199900049975012,0,0,0,0.0172913543228386,0,0.000199900049975012,0.00129935032483758,9.99500249875062e-05,0,0.00659670164917541,0,0,0.00349825087456272,0,0,0,0,0,0.0270864567716142,0,0,0.00759620189905048,9.99500249875062e-05,0,0,0,0,0,0,0.00499750124937531,0,0,0,0,0.00079960019990005,0.0651674162918541,0,0,0,9.99500249875062e-05,0,0,0,0,0,0,0,0.000299850074962519,9.99500249875062e-05,0.000199900049975012,0,0.000599700149925037,0.000299850074962519,0,0,0,0,0,0,0,0.000899550224887556,0.00129935032483758,0.000699650174912544,0,0,0.00389805097451274,0,0,0,0,0.0172913543228386,0,0.00139930034982509,0,9.99500249875062e-05,0,0,0.000499750124937531,0,0,0.0015992003998001,0,0.000299850074962519,9.99500249875062e-05,0,0,0,0.000999500249875062,0.0135932033983008,0,0,0,0,0,9.99500249875062e-05,0.00239880059970015,0,0,0,0,0,0,0.0222888555722139,0,0,0,9.99500249875062e-05,0,0,0,0.023288355822089,0,0.000999500249875062,0,9.99500249875062e-05,0,0.00779610194902549,0,9.99500249875062e-05,9.99500249875062e-05,0.00119940029985007,9.99500249875062e-05,0,0,0,0,0,0,0,0.0231884057971014,0,0.0351824087956022,0.00209895052473763,0,0,0,9.99500249875062e-05,0,0,0,0,0,0,0.00339830084957521,0.0209895052473763,0,0,0,0,0.000499750124937531,9.99500249875062e-05,0,0.00289855072463768,0,0.000299850074962519,0.000399800099950025,0,0,0,0,0,0,0,0,0,0,0.000299850074962519,0,0,0,0,0.000299850074962519,0,0,0,9.99500249875062e-05,0,0.00179910044977511,0,0,9.99500249875062e-05,0,0,0.0511744127936032,0,9.99500249875062e-05,0,0,0,0,0.266966516741629,0,0.000199900049975012,0.0355822088955522,0,9.99500249875062e-05,0.00149925037481259,0,0,0,0,0,0,0,0,0.04007996001999,0,0.0191904047976012,0,0,0.0143928035982009,0
0,0,0,0,0,0,0,0,0,0,0,0,9.99800039992002e-05,0,0.00579884023195361,0,0,0.000499900019996001,0,0,0,0.00649870025994801,0,0.001499700059988,0,0,0,0,0,0.000399920015996801,0,0,0,0.00659868026394721,0,0,0,0,0,9.99800039992002e-05,0,0,0,0.0018996200759848,0,0,0,0.000399920015996801,9.99800039992002e-05,0,0.000999800039992002,0.00399920015996801,0,0,0.00649870025994801,0,0,0,0,0,0,0,0,0.0160967806438712,0,0,0.0383923215356929,0,0,0,0.00709858028394321,0,0,0,0,0,0,0,0,0.0263947210557888,0,0,0.0112977404519096,0,0,0.0002999400119976,0,0,0,0.00499900019996001,0,0.0116976604679064,0.000399920015996801,0,0,0,0,0,0,9.99800039992002e-05,0,0,0,0,0,0,0,0,0,0.00609878024395121,0,0,0.0001999600079984,0,0,0,0,0.0010997800439912,0.0128974205158968,0,0,0,0,0,0.00479904019196161,0,0,0,0.00449910017996401,0.000899820035992801,0,0,0.000499900019996001,0,0,0,0.0010997800439912,0,0,0,0.0030993801239752,0,0,0,0,0,0.0210957808438312,0,0,0,0.0011997600479904,0,0,0,9.99800039992002e-05,0,0,0,0.0016996600679864,0,0,0,0,0,0,0,0,0.000899820035992801,0,0,0.00599880023995201,0,9.99800039992002e-05,0,0,0.000399920015996801,0,0.000399920015996801,0.0833833233353329,0,0,0,0,0,0.0021995600879824,0,0,0,0,0,0,0,0,0,0,0,0,0,0,0,0,0,9.99800039992002e-05,0.378924215156969,0,0.0521895620875825,0.0010997800439912,0.0011997600479904,0,0.0026994601079784,0,0,0.00519896020795841,0,0,0.0001999600079984,0,0.0328934213157369,0.0021995600879824,0,0,0.0131973605278944,0,0,0.0002999400119976,0,0,0,0,0,0.0180963807238552,0,0,0.117176564687063,0,0,0,0,0,0,0,0,0,0,0,0.00669866026794641,0,0,0,0,0,0.000699860027994401,0,0,0.00739852029594081,0,0.0002999400119976,0,0.0010997800439912,0.0013997200559888,0.0028994201159768,0,0,0,0,0,0,0,0.00679864027194561,0.0025994801039792,0,0,0.00969806038792242,0,0.00599880023995201,0.000699860027994401,0,0,0,0,0,0,0,0,0,0,0,0.000999800039992002,0.00669866026794641,0.011497700459908,0,0,0,0,0.0002999400119976,0,0,0,0,0.00389922015596881,0
0,0,0,0,0,0,0.0001000200040008,0,0,0,0,0,0,0,0.0002000400080016,0,0,0,0,0,0,0,0,0.0021004200840168,0,0.109521904380876,0,0,0.000800160032006401,0.0017003400680136,0.0552110422084417,0,0,0.0012002400480096,0,0,0.0852170434086817,0,0,0,0,0.0012002400480096,0,0,0,0.013502700540108,0,0,0,0.0001000200040008,0,0,0,0,0,0,0,0,0.000500100020004001,0.0406081216243249,0,0,0,0.0022004400880176,0,0,0.00720144028805761,0.0003000600120024,0,0,0,0,0,0,0,0.023004600920184,0,0,0,0,0,0,0,0,0,0,0.0001000200040008,0,0,0,0,0,0.0024004800960192,0,0,0,0.000400080016003201,0,0,0,0,0,0,0,0,0,0,0.137327465493099,0,0,0.0016003200640128,0,0,0,0,0,0,0,0.00810162032406481,0,0,0,0,0,0.0184036807361472,0.00680136027205441,0,0,0,0,0,0,0,0,0,0,0.000700140028005601,0,0,0,0.0001000200040008,0,0,0,0,0,0,0,0,0,0,0,0,0,0,0,0,0,0,0,0,0,0,0,0,0.0002000400080016,0,0,0,0.000700140028005601,0,0,0,0,0,0,0.0022004400880176,0,0,0,0,0,0,0,0,0,0,0,0,0.00340068013602721,0,0.0223044608921784,0,0,0,0,0,0,0,0,0,0,0,0,0,0,0,0,0,0,0.00660132026405281,0,0,0,0,0,0,0,0.0629125825165033,0,0,0,0,0,0,0,0,0,0,0,0,0,0,0.0123024604920984,0,0,0,0,0.0026005201040208,0,0,0.0017003400680136,0,0,0,0,0,0,0,0,0,0,0,0,0,0,0,0,0,0,0,0,0,0,0,0,0,0,0,0.000600120024004801,0,0,0.00680136027205441,0,0,0,0,0,0,0.344768953790758,0,0,0.0119023804760952,0,0,0,0,0,0,0,0,0,0,0,0,0,0.000400080016003201,0,0,0,0
0,0,0,0.0011001100110011,0,0,0,0.0016001600160016,0,0,0,0,0,0,0.0026002600260026,0,0,0,0,0,0.0001000100010001,0.0025002500250025,0,0,0,0.263826382638264,0.0001000100010001,0,0.0057005700570057,0.0009000900090009,0.0084008400840084,0.0008000800080008,0,0.0124012401240124,0.0138013801380138,0,0.0009000900090009,0.0044004400440044,0,0,0,0.0012001200120012,0.0175017501750175,0.001000100010001,0,0.0266026602660266,0,0.0003000300030003,0,0,0,0.0001000100010001,0,0,0,0,0,0.0001000100010001,0,0.0013001300130013,0.0001000100010001,0.0004000400040004,0,0.0002000200020002,0,0,0.0058005800580058,0,0,0.0058005800580058,0,0,0,0.0007000700070007,0,0,0,0,0,0.0054005400540054,0,0.004000400040004,0,0.0008000800080008,0.0016001600160016,0.0005000500050005,0.0148014801480148,0,0,0,0,0.0002000200020002,0,0,0,0.0006000600060006,0,0,0,0,0.003000300030003,0.0005000500050005,0,0,0,0,0.0228022802280228,0.0792079207920792,0,0.0005000500050005,0.0045004500450045,0,0,0.0016001600160016,0,0,0,0,0.0125012501250125,0.0002000200020002,0,0,0,0.0008000800080008,0.0022002200220022,0,0,0,0.0002000200020002,0,0,0.0173017301730173,0,0,0,0,0.0005000500050005,0,0.0004000400040004,0,0.0015001500150015,0.0006000600060006,0.0017001700170017,0,0,0,0.002000200020002,0.0023002300230023,0,0.0002000200020002,0.0012001200120012,0,0,0.0013001300130013,0,0,0,0.0004000400040004,0,0.0041004100410041,0.0001000100010001,0.0008000800080008,0,0,0,0,0,0,0,0,0.001000100010001,0,0.0002000200020002,0,0,0,0.0012001200120012,0,0.0007000700070007,0.0001000100010001,0,0,0,0,0.0013001300130013,0,0,0,0,0.0056005600560056,0,0.0051005100510051,0,0.0001000100010001,0,0,0,0,0.0002000200020002,0,0,0,0,0.0091009100910091,0.0202020202020202,0.0042004200420042,0.0001000100010001,0,0,0,0.0001000100010001,0,0.0009000900090009,0,0.0004000400040004,0.0028002800280028,0.0081008100810081,0.0147014701470147,0,0.0004000400040004,0.0066006600660066,0.0017001700170017,0,0,0,0,0,0,0.006000600060006,0,0.006000600060006,0,0.0013001300130013,0.0707070707070707,0,0,0.0013001300130013,0.0007000700070007,0.0016001600160016,0.0063006300630063,0,0.0361036103610361,0,0,0,0,0,0,0,0,0.0016001600160016,0.0003000300030003,0,0,0,0.0006000600060006,0,0,0.0001000100010001,0.0003000300030003,0,0,0.0006000600060006,0.0002000200020002,0.0002000200020002,0,0,0,0.0009000900090009,0.0064006400640064,0.0004000400040004,0.0004000400040004,0.069006900690069,0,0,0,0,0,0.0007000700070007,0.0891089108910891,0,0,0.028002800280028,0,0,0,0,0,0.0075007500750075,0.0002000200020002,0,0,0,0,0.0009000900090009,0,0.0005000500050005,0,0,0.0067006700670067,0
0,0,0,0,0,0,0,9.99600159936026e-05,0,0,0,0.000199920031987205,0,0,0.0269892043182727,0.000299880047980808,0.000199920031987205,0,0,0,0,9.99600159936026e-05,0,0,0,0.0259896041583367,0,0,0.0135945621751299,9.99600159936026e-05,0.0038984406237505,0,0,0.000699720111955218,0,0,9.99600159936026e-05,0,0,9.99600159936026e-05,0,0,0.00539784086365454,0.00149940023990404,0,0,0,0,0,0,0,0,0,0,0.00109956017592963,0,0,0,0,0.000599760095961615,0,0,0,0,0,0,0,0,0,0,9.99600159936026e-05,0,0,9.99600159936026e-05,0,0,0,0,0,9.99600159936026e-05,0,0,0,0,0,0,9.99600159936026e-05,0,0.000299880047980808,9.99600159936026e-05,0,0.000999600159936026,0.0113954418232707,0,0.00279888044782087,0.00249900039984006,0,0,0,0,0,0.00589764094362255,0,0,0,0,0,0.230207916833267,0,0,0.00339864054378249,0,0,0.00119952019192323,0,0.000299880047980808,0,0,0.000299880047980808,0.00079968012794882,0,0,0,9.99600159936026e-05,0.00109956017592963,0,0,0,0,0,0,0.0176929228308677,0,0.000299880047980808,0,0,0.0385845661735306,0,0,0,0,0,0.00179928028788485,0,0,0,0,0,9.99600159936026e-05,0,0,0,0,0,0,0,0,0,0,0,0,0,0,0,0,0,0,0,0,0,0,0,9.99600159936026e-05,0,0,0,0,9.99600159936026e-05,0,0,0,0,0,0,9.99600159936026e-05,0,0,0,0,0,0,9.99600159936026e-05,0,0,0,0,0,0,0,0,0,0,0.139644142343063,0,0,0,0,0,0,0,0,0,0,0,0,0,0,0,0.00719712115153938,0,0,0,0,0,0,0.00039984006397441,0,0,0.00119952019192323,0,9.99600159936026e-05,0,0,0.00689724110355858,0,0,0,0,0,0,0,0.00279888044782087,0,0,0,0,0,0,0,0,0,0,0,0,0,9.99600159936026e-05,0,0,9.99600159936026e-05,9.99600159936026e-05,0,0,0,0.000299880047980808,0,0,0.000599760095961615,0,0,0.405637744902039,0,0,0.0256897241103559,0,0.00369852059176329,0,0,0,0,9.99600159936026e-05,0,0,0.00239904038384646,0,0,0,0,0,0,9.99600159936026e-05,0,0,0,0,0.00039984006397441,0,0.00079968012794882,0,0,9.99600159936026e-05,0
0,0.0004999500049995,9.99900009999e-05,0.0025997400259974,0,0,0.0012998700129987,0,0,0,0,0,0.0002999700029997,0,0.0056994300569943,0,0.0077992200779922,9.99900009999e-05,0.0001999800019998,0,0,0.005999400059994,0,0,0.0003999600039996,0,0,0,0.0022997700229977,0.0034996500349965,9.99900009999e-05,0.002999700029997,0,0.0081991800819918,0,0,9.99900009999e-05,0.00999900009999,0,0,0,0,0,0,0,0.0208979102089791,0,0,0,0,0,9.99900009999e-05,0.0002999700029997,0,0,0,0,0,0,0.0018998100189981,0,0,0,0,0,0,0.0030996900309969,0,0,0,0,0,0,0,0.0903909609039096,0,0.0001999800019998,0,0,0,0,0,0,0,0.008999100089991,0.0225977402259774,0,0.0001999800019998,0,0.002999700029997,0,0.0127987201279872,0.0005999400059994,0,0,0,0,0,0,0.0045995400459954,0,0.0120987901209879,0.0001999800019998,0,0,0,0,0,0,0,0.0006999300069993,0.068993100689931,0,0,0,0,0.0002999700029997,0,0.0024997500249975,0.0038996100389961,0.0003999600039996,0,0.0003999600039996,0,0,0,0.0128987101289871,0,0,0,0,0,0,0,0,0,0,0,0,0,0.0128987101289871,0.0001999800019998,0,0,0,0,0.0055994400559944,0,9.99900009999e-05,0,0,0,0,0,0,0,0,0,0.0001999800019998,0.0003999600039996,0.001999800019998,0,0,0,0,0,0.0002999700029997,0,9.99900009999e-05,0,0,0,0,0,0,0,0,0,0.0141985801419858,9.99900009999e-05,0,0,0,0,0.0031996800319968,0.0021997800219978,0,0,0,0,0,0.0082991700829917,0.0002999700029997,0,0.0004999500049995,0,0.0315968403159684,0,0,9.99900009999e-05,0.0003999600039996,0,0,0,0,0.0371962803719628,0,0,0,9.99900009999e-05,0,0,0,0,0,0,0,0,0,0,9.99900009999e-05,0,0,0,0,0,0,0,0,0,0.0244975502449755,0,0.0002999700029997,0.0710928907109289,0,0,0,0,0,0.0276972302769723,0,0,0.010998900109989,0,0.0002999700029997,0,0,0.0001999800019998,0,0,0,0,0,0,0,0,0.0016998300169983,0,0,0.0105989401059894,0.0007999200079992,0,9.99900009999e-05,0,9.99900009999e-05,0,0,0.006999300069993,0,0.0454954504549545,0,0,0.0197980201979802,0.0001999800019998,9.99900009999e-05,0,0,0,0,0.234776522347765,0,0,0.0012998700129987,0.0002999700029997,0.0037996200379962,0.0822917708229177,0,0,0.0052994700529947,0,0.0002999700029997,0,0,0.0005999400059994,0,0,0.0008999100089991,0,0,0.0050994900509949,0
0,0.000999800039992002,0,0,0.000799840031993601,0,0.0002999400119976,0.0023995200959808,0,0,0,0.000499900019996001,0,0,0.000399920015996801,0,0,0,0,0,0.00579884023195361,0.000999800039992002,0,0.0011997600479904,0,0.124075184963007,0,0,0.0002999400119976,0,0,0,0,0.00609878024395121,0.000599880023995201,0,0.00789842031593681,0.0105978804239152,0,0,0,0.0010997800439912,0,0.0141971605678864,0,0.0136972605478904,0,0,0,0,0,9.99800039992002e-05,0,0,0,0.0001999600079984,0,0,0,0.00539892021595681,0,0,0,0,0,0.0010997800439912,0.0236952609478104,0,0.000899820035992801,0,0.0030993801239752,0,0,0.0103979204159168,0,0,0,0,0,0.0167966406718656,0,0.0011997600479904,0,0,0.0551889622075585,0,0.00859828034393121,0,0,0.00629874025194961,0,0,0.00329934013197361,0,0,0.00529894021195761,9.99800039992002e-05,0,0.00879824035192961,0,0,0.0013997200559888,0,0,0,0,0.0198960207958408,0.0507898420315937,0,0,0.00369926014797041,0,0,0.114577084583083,0,0,0,0,0.0018996200759848,0,0,9.99800039992002e-05,0,9.99800039992002e-05,0.00819836032793441,0,0,0,0,0,0.001999600079984,0.0281943611277744,0,0,0,0.0020995800839832,0.000399920015996801,0,0.000799840031993601,0,0.000599880023995201,0.0002999400119976,0.001999600079984,0,0.00689862027594481,0,0,0,0,0,0.000399920015996801,0.00709858028394321,0,0,0,0,0,0,0,0.00579884023195361,0,0,0,0.0539892021595681,0,0,0.000599880023995201,0,0,0.0018996200759848,0,0,0,0,0,0,0.001499700059988,0.0138972205558888,0,0,0,0.0020995800839832,0,0.0001999600079984,0.0027994401119776,0,0,0,0,0,0,0.00659868026394721,0,0,0,0,0,0,0,0,0,0,0,0,0,0.000899820035992801,0,0,0,0,0,0,0,0,0.001499700059988,0,0,0.0018996200759848,0,0,0,0,0,0,0,0.0002999400119976,0.00399920015996801,0,0.00499900019996001,0,0.0150969806038792,0,0.001499700059988,0.0339932013597281,0,0,0,0,0.0010997800439912,0,0,0,0,0,0,0,0,0,0,0,0.0111977604479104,0,0,0,0,0,0,0,0,0.00409918016396721,0,0,0,0.000399920015996801,0.002999400119976,0,0,0,0,0.0018996200759848,0,0,0.00579884023195361,0,0,0,0,0,0,0.21125774845031,0,0,0.00519896020795841,0,0,0,0,0,0,0.0010997800439912,0,0,0,0,0,0,0.000499900019996001,0,0,0.00369926014797041,0.00329934013197361
0,0,0,0,0,0,0,0,0,0,0,0,0,0,0,0,0,0.000799840031993601,0,0,0.00859828034393121,0.000699860027994401,9.99800039992002e-05,0.000999800039992002,0,0.195260947810438,0,0,0.0026994601079784,0,0,0,0,0.0143971205758848,0,0,0.000899820035992801,0.00589882023595281,0,0,0,0,0,0.00599880023995201,0,0.00829834033193361,0,0.000799840031993601,0,0,0,0,0,0,0,0,0,0,0,0.0205958808238352,0,0.00669866026794641,0,0,0,0,0.001999600079984,0.00249950009998,0,0,0,0,0,0,0,0.0524895020995801,0,0,0,0,0,0,0,0,0,0.000399920015996801,0,0,0,0.0011997600479904,0,0.010497900419916,0,0,0,0,0,0,0.00509898020395921,0,0,0,0,0,0,0,0.0123975204959008,0,0,0.0378924215156969,0,0,0,0.0202959408118376,0,0,9.99800039992002e-05,0.0001999600079984,0,0,0,0,0,9.99800039992002e-05,0.00809838032393521,0,0,0,0.001499700059988,0,0,0.000699860027994401,0,0.000399920015996801,0,0,0.0020995800839832,0,0,0,0,0,0,0,0,0,0,0,0,0,0,0,0,0.00379924015196961,0,0,0,0,0,0,0,0,0,0.000499900019996001,0,0,0,0,0,0,0,0,9.99800039992002e-05,0,0,0,0,0.00549890021995601,0.00549890021995601,0.000399920015996801,0,0,0,0,0,0,0,0,0,0,0,0,0.0002999400119976,0,0,0,0,0,0,0,0,0,0,0,0.0458908218356329,0.000599880023995201,0,0,0,0.000599880023995201,0,0,0.0017996400719856,0,0.000999800039992002,0,0.00689862027594481,0,0.0150969806038792,0.0002999400119976,0,0,0,0,0,0,0,0,0,0,0.0122975404919016,0,0,0.0012997400519896,0,0,0,0,0,0,0,0,0,0,0,0,9.99800039992002e-05,0,0,0,0,0.0001999600079984,0.000399920015996801,0,0,0,0,0,0.0010997800439912,0.0011997600479904,0,0.001999600079984,0,0,0,0,0,0.00439912017596481,0.000999800039992002,0.0017996400719856,0,0,0.0132973405318936,0.0001999600079984,0,0,0,0,9.99800039992002e-05,0.421615676864627,0,0,0.0135972805438912,0,0,0,0,9.99800039992002e-05,0.00449910017996401,0,0,0,0,0,0.0017996400719856,0,0,0,0,0,0
0,0,0,0,0,0,0,0,0,0,0,0,0,0,0.00289855072463768,0,0.00709645177411294,9.99500249875062e-05,0,0,0.000699650174912544,0.00229885057471264,0,9.99500249875062e-05,0,0,0,0.000699650174912544,0.000399800099950025,0.0149925037481259,0.250574712643678,0,0,0.00129935032483758,0,0,0,0,0,0,0,0,0,0,0,0,0,0.000199900049975012,0,0,0,0,0,0,0,0,0,0,0,0.00409795102448776,0,0,0,9.99500249875062e-05,0,0,0.0183908045977011,0,0,0.00209895052473763,0,0,0,0,0,0,0,0,0,0.00259870064967516,0,0,0,0,0,0.000899550224887556,0,0,0,0,0,0.000299850074962519,0.000299850074962519,0,0,0,9.99500249875062e-05,0,0,0,0,0.000699650174912544,0,0,0,0,0,0.31224387806097,0,0,0,0,0,0,0,0.00339830084957521,0,0,0.00539730134932534,0,0,0,0,0.000199900049975012,0.00229885057471264,0,0,0,0,0,0,0,0,0,0,0,0.00129935032483758,0,9.99500249875062e-05,0,0.00519740129935032,0,0,0.000299850074962519,0,0,0.00659670164917541,0,0,0,0,0,0.000199900049975012,0.000999500249875062,0,0,0,9.99500249875062e-05,0,0,0,0,0,0,0.000199900049975012,0,0.000399800099950025,0,0,0,0.000399800099950025,0,9.99500249875062e-05,0,0,0,0,0,0,0,0,0,0,0,0.00149925037481259,0,0,0,0,0,0.00649675162418791,0.0215892053973013,0,0.00149925037481259,0,0,0,0,0,0,0,0,0,9.99500249875062e-05,0,0.00339830084957521,0.000299850074962519,0,9.99500249875062e-05,0,0.000199900049975012,0,0,0,0,9.99500249875062e-05,0.00489755122438781,0,0.00539730134932534,0,0,0.00239880059970015,0,0,0,0,0,0,0,0,0,9.99500249875062e-05,0,0.00359820089955022,0,0,0,0,0,0.00329835082458771,0,0,0,0,0.0116941529235382,0,0,0,0,0,0,0,0,0,0.00289855072463768,0.000599700149925037,0.000399800099950025,0,0,0,9.99500249875062e-05,0,0,9.99500249875062e-05,0,0,0,0,0,0.104047976011994,0,0,0.00169915042478761,0,0,0.000199900049975012,9.99500249875062e-05,0,0,0.166516741629185,0,0,0.000299850074962519,0.000399800099950025,0,9.99500249875062e-05,0,0,0,0,0,0,0,0,0.00369815092453773,0,0.00079960019990005,0,0,0.000999500249875062,0
0,0,0,0,0,0,0.00189924030387845,9.99600159936026e-05,0,0,0,0.000499800079968013,0,0.0144942023190724,0.0126949220311875,0,0,0,0,0,9.99600159936026e-05,0,9.99600159936026e-05,0.00079968012794882,0,0.12734906037585,0,0,0.0131947221111555,0.00119952019192323,0.0400839664134346,0,0,0.000699720111955218,0,0,0.00259896041583367,0.000999600159936026,0.00239904038384646,0,0,0.000599760095961615,0.0200919632147141,0.00039984006397441,0,9.99600159936026e-05,0,0,9.99600159936026e-05,9.99600159936026e-05,0,0,0,0,0,0,0,0,0,0.000499800079968013,0,0.00039984006397441,9.99600159936026e-05,0,0.0039984006397441,0,0.00439824070371851,0,0,0,0,0,0,0,0,0,0,0,0,9.99600159936026e-05,0,0,0.000499800079968013,0,0.00149940023990404,0,0,0,0.000299880047980808,0.00199920031987205,0,0.0459816073570572,0.0440823670531787,0,0,0.000199920031987205,0,0,0.000599760095961615,0,0.00229908036785286,0.000499800079968013,0,0,0,0,0,0.0851659336265494,0,0,0,0,0,0.00429828068772491,0,0,0,0.000199920031987205,0.000899640143942423,0,0,0,0,0,0.0127948820471811,0,0,0,0,0,0,0.00439824070371851,0,0.000499800079968013,0,0,0.0388844462215114,0,0,0,0,0,0,0,0,0.00119952019192323,0,0,0,0.000199920031987205,9.99600159936026e-05,0,0,0,9.99600159936026e-05,0,0,0,0,0.0038984406237505,0,0,0,0,0,0,0,0,0,0,0,0,0.0102958816473411,0,0,0,0,9.99600159936026e-05,0.0104958016793283,0,0,0,0,0,9.99600159936026e-05,0,0,0,0,9.99600159936026e-05,0,0.0102958816473411,0.000299880047980808,0,0,0,0,0,0,0,0,0,0,0,0,0,0.000199920031987205,0,0,9.99600159936026e-05,0,0,0,9.99600159936026e-05,0.000199920031987205,0,0.0593762495001999,0,9.99600159936026e-05,9.99600159936026e-05,0,0.00219912035185926,0,0,0,0,0,0,0.00039984006397441,0,0.00329868052778888,0,0,0.184326269492203,0,0,0,0,0,0,0,0.0079968012794882,0,0,0,0,0,0,0,0,0.000499800079968013,9.99600159936026e-05,0,0,0.000199920031987205,0.000499800079968013,0,0,0,0,0,0,0,0.000299880047980808,0,0,0,0,0,0.162834866053579,0,0.00179928028788485,0.0285885645741703,0,0.00199920031987205,0,0,0,0.00079968012794882,0.00169932027189124,0,0,0.000699720111955218,0,0,0,0,0,0,0,0,0,0,0,0.00619752099160336,0,0.000299880047980808,0,0,0.00269892043182727,0
0,0,9.99500249875062e-05,0,0,0,9.99500249875062e-05,0.00119940029985007,0,0,0,0.000299850074962519,0,9.99500249875062e-05,9.99500249875062e-05,0,0.00079960019990005,9.99500249875062e-05,0,0,0.000999500249875062,0.00199900049975012,0,9.99500249875062e-05,0.000399800099950025,0.048775612193903,0,0,0.000399800099950025,0.00209895052473763,0,0,0,0.00239880059970015,0.000399800099950025,0,0.0262868565717141,0.0171914042978511,0,0,9.99500249875062e-05,0.00289855072463768,0.0145927036481759,0,0,0.0164917541229385,0.0174912543728136,0,0,9.99500249875062e-05,0,0.00079960019990005,0.000299850074962519,0,0,0.000599700149925037,0,0,0,0.0199900049975013,0,9.99500249875062e-05,9.99500249875062e-05,0,9.99500249875062e-05,9.99500249875062e-05,0.114842578710645,0,0,0,0,0,0,9.99500249875062e-05,0,0,0,9.99500249875062e-05,0,0.0329835082458771,0,0,0.00569715142428786,0,0.0363818090954523,0,0.00849575212393803,0,0.000699650174912544,9.99500249875062e-05,0,0.00279860069965018,0.000499750124937531,0,0,9.99500249875062e-05,0.00079960019990005,0,0.000399800099950025,0.000299850074962519,0.00349825087456272,0,0,0,9.99500249875062e-05,0,0.00419790104947526,0.213793103448276,0.00399800099950025,0,0.00559720139930035,0,0,0.00609695152423788,0,0,0,0,0.0180909545227386,0,0,0.000299850074962519,0,0,0.000399800099950025,0.0126936531734133,0,0.0107946026986507,0.0301849075462269,0,9.99500249875062e-05,9.99500249875062e-05,0,0.00079960019990005,0.000299850074962519,0,9.99500249875062e-05,0,0.000399800099950025,0,0,0.000299850074962519,0.000599700149925037,0,0.00419790104947526,0,0.00749625187406297,0.00139930034982509,0,0,0.000699650174912544,0.00169915042478761,0,0,9.99500249875062e-05,0,0,0.000199900049975012,0.00209895052473763,0,0,0,0,0.0292853573213393,0.00399800099950025,0,0.000399800099950025,0,0,9.99500249875062e-05,0.00129935032483758,0,0,0,0,0,0.00209895052473763,0,0.0538730634682659,0,9.99500249875062e-05,0,0,0,0.00389805097451274,0.000499750124937531,0,0.000599700149925037,0,0,0,0.015792103948026,9.99500249875062e-05,0,0,0,0,0,0,0,0.000299850074962519,0,0,0,0,0.0123938030984508,0,0,0,9.99500249875062e-05,0,0,0.0131934032983508,0.00109945027486257,0,0.00129935032483758,0.0171914042978511,0.0220889555222389,0.00819590204897551,0.000199900049975012,0,0.00129935032483758,0,0,0.000199900049975012,0.00129935032483758,0,0,0.00299850074962519,0.000599700149925037,0.00509745127436282,0.00199900049975012,0.00249875062468766,0.00259870064967516,0,0,0,0,0,0,0,0,0,0.000299850074962519,0,0,0,9.99500249875062e-05,0,0,0,0.00399800099950025,0.00219890054972514,9.99500249875062e-05,0,0,0.000599700149925037,0,0.00129935032483758,0,9.99500249875062e-05,0,0,0,0,9.99500249875062e-05,0,0,0,0.00989505247376312,0,0.00369815092453773,0.00289855072463768,0,0.000199900049975012,0,0,0,0.00139930034982509,0.0112943528235882,0,0,0.0296851574212894,0,0,0,0,9.99500249875062e-05,0,0.00179910044977511,0,0,0,0,0,0,0.000199900049975012,0,0,0.0110944527736132,0
0,0.00160048014404321,0,0,0.00140042012603781,0,0.000200060018005402,0,0,0,0,0,0,0,0.000200060018005402,0.00100030009002701,0.000300090027008102,0,0,0,0,0,0,0.000400120036010803,0,0.492047614284285,0,0,0.000400120036010803,0.00160048014404321,0.0193057917375213,0,0,0,0,0,0.00360108032409723,0.000200060018005402,0.00100030009002701,0,0.000300090027008102,0,0,0,0,0,0,0,0,0.000100030009002701,0.00410123036911073,0.000900270081024307,0,0,0,0,0,0.000100030009002701,0,0.00580174052215665,0,0.00290087026107832,0.000100030009002701,0.000500150045013504,0,0,0,0,0,0.00230069020706212,0,0,0,0,0,0,0,0,0.019405821746524,0.000100030009002701,0,0,0.0280084025207562,0,0,0,0,0,0.000400120036010803,0,0,0.000100030009002701,0.0145043513053916,0,0,0.00140042012603781,0.00570171051315395,0,0,0,0,0.000500150045013504,0,0,0,0,0,0.168750625187556,0,0.000200060018005402,0,0,0,0,0,0.000500150045013504,0,0,0.000600180054016205,0,0,0,0,0.000300090027008102,0,0,0.000100030009002701,0,0,0,0,0,0,0,0.00130039011703511,0,0.000100030009002701,0.00130039011703511,0.00100030009002701,0,0.000400120036010803,0.000600180054016205,0.00110033009902971,0,0,0,0.000900270081024307,0,0.000700210063018906,0,0.000600180054016205,0.000100030009002701,0,0,0,0,0,0.000400120036010803,0,0.00210063018905672,0,0.00280084025207562,0,0.000200060018005402,0,0,0,0.000400120036010803,0,0,0.00220066019805942,0,0,0,0,0,0.00340102030609183,0.024407322196659,0.0200060018005402,0,0,0,0,0.00330099029708913,0.000700210063018906,0.000300090027008102,0,0,0,0,0,0,0,0.000600180054016205,0,0.000100030009002701,0,0,0,0.000100030009002701,0,0,0,0.00190057017105132,0,0.000900270081024307,0.00160048014404321,0,0.000100030009002701,0.000100030009002701,0.000100030009002701,0,0,0,0.000500150045013504,0,0.000300090027008102,0,0,0,0,0.00390117035110533,0,0,0,0,0,0,0,0,0,0,0,0.0112033610083025,0.00240072021606482,0,0,0.000200060018005402,0.00310093027908373,0.000200060018005402,0,0,0,0,0,0.000100030009002701,0,0,0,0,0,0.000700210063018906,0.00530159047714314,0,0.000200060018005402,0.00180054016204861,0.000200060018005402,0,0.000700210063018906,0.00400120036010803,0,0,0,0.000400120036010803,0,0,0,0,0.00180054016204861,0.0215064519355807,0.00610183054916475,0,0.0201060318095429,0,0.000200060018005402,0,0,0,0.00160048014404321,0.0465139541862559,0,0,0,0,0,0.000100030009002701,0,0,0,0.00460138041412424,0,0,0,0,0,0,0.000100030009002701,0,0,0.00740222066619986,0
0,0,0,0,0,0,0.0002999700029997,0.0018998100189981,0,0,0.0003999600039996,0.0005999400059994,0,0.0022997700229977,9.99900009999e-05,0,0,0,0,0,0.0078992100789921,0.0012998700129987,0,0.005999400059994,0,0.0478952104789521,0,0,0.0005999400059994,0,0.0492950704929507,0,0,0.0068993100689931,0.0017998200179982,0.0016998300169983,0.0044995500449955,0.0090990900909909,0.0003999600039996,0,0,0.0016998300169983,0.0078992100789921,0.0042995700429957,0,0.0021997800219978,0,0,0,0,0,0,0,0,0,0,0,0,9.99900009999e-05,0.0204979502049795,0,0.0021997800219978,9.99900009999e-05,0,9.99900009999e-05,0,0.008999100089991,0,0.002999700029997,0.0322967703229677,0.0017998200179982,0,0,0.00999900009999,0,0,0,0,0,0.0065993400659934,0,0.0005999400059994,0.0242975702429757,0,0.0017998200179982,0,0,0,0.0004999500049995,0.0033996600339966,0.0543945605439456,0.0001999800019998,0.0284971502849715,0,0,0.0003999600039996,0,0,0,0,0.0016998300169983,0,0,0,0,0,0.0011998800119988,0.0366963303669633,0,0,0.002999700029997,0,0,0.0194980501949805,0,0,0,0.0005999400059994,0.0155984401559844,0,0,0,0,0,0.0283971602839716,0,0,0,0,0,0,0,0,0,0,0,0.0003999600039996,0,0,0,0,0.0006999300069993,0.0005999400059994,0,0,0,0,0,0,0.0002999700029997,0.0020997900209979,0,0,0,0,0,0,0,0.0110988901109889,0.0030996900309969,0,0,0,0,0,9.99900009999e-05,0,0,0,0,0.0006999300069993,0,0,0,0,0,0,0,0.0047995200479952,0,0.0008999100089991,0,0,0,0,0.0001999800019998,0,0,0,0.0004999500049995,0,0.0198980101989801,0,0,0,0,0,0,0,0,0,0,0,9.99900009999e-05,9.99900009999e-05,0,0,0,0,0.0002999700029997,0,0,0.0006999300069993,0,0.0005999400059994,0.0030996900309969,0.0338966103389661,0,0,0,0,0.001999800019998,0,0,0,0,0,0,0.007999200079992,0.0035996400359964,0.0131986801319868,0,0,0.0246975302469753,0,0,0,0,0,0,0,0.0156984301569843,0,0,0,0,0,0,0,0,0.0173982601739826,9.99900009999e-05,0,0,0.001999800019998,0,0,0,0,0,0.0003999600039996,0.002999700029997,0,0,0,0,0,0.0001999800019998,0,0.0002999700029997,0,0.0091990800919908,0.0236976302369763,0,0.0007999200079992,0,0,0,0.0003999600039996,0.295870412958704,9.99900009999e-05,0,0.0056994300569943,0,0,0,0,0,0.0076992300769923,0,0,0,0,0,0,0,0,0.0003999600039996,0,0.0157984201579842,0
0,0,0,0,0,9.99800039992002e-05,0.0001999600079984,0,0,0,0,0,0,0,0.0001999600079984,0,0,0,0,0,0,0,0,0.000699860027994401,0,0.328934213157369,0,0,0.000399920015996801,0,0.0265946810637872,0,0,0,0,0,0.0013997200559888,0.00869826034793041,0,0.0001999600079984,0,0,0,0,0,0,0,0.000599880023995201,0.000999800039992002,0,0.00479904019196161,0,0,0,0,0,0,0,0,0,0,0,0,9.99800039992002e-05,0,0,0.000699860027994401,0,0.000499900019996001,0,0,0.000399920015996801,0.000699860027994401,0,0,0,0.0001999600079984,0,0,0,0,0,0.0326934613077385,0,0,0,0.0011997600479904,0,0,0.00499900019996001,0,0.0002999400119976,0,0,0,0,0,0,0.00869826034793041,0,0,0,0,0,0,0,0,0.0516896620675865,0,0.000499900019996001,0,0,0,0.00689862027594481,0,0,0,0.000399920015996801,0.00709858028394321,0,0,0,0,9.99800039992002e-05,0,0,0,0,0,0,0,0.0140971805638872,0,0,0,9.99800039992002e-05,9.99800039992002e-05,0,0,0,9.99800039992002e-05,0,0,0,0,0,0,0,0,0,0,0,0,0.000399920015996801,0.0001999600079984,0,0,0.0474905018996201,0,0,9.99800039992002e-05,0,0,0,0,0,0,0,0,0,0.0001999600079984,0,0.00499900019996001,0,0,0.000799840031993601,0,0,0.0137972405518896,0,0,0,0,0,0,0,0,0,0,0,0,0,0,0,0,0,0,0,0,0,0,0,0,0.0100979804039192,0,0.000599880023995201,0.0001999600079984,0,0,0.0001999600079984,0,0,0,0,0,0,0.00499900019996001,0,0,0,0,0.000499900019996001,0,0,0,0,0,0,0,0,0,0,0,0.0161967606478704,0,0,0,0,0,0,0,0,0,0,0,0,0,0,0,0,0,0,0,0,0.0028994201159768,0,0.000399920015996801,0,0,0,0,0,0,0.000399920015996801,0.0001999600079984,0,0,0,0.000999800039992002,0.0017996400719856,0,0,0.01749650069986,0,0,0,0,0,0,0.353329334133173,0,0,0,0,0,0.001499700059988,0.00369926014797041,0,0,0,0,0,9.99800039992002e-05,0.000799840031993601,0.00439912017596481,0,0.000499900019996001,0,0,0.00529894021195761,0
0.00509796081567373,0,0,0.00309876049580168,0,0,0.00299880047980808,0,0,0,0,0,0,0,0.00419832067173131,0,0,0,0,0,0,0,0,0.000199920031987205,0,0.205817672930828,0,0,0.00879648140743703,0.00129948020791683,0,0,0,0.0376849260295882,0,0,0,0,0,0,9.99600159936026e-05,0,0,0,0,0,0,0,0,0,0,0,0,0,0,0,0,0.000299880047980808,0,0,0,0.000599760095961615,0,0,0,0,0.0157936825269892,0.000999600159936026,0,0,0,0,0,0,0,0,0,0,0,0,0,0,0,0,0,0.00559776089564174,0,0,0.000699720111955218,0,0,0.00119952019192323,0.030687724910036,0,0,0,0.000499800079968013,0,0,0,0,0,0,0,0.000299880047980808,0,0,0.0037984806077569,0,0,0,0,0,0,0,0,0,0,0.031187524990004,0,0,0,0,0,0.0859656137544982,0,0,0,0,0,0,0,0,0.00039984006397441,0,0,0.0910635745701719,0,0,0,0.00419832067173131,0,0,0,0,0,0.00529788084766094,0.000599760095961615,0,0,0.00579768092762895,0,0,0,0,0,0,0,0,0,0,0,0,0,0,0,0,0.00989604158336665,0,0,0,0,0,0,0,0,0,0,0,0,0,0,0,0,0,0,0,0,0,0,0.000999600159936026,0,0.00039984006397441,0.0038984406237505,0,0,0,0,0,0,0,0,0,0,0,0.0110955617752899,0,0,0.000299880047980808,0.00129948020791683,0,0,0,0,0,9.99600159936026e-05,0,0,0.0949620151939224,0,0,0,0,0,0,0,0,0,0,0,0,0,0,0,0,0,0,0,0,0.00039984006397441,0,0,0,0,0.00889644142343063,0.00469812075169932,0,0.000199920031987205,0,0,0.000899640143942423,0,0,0,0,0,0,0,0,0,0,0,0,0,0,0,0,0,0,0.00149940023990404,0,0,0.182526989204318,0,0,0,0,0,0,0,0,0,0,0,0,0,0,0,0,0,0,0,0,0,0,0,0.0502798880447821,0,0,0.0733706517393043,0
0,0,0,0,0,0,9.99600159936026e-05,0,0,0,0,0,0,0,0,0,0,0.000199920031987205,0,0,0,0,0,0,0,0.0947620951619352,0,0,0.00119952019192323,0,0,0,0,0,0,0,0.000299880047980808,0,9.99600159936026e-05,0,0,0,0.0649740103958417,0.00169932027189124,9.99600159936026e-05,0.014594162335066,0,0,0,0,0,0,0,0,0,0,0,0,0,0.00169932027189124,0,0,0,0,0,0,0.0528788484606158,0,0.00239904038384646,0,0,0,0,0,0,0,0,0,0,0,0,0,0.016593362654938,0,0,0.00579768092762895,0,0,0,0,0,0,0.0247900839664134,0,0,0.00529788084766094,0,0,0,9.99600159936026e-05,0,0.0208916433426629,0,0,0,0,0,0.112754898040784,0.00109956017592963,0.0037984806077569,0.000199920031987205,0,0,0.00129948020791683,0,0,0,0,0.0474810075969612,9.99600159936026e-05,0,0,0,9.99600159936026e-05,0.0566773290683727,0,0,0,0,0,0,0,0,0,0,0,0,0,0,0,0,0,0,0,0,0,0,0,0,0.000199920031987205,0,0,0.0078968412634946,0,0,0,0,0,0,0.00279888044782087,0,0,0,0,0.000199920031987205,0,0,0,0,0,0.000299880047980808,0.000699720111955218,9.99600159936026e-05,0,0,0,0,0.0134946021591363,0.00309876049580168,0,0,0,0,0,0,0,0,0,0,9.99600159936026e-05,0,0.00879648140743703,0,0,0,0,0,0,0,0,0,0,0,0.000199920031987205,0,0,0,0,0.000199920031987205,0.000199920031987205,0,0,0,0,0,0,0,0,0.0463814474210316,0,0,0,0,0,0,0,0,0,0,0,0,9.99600159936026e-05,0,0.0303878448620552,0,0,0,0,0,0,0,0,0,0,0.0135945621751299,0,0,0,0,0,0,0,0,0,0,0.00889644142343063,0.0338864454218313,0,0,0,0,0,0,0.00159936025589764,0.00469812075169932,0,0,0,0,0.0888644542183127,0,0,0.0377848860455818,0,0,0,0,0,0,0.137544982007197,0,0.000299880047980808,0.0210915633746501,0,0,0.00459816073570572,0,0,0,0,0,0,0,0,0,0,0,0,0,0,0
0,0,0,0,0,0,0.000199860097931448,0.0045967822524233,9.9930048965724e-05,0,0,0,9.9930048965724e-05,0,0.000799440391725792,0,0.000199860097931448,0,0,0,0,0.00599580293794344,0,0.0020985310282802,0,0.206455481163186,9.9930048965724e-05,0,0,0,0.00239832117517738,0,0,0.000799440391725792,0,0,0.000399720195862896,0.000599580293794344,0.00109923053862296,0,0,0,0,0.0101928649945038,0,0,0,0,0,0,9.9930048965724e-05,0,0,0,0.00319776156690317,0,0,0,0,0.0182871989607275,0,0.00279804137104027,0.00049965024482862,0,0,0,0.0134905566103727,0,0,0.00829419406415509,0.00259818127310882,0.000199860097931448,0,0.0129909063655441,0,0,0,0,0,0.0108923753372639,0,0.00049965024482862,0.000199860097931448,0,0.103027880483661,0.000199860097931448,0.0207854501848706,0,0,0.00969321474967523,0,0.00049965024482862,0.000299790146897172,0,0,0,0,0,0.00519636254621765,0,0,0,0,0,0.000199860097931448,0.000299790146897172,0,0.0305785949835115,0,0,0,0,9.9930048965724e-05,0.0106925152393325,0.000199860097931448,0,0,0.000299790146897172,0.0142899970020985,0,0,0,0.000299790146897172,0,0.0128909763165784,0,0,0,0,0,0,0.0282802038572999,0,0,0,9.9930048965724e-05,0.0108923753372639,0,0,0,0.00189867093034876,0,0,0,0,0,0.00239832117517738,0,0,0.00099930048965724,0.00369741181173179,0,0,0.00109923053862296,9.9930048965724e-05,0,0.00479664235035475,0,0,0.000399720195862896,0,0.000599580293794344,0,0.0291795742979914,0,0,0,0,0.000199860097931448,0,0.000599580293794344,0,0,0,0.000599580293794344,0,0,0.00129909063655441,0.00349755171380034,0,0,0,0,0,0.00139902068552014,0,0,0,0,0,0,0.0236834216048766,0.000399720195862896,0,0,0,0,0.000699510342760068,0,0,0,0,0,0.000199860097931448,0,0.00399720195862896,0,0,0.000199860097931448,0,0,0,0,0,0.00299790146897172,9.9930048965724e-05,0,0.000899370440691516,0.00149895073448586,0,0.00489657239932048,0.00319776156690317,0,0,0,0,0,0,0,0,0.0182871989607275,0,9.9930048965724e-05,0.0919356450484661,0,0,9.9930048965724e-05,0.00329769161586889,0,0.00159888078345158,0,0,0,0,0.000699510342760068,0.00899370440691516,0,0,0,0.00239832117517738,0,0.000199860097931448,0.00109923053862296,0,0.000199860097931448,0.000699510342760068,0.00219846107724593,0,0.00559608274208054,0.00909363445588088,0.000199860097931448,0,0.00119916058758869,0.0024982512241431,0,0,0,0,0.00399720195862896,0,0,0,0.0153892275407215,0,0,0,9.9930048965724e-05,0.000199860097931448,0.000299790146897172,0.147896472469272,0,0,0.00669531328070351,0,0,0,0,0,0.00239832117517738,0,0,0,0,0,0.00229839112621165,0,0.0024982512241431,0,0,0.0132906965124413,0
0,0,6e-04,0,0,0,0.0012,0,0,0,0,5e-04,0,1e-04,0.004,0,0,0,0,0,0,4e-04,0,4e-04,7e-04,0.3786,0,0,0.0021,0.0034,0.0468,0,0,0.0075,0,0,0.0269,0,0,0,0,0.0044,0,0,3e-04,1e-04,0,0,0,0,0,2e-04,7e-04,5e-04,0,3e-04,0,0,0,0.0015,1e-04,0,0,0,0,0,0.0033,0,0,0.003,0,0,0.001,0,0,0,0,0,0.0124,3e-04,0,0,0,5e-04,3e-04,0,0,0,0,0,0,0.0029,0.0328,0,0,0.0012,1e-04,0,0,0,5e-04,0.0011,0,0,2e-04,0,0,0.1736,0,0.0023,0.0012,0,0,0,0,2e-04,0,0.0022,0.0021,0,0,0,0,0,0,6e-04,1e-04,0.0016,0,0,0,0,0,0.0332,1e-04,0,0.006,0,8e-04,0,6e-04,5e-04,0.0016,0,0,0,0,0.0021,0,0,0,0,0,5e-04,0,0,0,0,0,0.0015,0,0,0,0,0,0,5e-04,0,1e-04,0.0042,0,0,0,1e-04,0,4e-04,0.0012,0,0.019,0,0,0,0,0,0,0.0025,0,0,0,0,0,0,0,0,0,0,0,0,0,0,0,0,0,0,0,2e-04,4e-04,0,0,0.0013,7e-04,0,0,0,0,7e-04,0.0021,0,0.0508,0,0,0,0,0,0,0,0,0,0,0,0,0,0.0019,0.012,0,0,0,0,0.002,0,0,0,0.0149,0,0,2e-04,0,1e-04,0,0,0,1e-04,0,0,0,0,0,0,0,0,9e-04,0,0,0,0,0,0,0,0.0015,0,0,0,0.0896,0,3e-04,1e-04,0,0,0,0,0,0.0031,0.007,0,0,0,4e-04,0,0,0,0,0,0,2e-04,0,0,3e-04,0,0,0.0095,0
0,0,0,0,0,0.00399880035989203,0,0,0,0,0,0.000499850044986504,0,0,0,0.000699790062981106,0,0,0,0,0,0.00619814055783265,0,0.00109967009897031,0.00109967009897031,0.176047185844247,0,0,0.113166050184945,0,0.000899730080975707,0,0,0,0,0,0.000199940017994602,0,0,0,0,0.00469859042287314,0.0341897430770769,0,0,0,0,0,0,0,0,0,0.000899730080975707,0.000199940017994602,0,0,0,0,0,0.0244926522043387,0,0,9.99700089973008e-05,0,0,0,0.0180945716285114,0,0,0,0,0,0.000499850044986504,0,0,0,0,0,0,0.0196940917724683,0,0,0,0,0,0,0,0,0,0,0,0,0.0131960411876437,9.99700089973008e-05,0,0.000799760071978406,9.99700089973008e-05,0,0.00639808057582725,0,0.00299910026991902,9.99700089973008e-05,0.00159952014395681,0,0,0,0,0.0562831150654804,0,0,0,0,0,0,9.99700089973008e-05,0,0,0.00919724082775168,0.0243926821953414,0,0,0,0,0,0,0,0,0.00239928021593522,0,0,0,0.00579826052184345,0,0,0,0,0,0,0,0,0.000499850044986504,0,0.00149955013495951,0,0,0,0,0,0,0,0,0,0,0,0,0,0,0,0.00269919024292712,0,0,0,0,0,0,0,0,0,0,0,0,0.00279916025192442,0,0,0,0,0,0,0,0,0,0,0,0,0,0,0,0.000699790062981106,0,0,0,0.0416874937518744,0,0,0,0,0,0,0,0,0,0,0,0,0,0.000999700089973008,0,0,0,0,0,0,0,0,0,0,0.0106967909627112,0,0.00149955013495951,0,0,0,0,0,0,0,0,0.000599820053983805,0,0,0,0,0,0.0110966709987004,0,0,0,0,0,0,0,0,0,0,0,0,0,0,0,0,0,0,0,9.99700089973008e-05,0,0,0.000199940017994602,0,0.00149955013495951,0,0,0,0,0.00159952014395681,0,0.000699790062981106,0,0,0,0.000199940017994602,0,0.0157952614215735,0.00119964010796761,9.99700089973008e-05,0,0,0,0,0.00169949015295411,0.367689693092072,0,0,0,0,0,0,0,0,0.00329901029691093,0,0,0,9.99700089973008e-05,0,0.000799760071978406,0,0,0,0,0,0
0,9.99800039992002e-05,9.99800039992002e-05,0,0,0,0.000899820035992801,0.0016996600679864,0,0,0.0002999400119976,0.000499900019996001,0,0,0.000599880023995201,0,0.00729854029194161,0,0,0.000999800039992002,0.002999400119976,0.00409918016396721,0,0,0,0.132373525294941,0,0,0.000799840031993601,0,0.0369926014797041,0,0.002999400119976,0.00369926014797041,0.000699860027994401,0,0.000399920015996801,0.0172965406918616,0.0002999400119976,0,0,0,0.0351929614077185,0.00739852029594081,0,0.000799840031993601,0,0,0,0.0002999400119976,0.000399920015996801,0,0.000999800039992002,0,0.00549890021995601,0,0,0,0,0.0315936812637473,0,9.99800039992002e-05,0,0.00499900019996001,0,0.00249950009998,0.00949810037992401,0,0,0,0.001999600079984,0,0,0.0011997600479904,0,0,0,0,0,0.000799840031993601,0,0.000899820035992801,0.0018996200759848,0,0.000599880023995201,0.0001999600079984,0.02249550089982,0,0.0015996800639872,0.0022995400919816,0,0.0460907818436313,0.0025994801039792,0,0.0001999600079984,0.000499900019996001,0,0,0.0001999600079984,0,0,0,0,0,0.0002999400119976,0,0.0110977804439112,0.0110977804439112,0,0,0.00989802039592082,0.0001999600079984,0,0.0112977404519096,0.0002999400119976,0,0,0,0.0141971605678864,0,0,0,0,0.0022995400919816,0.0018996200759848,0.00459908018396321,0,0,0.0017996400719856,0,9.99800039992002e-05,0.0002999400119976,0.0115976804639072,0.0001999600079984,0,0,0.0266946610677864,0.0001999600079984,0.000799840031993601,0,0.0022995400919816,0.000799840031993601,0,0,0,0,0.00559888022395521,0,0.000999800039992002,0.000599880023995201,0.000999800039992002,9.99800039992002e-05,0,0,0,0,0,0,0.0002999400119976,0.0013997200559888,0,0.000499900019996001,0,0.0182963407318536,0,0,0.0016996600679864,0,0,0,0,0,0,0,0,0,0.0026994601079784,0.0001999600079984,0.0491901619676065,0,0,0,0.000399920015996801,0,0.00329934013197361,0,0,0,0,0,0,0.0173965206958608,0,0,0,0,0,0,0,0,0,0,9.99800039992002e-05,0.0710857828434313,0,0.0010997800439912,0.000699860027994401,9.99800039992002e-05,0,9.99800039992002e-05,0,0,0,0.000699860027994401,0.000799840031993601,0,0.00899820035992801,0.00629874025194961,0,9.99800039992002e-05,0,0,0,0,0,9.99800039992002e-05,0.00639872025594881,9.99800039992002e-05,0.0027994401119776,0,0.0118976204759048,0,0.0012997400519896,0.00669866026794641,0,0,0,0,0.0020995800839832,9.99800039992002e-05,0,0.00369926014797041,0,0,0,0,0,0,0,0,0,0,0.00469906018796241,0,0.00989802039592082,0.00409918016396721,9.99800039992002e-05,0,0.0023995200959808,0.0012997400519896,0.000499900019996001,0,0.000399920015996801,0.0001999600079984,0,0,0,0.116876624675065,0,0.000799840031993601,0,0.0010997800439912,0.0464907018596281,0,9.99800039992002e-05,0,0,0,0.001499700059988,0.0283943211357728,0,0,0.018496300739852,0,0,0,0,0,0.0016996600679864,0.00369926014797041,0,0,0,0,0.0013997200559888,0,0.0028994201159768,0.0002999400119976,0,0.0136972605478904,0
0,0,9.99700089973008e-05,0,0,0,0,0,9.99700089973008e-05,0,0,0,0,0,0.000899730080975707,0,0.000499850044986504,0,0,0,0,0.000299910026991902,0,0,0,0.159752074377687,0,0,0.000399880035989203,0,0,0,0,0.0239928021593522,0,0,0,0.000299910026991902,0,0,0,0,0,0,0,0,0,0,0,0,0,0,0,0,0,0,0,0,0,0,0,0,9.99700089973008e-05,0,0,0,0.000399880035989203,0,0,0,0,0,0,0,0,0,0,0,0,0,0,0.00159952014395681,0,0,0,0.000699790062981106,0,0,0,0,0,0.000899730080975707,0,0,0,0,0.000399880035989203,0,0.000299910026991902,0,0,0,0,0,0,0,0.00129961011696491,0.290812756173148,0,0,0,0,0,0,0,0,0,0.0591822453264021,0.00339898030590823,0,0,0,0,9.99700089973008e-05,0.00419874037788663,0,0,0,0,0,0,0,0,0,0,0,0,0,0,0,0.00379886034189743,0,0,0,0,0,0,0,0,0,9.99700089973008e-05,0,0,0,9.99700089973008e-05,0,0,0,0,0,0,0,0,0,0,0,0,0,9.99700089973008e-05,0,0,0,9.99700089973008e-05,0,0,0,0,0,0.0166949915025492,0,0,0,0,0,9.99700089973008e-05,0,0,0,0,0,0,0,9.99700089973008e-05,0,0,0,0,0,0,0,0,0,0,0,0,0.00449865040487854,0,0.000299910026991902,0,0,0,0,0,0,0,0,0,0,0,0,0.00979706088173548,0,0,0,0,0,0,0,0,0,0,0,0,0.0135959212236329,0,0,0,0.00479856043187044,0,0.00319904028791363,0,0,0,0,0,0,9.99700089973008e-05,0,0,0,0,0,0,9.99700089973008e-05,0,0,0.000399880035989203,0,0,0,0,0,0,0,0,0,0,0,0,0.348595421373588,0,0,0.0274917524742577,0,0,0,0,9.99700089973008e-05,0,0.00529841047685694,0,0,0.00719784064780566,0,0,9.99700089973008e-05,0,0,0.000999700089973008,0.000299910026991902,0,0,0,0,0,0,0.00129961011696491,0,0,0.000999700089973008,0
0,0,0,0,0,0,9.99800039992002e-05,0,0,0,0,0,9.99800039992002e-05,0,0.000599880023995201,0,0,0,0,0,0,0,0,0.0002999400119976,0,0.096380723855229,0,0,0.000699860027994401,0.0001999600079984,0.00369926014797041,0,0,0.00639872025594881,0,0,0,0,0,9.99800039992002e-05,0,0,0,0,0,0,0,0.000899820035992801,0,0,0.0021995600879824,0,0,0.000499900019996001,0,0,0,0,0,0,0,0,0,0,0,0,0.0355928814237153,0,0,0,0.0021995600879824,0,0,0,0,0,9.99800039992002e-05,9.99800039992002e-05,0,0.0482903419316137,0,0,0.0748850229954009,0,0,0.001499700059988,0.00819836032793441,0,0,0,0,0.0028994201159768,0.0002999400119976,0,0,0,0,0,0,0,0,9.99800039992002e-05,0,0,0,0,0,0.326434713057389,0,0,0,0,0.0015996800639872,0,9.99800039992002e-05,9.99800039992002e-05,0,0,0.00689862027594481,0,0,0,0,9.99800039992002e-05,0,0,0,0,0,0,0,0,0,0,0,0,9.99800039992002e-05,0,0,0,0.0011997600479904,0,0,0,0,0,0.00659868026394721,0,0,0,0.000999800039992002,0,0,0,9.99800039992002e-05,0,0,0,0,0,0,0,0,0,0,0,0,0,9.99800039992002e-05,0,0.0001999600079984,0,0.00369926014797041,0,0,0,0,0,0.00329934013197361,0,0,0,0,0,0.000899820035992801,0,0,0,0,0,0,0,0,0.000499900019996001,0,0,0,0,0,0,0,0,0,0,0,0.002999400119976,0.0002999400119976,9.99800039992002e-05,0,0,0,9.99800039992002e-05,0,0,0,0,0.00569886022795441,0,0.0331933613277345,0,0.00719856028794241,0.0001999600079984,0,0,0,0,0,0.000599880023995201,0.0026994601079784,0,0,0,0,0,0,0,0,0.0013997200559888,0,0.0010997800439912,0,0,0,0,0.00339932013597281,0.0022995400919816,0,0,0,0,0,0,0,0,0.00399920015996801,0.00329934013197361,0.0016996600679864,0,0.0002999400119976,0,0,0,0,0.0002999400119976,0.000599880023995201,0,0,0,0,0.00249950009998,0,0,0.00569886022795441,0,0,9.99800039992002e-05,0,0,0,0.230853829234153,0,0.000399920015996801,0.0401919616076785,0,0,0.000999800039992002,0,0,0.00329934013197361,0,0,0,0,0,0,0.0002999400119976,0.0002999400119976,0,0,0.00459908018396321,0
0,0,0,0,0,0,0,0.0014985014985015,0,0,0,9.99000999000999e-05,0,0.0185814185814186,0,0,0,0.0001998001998002,0,0,0.0002997002997003,0.0017982017982018,0,0,0,0,0,0,9.99000999000999e-05,0,0,0,0,0.00739260739260739,0.000799200799200799,0,0.0025974025974026,9.99000999000999e-05,0.0003996003996004,0,0,0,0,0.000899100899100899,0,0.0048951048951049,0.00889110889110889,0,0,0,0.0004995004995005,0,0,0,0.0023976023976024,0,0,0,9.99000999000999e-05,0.00789210789210789,0,0.000899100899100899,0,0,0.011988011988012,0,0.00649350649350649,0,0,0,0.0123876123876124,0,0,9.99000999000999e-05,0,0.00809190809190809,0,0,0,0.0030969030969031,0.000799200799200799,0,0,9.99000999000999e-05,0,0,9.99000999000999e-05,0,0,0.000899100899100899,0,0,0.0021978021978022,0,0.0027972027972028,9.99000999000999e-05,0,0,0,0,0,0,0,0,0,0,9.99000999000999e-05,0.256443556443556,0.0002997002997003,0,0,0.004995004995005,0,0.0023976023976024,0,0.0004995004995005,0,0.0280719280719281,0.0046953046953047,9.99000999000999e-05,0,0,0,9.99000999000999e-05,0.0220779220779221,0.000599400599400599,0,0,0.0001998001998002,0,0.0004995004995005,9.99000999000999e-05,0.00519480519480519,0,0,0,0.0003996003996004,0,0,0,0,0,0,0,0.00789210789210789,0,0,0,0,0.0001998001998002,0.0001998001998002,0.0026973026973027,0,0,9.99000999000999e-05,0,0,0,0,0.000899100899100899,0,0,0,9.99000999000999e-05,0,0,0,9.99000999000999e-05,0,0,0,9.99000999000999e-05,9.99000999000999e-05,0,0,0,0,0,0.0175824175824176,0,0.0002997002997003,0,0,0,0.0018981018981019,0,0,0,0,0,0,0.0036963036963037,9.99000999000999e-05,0,0.0200799200799201,0,0,0,0,0,0.0125874125874126,0,0.0041958041958042,0.0763236763236763,0.0144855144855145,0.0036963036963037,9.99000999000999e-05,0,0,9.99000999000999e-05,0,0,0,0.0003996003996004,0.000599400599400599,0,0.0052947052947053,0.0014985014985015,0.0025974025974026,0.0001998001998002,0,0,0,0,0,0.0041958041958042,0.00619380619380619,0,0.00889110889110889,0,0.015984015984016,0,0,0.00879120879120879,0,0.0001998001998002,0,0,0,0,9.99000999000999e-05,0,0,0.000699300699300699,0,0,0,0,0,0,0.0028971028971029,0,0.000999000999000999,0,0,0.0155844155844156,0,0,0.0001998001998002,0,0,0.000899100899100899,0,0,0,0,0,0.0038961038961039,0,0.165134865134865,0.000599400599400599,0.0042957042957043,0.002997002997003,0,0,0,0.0003996003996004,0,0.0001998001998002,0.112387612387612,0,0,0.0116883116883117,0,0,0,0,0,0,0.00599400599400599,0,0,0,0,0.002997002997003,0,0.0020979020979021,0.0027972027972028,9.99000999000999e-05,0.0043956043956044,0
0,0,0,0,0,0,0,0,0,0,0,0,0,0.0073,0.0048,0,0,0,0,0,0.0046,0.0109,0,0,0,0.3272,0,0,0.0023,0,0.0147,0,0,0.0211,0,0,0,0.0193,0,0,0,0,0,0.0061,0,0,0,0,0,0,0,0,0,0,0.0024,0,0,0,0,0.0115,0,0,0,0,0,0,0.0081,0,0,0,0,0,0,0,0,0,0,0,0,0,0,0,0,0,0,0.0025,0,0,0,0,0,0,0.0059,0,0,0,0,0,0.007,0,0,0,0,0,0,0,0,0.2389,0,0,0,0,0,0,0,0,0,3e-04,0.0064,1e-04,0,0,3e-04,1e-04,0,0,0,0,0,0,0.0012,0,0,0,0,0,0.001,0,0,0,0,0,0,0,0,0,0,0,0,0,0,0,0.004,0,0,0,0,0,0,0,0.0035,0,0,0,0,0,0,0,0,0,0,0,0.005,0,0,4e-04,0,0.0106,0,0,0,0,0,0,0,0,2e-04,0,0,0,0,0.0039,0,0,0,0,0,0,0,0,0,0,0,0,0,0.0061,0,0,0,0,0,0,0,0,0,0,0.0102,0,0.0198,0,0,0,0,0,0,0,0,0,0.0083,0,0,0,0,0,0,0,0,0,0,0,0,0,0,0,0,0,1e-04,0,0,0,0,0,0,0,0,0,0,3e-04,0,0,0,0,0,1e-04,0,0,3e-04,0,0,0.0097,0,0.0015,0.01,0,0,0,0,0,0,0.1192,0,1e-04,0.0352,0,0,0,0,0,0,0.006,0,0,0,3e-04,0.0036,0,3e-04,0,1e-04,0.0372,0
0,0,0,0,0,0,0.0001000100010001,0.0041004100410041,0,0,0,0.0011001100110011,0,0.0001000100010001,0.0047004700470047,0,0,0,0,0,0.0003000300030003,0.001000100010001,0,0.0005000500050005,0,0.183018301830183,0,0,0.0004000400040004,0,0.0251025102510251,0,0,0,0,0,0,0.0075007500750075,0,0,0,0.0011001100110011,0.0345034503450345,0.0034003400340034,0,0,0,0,0,0,0,0,0.0005000500050005,0.0009000900090009,0.0047004700470047,0.0022002200220022,0,0,0.0039003900390039,0.0013001300130013,0,0,0,0,0,0,0.0011001100110011,0,0,0.0027002700270027,0.0029002900290029,0,0,0.0001000100010001,0,0,0,0,0,0.0001000100010001,0,0.008000800080008,0.0001000100010001,0,0,0,0.0179017901790179,0,0,0.0036003600360036,0,0.0007000700070007,0.0086008600860086,0,0,0.0004000400040004,0,0,0,0,0.0011001100110011,0,0,0,0.0001000100010001,0,0,0.134513451345135,0,0.0006000600060006,0.0062006200620062,0,0,0.0026002600260026,0,0.0031003100310031,0,0.0045004500450045,0.0001000100010001,0.0007000700070007,0,0,0,0.0002000200020002,0.0038003800380038,0,0,0,0,0.0021002100210021,0,0,0,0,0,0.005000500050005,0.0002000200020002,0,0,0,0,0,0,0.0016001600160016,0.0016001600160016,0,0,0,0,0,0.001000100010001,0.0048004800480048,0,0,0.0001000100010001,0,0,0,0,0.0124012401240124,0,0,0,0,0,0,0.0007000700070007,0,0,0.0012001200120012,0,0,0,0,0,0,0.0055005500550055,0,0.0001000100010001,0,0,0,0,0,0,0,0,0,0,0,0,0,0,0.0008000800080008,0,0,0,0.0004000400040004,0,0,0,0.0215021502150215,0,0,0.073007300730073,0.0004000400040004,0,0,0,0,0.0007000700070007,0.0057005700570057,0,0.0011001100110011,0,0.0049004900490049,0.0035003500350035,0.0029002900290029,0.0176017601760176,0.0002000200020002,0.0001000100010001,0.0003000300030003,0,0,0,0,0.0127012701270127,0,0.003000300030003,0,0,0.0019001900190019,0.0021002100210021,0.0202020202020202,0,0,0.0007000700070007,0,0.0031003100310031,0,0,0,0,0,0,0.0058005800580058,0,0,0,0,0,0,0.0002000200020002,0,0,0.0002000200020002,0,0,0,0,0,0,0,0,0,0,0.0005000500050005,0,0.0002000200020002,0.004000400040004,0,0,0.0074007400740074,0,0.0002000200020002,0.0004000400040004,0.0013001300130013,0.0001000100010001,0,0.234823482348235,0.0002000200020002,0.0001000100010001,0.0235023502350235,0,0,0,0,0,0,0.0019001900190019,0,0,0,0,0.0044004400440044,0.0002000200020002,0.0012001200120012,0,0,0.0161016101610161,0
0.00630126025205041,0.0002000400080016,0,0,0,0,0,0,0,0,0,0.0002000400080016,0,0,0.0029005801160232,0.000500100020004001,0.0002000400080016,0,0,0.00700140028005601,0,0.00810162032406481,0,0,0,0.0737147429485897,0,0,0.0016003200640128,0.00520104020804161,0.0137027405481096,0,0.0003000600120024,0.0154030806161232,0,0,0,0.00460092018403681,0,0.0001000200040008,0,0,0,0,0,0,0,0,0,0.0003000600120024,0.001000200040008,0,0,0,0.00490098019603921,0,0,0.0001000200040008,0,0,0,0.0001000200040008,0,0.0002000400080016,0,0,0,0.0002000400080016,0,0.00980196039207842,0,0,0,0,0,0,0,0,0,0.0003000600120024,0,0,0,0,0,0.0002000400080016,0,0,0.0003000600120024,0.00390078015603121,0,0.00520104020804161,0.00990198039607922,0,0.0142028405681136,0,0,0,0.00370074014802961,0.002000400080016,0.000800160032006401,0.0013002600520104,0,0,0,0,0,0,0,0.00530106021204241,0.00450090018003601,0.0028005601120224,0,0.00750150030006001,0,0,0.0001000200040008,0,0.0029005801160232,0.000700140028005601,0,0,0,0.0029005801160232,0.0373074614922985,0,0.119723944788958,0,0,0,0.00440088017603521,0,0,0,0,0,0.0405081016203241,0,0.001000200040008,0,0,0,0.000900180036007201,0,0,0,0.001000200040008,0,0.0003000600120024,0,0.0002000400080016,0,0,0,0,0,0,0.0563112622524505,0,0,0,0.0001000200040008,0,0,0,0.0001000200040008,0.000500100020004001,0,0,0.0003000600120024,0,0,0.0001000200040008,0,0,0,0,0.0023004600920184,0,0,0,0,0,0,0,0.0002000400080016,0,0,0,0,0,0.00470094018803761,0,0,0,0,0,0.0001000200040008,0,0,0,0.00400080016003201,0,0.00610122024404881,0.0192038407681536,0.000700140028005601,0,0.000700140028005601,0,0.000400080016003201,0,0,0,0,0,0,0.00780156031206241,0.000900180036007201,0,0,0.00610122024404881,0,0,0,0,0,0,0,0,0,0.00440088017603521,0,0.000900180036007201,0.016503300660132,0,0,0.000700140028005601,0,0.001000200040008,0.00850170034006801,0,0,0.0129025805161032,0,0,0,0,0.0002000400080016,0,0,0,0,0.000800160032006401,0,0,0.000400080016003201,0.000400080016003201,0,0,0.0157031406281256,0,0,0.000500100020004001,0.000400080016003201,0,0,0,0,0.000900180036007201,0.0117023404680936,0.0002000400080016,0,0.199239847969594,0.000900180036007201,0,0,0,0,0.0002000400080016,0.1500300060012,0,0.0022004400880176,0,0,0.000900180036007201,0,0,0,0.0001000200040008,0.00440088017603521,0,0,0,0,0.0181036207241448,0,0,0,0,0.00670134026805361,0
0.007703081232493,0,0.00040016006402561,0,0,0,0,0,0,0,0,0,0,0,0.00450180072028811,0,0,0,0,0,0,0.00810324129651861,0,0,0,0,0,0,0,0,0.0371148459383754,0,0,0.0320128051220488,0,0.0107042817126851,0.000200080032012805,0.047218887555022,0,0,0,0,0,0.00510204081632653,0,0,0,0,0,0,0.00140056022408964,0,0,0,0,0,0,0,0,0,0,0.0102040816326531,0,0,0,0,0,0,0,0,0,0,0,0,0,0,0,0,0,0.100140056022409,0,0,0.056422569027611,0,0,0,0,0,0.000300120048019208,0.0140056022408964,0,0,0.00330132052821128,0,0,0,0,0,0.0134053621448579,0,0.00220088035214086,0,0,0,0,0,0,0,0,0,0,0,0,0.0250100040016006,0,0,0,0.000200080032012805,0.0443177270908363,0,0,0,0,0,0.0140056022408964,0,0,0,0,0,0,0.0496198479391757,0,0,0,0.000200080032012805,0.00560224089635854,0,0,0,0,0,0,0,0,0,0.00350140056022409,0,0,0,0,0,0.00040016006402561,0,0.000100040016006403,0.00110044017607043,0,0,0.117446978791517,0.00720288115246098,0,0,0,0,0,0,0,0,0,0,0,0,0.000200080032012805,0,0,0,0,0,0.038015206082433,0,0,0,0,0,0.00370148059223689,0,0.000300120048019208,0,0,0,0,0.0135054021608643,0,0,0,0,0,0.00120048019207683,0,0,0,0,0,0,0,0.00430172068827531,0,0,0,0,0,0,0,0,0,0,0,0,0,0.00150060024009604,0,0,0,0,0.000300120048019208,0,0,0,0.0123049219687875,0,0.0451180472188876,0,0,0.0753301320528211,0,0.00280112044817927,0,0,0,0,0,0,0,0,0.00040016006402561,0,0,0,0,0,0,0,0,0,0.00250100040016006,0.000200080032012805,0.00430172068827531,0,0.00420168067226891,0,0.00560224089635854,0,0,0.00350140056022409,0,0,0,0,0,0.0364145658263305,0,0.0300120048019208,0,0,0,0.000300120048019208,0,0,0.000200080032012805,0,0,0,0.0766306522609044,0,0,0,0,0,0,0.00490196078431373,0,0,0,0.000900360144057623,0.000200080032012805,0,0,0,0,0.00800320128051221,0
0,0,0,0,0,0,0,0.000299880047980808,9.99600159936026e-05,0,0,0.000499800079968013,0,0,0.00289884046381447,0,0,0,0,0,0.00469812075169932,0.00199920031987205,0,0.000199920031987205,0.000899640143942423,0.124650139944022,0,0,0.00079968012794882,0.00119952019192323,0.0524790083966413,0,0,0.00319872051179528,0,0,0.00309876049580168,0,0,0,0,0.00589764094362255,0,0,0,0.00179928028788485,0,0,0,0,0,0,0.000299880047980808,0.000199920031987205,0,0.000199920031987205,0,0.000299880047980808,0.000499800079968013,9.99600159936026e-05,0,0,0,0,0,0,0.00239904038384646,0.000299880047980808,0,0.000299880047980808,0,0,0,0,0,0,0,0,0,9.99600159936026e-05,0,0,0.00039984006397441,0,0,0,0,0,0.00039984006397441,0.00419832067173131,0,9.99600159936026e-05,0.00289884046381447,0,0,0.00039984006397441,0,0,0.00289884046381447,0,0.00199920031987205,0,0,0,0,0,0,0.0190923630547781,0,0,0.00339864054378249,0,0,0.000699720111955218,0,0,0,0.000699720111955218,0.000899640143942423,0,0,0.000199920031987205,0,0,0.000999600159936026,0,0.00569772091163535,0,0,0,0,0.109556177528988,0,0,0,0,0.00549780087964814,0,0.000299880047980808,0.000499800079968013,0.00159936025589764,0,0.00119952019192323,0,0,0,0.00149940023990404,0.00269892043182727,0,0,0.000899640143942423,0,0,0.00189924030387845,0,0,0,0,0.00249900039984006,0,0,0,0,0,0,0,0.000499800079968013,0.000599760095961615,0,0,0,0,9.99600159936026e-05,0,0,0,0,0.0100959616153539,9.99600159936026e-05,9.99600159936026e-05,0,0,0,0,0,0.00339864054378249,0,0,0,0,0,0,0.000199920031987205,0,0,0,0,0,0,0,9.99600159936026e-05,0,0,0,0.0131947221111555,0.000299880047980808,0,0,0,0,0,0,9.99600159936026e-05,0,9.99600159936026e-05,0.000899640143942423,0.00279888044782087,0,0,0,9.99600159936026e-05,0,0,0.000999600159936026,0,0,0,0,0,0,0.00109956017592963,0,0.00109956017592963,0.00999600159936026,0,0.00039984006397441,0,0,0,0,0,0.0169932027189124,0,0,0,0,0,0,0,0,0.00419832067173131,0.000199920031987205,0.00149940023990404,0,0,0.000199920031987205,0.000199920031987205,0,0,0,9.99600159936026e-05,0,0,9.99600159936026e-05,0,9.99600159936026e-05,0,0,0,0.00289884046381447,0,0,0.108156737305078,0.0674730107956817,0,0,9.99600159936026e-05,9.99600159936026e-05,0.00039984006397441,0.347361055577769,0.000499800079968013,0,0.00569772091163535,0.000199920031987205,0,0,0,0,0.00309876049580168,0,0,0,0,0,0.00899640143942423,0,0,0,0,0.00259896041583367,0
0,0,0,0,0,0,0,0,0,0,0,0.000299910026991902,0,0,0.000399880035989203,0,0,0,0,0,0,0,0,0,0,0.319904028791363,0,0,0.000399880035989203,9.99700089973008e-05,0,0,0,0.0158952314305708,0,0,0.000699790062981106,0,0,0,0,0,0,0.00539838048585424,0,0.0170948715385384,0,0,0.000399880035989203,0,0.00109967009897031,0,0,0,0,0,0,0.000299910026991902,0,0,0,0,0,0,0,0,0.0212936119164251,0,0,0,0,0,0,0,0,0.0113965810256923,0,0,0,0.0335899230230931,0,0.0131960411876437,0,0,0.00439868039588124,0,0,0,0,0,0.00149955013495951,0,0.00389883035089473,0,0,0,0,0,0.00199940017994602,0,0,0.00119964010796761,0,0,0,0,0.0209937018894332,0.032890132960112,0,0,0.00179946016195141,0,0.00109967009897031,0,0,0,0,0.000399880035989203,0.0231930420873738,0,0,0,0,0.000299910026991902,0,0,0,0,0,0,0,0,0,0,0,0,9.99700089973008e-05,0,0,0,0,0,0.00169949015295411,0,0,0,0,0,0,0,0.00159952014395681,0,0,0,0,0,0,0,0,0,0,0,0,0.000299910026991902,0,0,0,0,0,0,0,0,0.00139958012596221,0,0,0,0.00329901029691093,0.00619814055783265,0,0,0,0,0,0,0,0,0.000399880035989203,0,0,0,0,0.0236928921323603,0,0,0,0,0,0,0,0,0,0.00549835049485154,0,0,0,0,0,0,0,9.99700089973008e-05,0,0,0,0,0,0,0,0,0,0,0,0,0,0,0,0,0,0,0.020593821853444,0,0,0,0.00259922023392982,0.0436868939318205,0,0,0,0,0,0.0139958012596221,0,0.0198940317904629,0,0,0,0,9.99700089973008e-05,0,0,0,0,0,0,0,0,0,0,0,0,0,0,0,0,0,9.99700089973008e-05,0,0,0,0,0.00949715085474358,0,0,0.00959712086374088,0,9.99700089973008e-05,0,0,0,0,0.156253124062781,0,0,0.0990702789163251,0,0,0,0.000299910026991902,0,0,0,0,0,0,0,0,0,0.000899730080975707,0,0,0.0438868339498151,0
0,0,0,0,9e-04,0,0,0,0,0,0,0,0,0,0.0029,3e-04,0.0129,0,0,0,0.0159,0.0058,0,0,0,0.0076,0,0,0,0,0,0,0,0.0016,0,0,0,9e-04,0,0,0,0,5e-04,0.0017,0,1e-04,0,0,0,0,4e-04,0.002,0,0,0,0,7e-04,0,0.0013,0.0417,0,0,0,0,0,0,0.0076,0,0,0,0,0,0,0,0,0,0,3e-04,0,0.0056,0,0,0,0,0,0,0,0,0.0017,0.001,0,0,0.0768,0,0,0,9e-04,0,0,0,0,2e-04,0,0,0,0,0,0.0447,0,1e-04,0,0,0.0066,0.0219,0,0,0,0,0.0224,0,0,0,0,4e-04,0.0039,0,0,0,0,0,0,0,0,0,0,0,0.0708,0,6e-04,0,0.0037,0.0011,0.0015,0,0,0,0,0,0,7e-04,8e-04,0,0.0084,0,0,0,0.0029,0,0,0,0,7e-04,0,0,0,0,0,0,0,0,5e-04,0,0,0,0,0,0,0,0.0186,0,0,0,0,0,0,0.0035,0,0,0,0,0,0.0023,0,0.0036,0,3e-04,5e-04,0,0,0,0,0,0,0,0,0,0,0,1e-04,0,0,0,0,0,0,0,0.0204,0,0,0,0,0,0,0,0,0,0,0,0.0061,0,0,0,0,0.0031,2e-04,0,0,0,0.0018,0,0,0.0479,0.0074,0,4e-04,0,0,0,0,0,2e-04,0,0,0,0,0,8e-04,0,0,0,3e-04,0,0,0,0,0,0,0,0,0.0192,0,0,0,0,0,0,0.0077,0,0,0.4543,0,0,0.0052,0,0,0,0,0,0,0.0049,0,0,0,0,0,0,0.0053,0,4e-04,0.0025,0
0,0,0,0,0,1e-04,3e-04,0,0,6e-04,4e-04,1e-04,0,0,0,0,0,1e-04,1e-04,0,0,0,0,0,0,3e-04,0,0,0,0,0.002,0,0,0.0033,0,0,1e-04,0.0126,1e-04,0,1e-04,0,0,0,0,0.0125,0,3e-04,0,0,0.002,0,1e-04,0,1e-04,0,0,0,0,0.0014,0,1e-04,0,0,0,0,0.0112,0,0,0,7e-04,0,0,0,0,0.0154,1e-04,0,0,0.0024,0.0012,0,0.0286,7e-04,7e-04,0,0,0,0,0.0016,0,1e-04,0.0012,0,0,0.0097,0,0,0.001,0,0,0,0,0,1e-04,1e-04,0,0.1014,0,0,0,0,0,0,4e-04,1e-04,0,0,0.0031,0,0,0,0,0.0114,1e-04,0.0035,0,0,4e-04,0,0.0038,0.0078,0,0,0,0,0,0,0,0,2e-04,1e-04,0,0,0,0,0,0,0,0,6e-04,7e-04,0,0,0,0,0,0,0.0021,9e-04,0,0,1e-04,0.4144,0,0,1e-04,0,0,0,3e-04,0,0,0,0,0,0,0.0045,0.0057,0,9e-04,0,4e-04,0,0.0014,0,0,0,4e-04,0,0,0,0,0,0,0,0,0,0,0,0,0,0,0.0275,0,2e-04,0,0,0,0,0,0,0.0018,5e-04,1e-04,0,0.026,0.02,1e-04,7e-04,0.0091,0,0,1e-04,1e-04,0,0,7e-04,0.0078,2e-04,0.0011,0,0,0.0086,0,0,3e-04,0,0,0,4e-04,0,0.0067,0,0,0,0,0,0,1e-04,0.0238,0,0.0011,0,7e-04,0.0012,2e-04,0,1e-04,0,2e-04,0,0,0,0,0,0,0,0,0.0053,0.0057,0.0038,0.0132,0,0.0027,0,0,0,1e-04,0.1257,0,0,0.0055,0,0,0,0,0,3e-04,0.0019,0.0104,0,0,0,9e-04,0,0,0.0087,0,1e-04,0
0,0,0,0,0,0,0,0,0,0,0,0,0,0,0.00130039011703511,0.000300090027008102,0.00230069020706212,0,0,0,0,0.000600180054016205,0,0.000800240072021606,0,0.000200060018005402,0,0,0.0124037211163349,0,0.000300090027008102,0,0,0.00820246073822147,0,0,0.00620186055816745,0.130439131739522,0.000200060018005402,0,0,0,0,0,0,0,0,0,0.00410123036911073,0,0,0,0,0,0,0,0,0.000200060018005402,0,0,0,0,0.000200060018005402,0,0.000200060018005402,0,0,0,0,0.0197059117735321,0,0,0,0,0,0,0,0,0,0.0159047714314294,0,0,0,0,0,0.00400120036010803,0.000200060018005402,0,0,0.0122036610983295,0,0.00250075022506752,0.00440132039611884,0,0,0,0,0,0.00800240072021607,0.00460138041412424,0,0.00220066019805942,0,0,0,0,0,0.213464039211764,0,0,0,0,0,0.00210063018905672,0,0,0,0.00120036010803241,0.00190057017105132,0,0,0,0,0.00120036010803241,0.00360108032409723,0,0,0,0,0,0,0,0,0.000800240072021606,0,0,0.00500150045013504,0,0,0,0.0109032709812944,0,0,0,0,0,0.00670201060318095,0,0,0.00130039011703511,0.00100030009002701,0,0.000100030009002701,0.00190057017105132,0.000300090027008102,0,0,0,0.00180054016204861,0,0,0,0,0,0,0,0,0.000100030009002701,0,0,0,0,0,0,0,0,0,0,0.00300090027008102,0,0,0,0,0,0.00250075022506752,0,0,0,0,0,0,0.00740222066619986,0.000500150045013504,0,0,0,0,0,0,0,0,0,0,0,0,0.0174052215664699,0,0,0.000200060018005402,0.000600180054016205,0,0,0,0,0.000900270081024307,0,0,0,0.0175052515754726,0,0,0,0,0,0,0,0,0,0.00160048014404321,0,0.00390117035110533,0,0,0.0711213364009203,0,0,0,0.00580174052215665,0,0,0,0,0,0,0.000300090027008102,0.00210063018905672,0,0,0,0,0,0,0.00170051015304591,0,0.00460138041412424,0.000800240072021606,0,0,0,0.0103030909272782,0,0,0,0.00170051015304591,0,0,0,0,0,0.0323096929078724,0,0,0.0270081024307292,0,0.000600180054016205,0,0.00120036010803241,0,0.000900270081024307,0.227268180454136,0,0,0.0223066920076023,0.000300090027008102,0,0,0,0,0,0.000900270081024307,0,0,0,0,0.0300090027008102,0,0.00390117035110533,0,0,0.00430129038711613,0
0,0,0,0,0,0,0,0,0,0,0,0,0,0,0,0,0,0,0,0,0,0.00389727190966324,0,0,0,0.0374737683621465,0,0,0,0.00109923053862296,0,0,0,0.00949335465174378,0,0,0.000199860097931448,0.00279804137104027,0,0,0,0,0,0,0,0.00139902068552014,0,0,0,0,0,0,0,0,0,0,0,0,0,0,0,0,0,0.000399720195862896,0,0,0.00149895073448586,0,0.00099930048965724,0.00769461377036075,0,0,9.9930048965724e-05,0,0,0,0,0,0,0.00229839112621165,0,0.000899370440691516,0,0,0,0.0020985310282802,0,0.00129909063655441,0,0,0,0,0,0,0,0,0,0,0,0,0,0.00149895073448586,9.9930048965724e-05,0,0,0,0,0,0,0.00509643249725192,0,0,9.9930048965724e-05,0.00529629259518337,0,0,0,0,0.00369741181173179,0,0,0,0,0.000599580293794344,0,0.00919356450484661,0.0122913960227841,0,0,0,0,0,0,0,0,0,0.134006195663036,0,0,0,0.000199860097931448,0,0,0,0,0,0.000299790146897172,0,0,0,9.9930048965724e-05,0,0,0.000599580293794344,0,0,0,0,0.00439692215449186,0,0,0,0,0,0,0,0,0,0,0,0.00109923053862296,0,0,0,0,0.000399720195862896,0,0,0.0137903467572699,0,0,0,0,0,0,0,0,0.0130908364145098,0,0,0.00049965024482862,0.00119916058758869,0,0,0,0,0,0,0,0,0,0,0,0.0606575397221945,0,0.000199860097931448,0,0,0,0,9.9930048965724e-05,0,0,0,0,9.9930048965724e-05,0,0,0,0,0,0,0,0,0,0,0,0,0.0124912561207155,0.00119916058758869,0,0,0,0.164884580793445,0,0,0,0,9.9930048965724e-05,0.00239832117517738,0,0,0,0,9.9930048965724e-05,0.000399720195862896,0,0,0,0,0,0,0,0,0.000399720195862896,9.9930048965724e-05,0,0,0,0.000399720195862896,0,0,0,0.000199860097931448,0,0,0,0,0.000599580293794344,0.274407914459878,0,0,0.0242830018986709,0,0,0,0,0,0,0.169381432996902,0,0,0.00629559308484061,0,0,9.9930048965724e-05,0,0,0,0,0,0,0,0,0,0,0,0,0,0,0
0,0.00309597523219814,0,0,0.000499350843902926,0.00519324877659043,9.98701687805852e-05,0.00169779286926995,0,0,0.000299610506341756,0.00019974033756117,0,0,0.00429441725756517,0.000599221012683511,0,0.000499350843902926,0,0,0.00109857185658644,0.00139818236292819,9.98701687805852e-05,9.98701687805852e-05,0.000299610506341756,0,0,0,0.00019974033756117,0.00019974033756117,9.98701687805852e-05,0.00719065215220214,0.00289623489463697,0.0102866273844003,0.000599221012683511,0.00229701388195346,0,0.0123839009287926,0.000299610506341756,0,0,0.00429441725756517,0.0215719564566064,0,0.000299610506341756,0.000399480675122341,0.00469389793268751,0.00019974033756117,0,9.98701687805852e-05,0.000699091181464097,0.000499350843902926,0.000399480675122341,0.000399480675122341,0.000998701687805852,0,0,0,0,0.00828922400878858,0.00019974033756117,0,0.000299610506341756,0.000499350843902926,0,0,0.00109857185658644,0,0,0,0.0033955857385399,0.00019974033756117,9.98701687805852e-05,0,0,0,0,0,0,0.0196744232497753,0,0.00229701388195346,0.00149805253170878,0.00319584540097873,0,0,0,9.98701687805852e-05,0.000399480675122341,0.00639169080195746,0,0.00109857185658644,0,0,0.00019974033756117,0.000599221012683511,0,0.000299610506341756,0,0,0.000499350843902926,0,0.000998701687805852,0.00778987316488565,9.98701687805852e-05,0,0,0,0,0.000798961350244682,0.00249675421951463,0.00249675421951463,0,0.00938779586537501,0.000499350843902926,0,0.00309597523219814,0.000399480675122341,0,0,0,0.00019974033756117,0,9.98701687805852e-05,0.0160790971736742,0,0,0.0019974033756117,0.00019974033756117,0,9.98701687805852e-05,0.011085588734645,0,0,0.000699091181464097,0,0.00279636472585639,0,0.000798961350244682,9.98701687805852e-05,0.000898831519025267,0.000499350843902926,0.00149805253170878,0,0.0116848097473285,0,0.00279636472585639,0.00399480675122341,0.000599221012683511,0,0.000898831519025267,0.00229701388195346,0,0,9.98701687805852e-05,0,0,9.98701687805852e-05,0.000898831519025267,0.00349545590732048,0.00249675421951463,0.000299610506341756,0.000998701687805852,0,0,0,0.000399480675122341,0,0,0.000699091181464097,0.00019974033756117,0,9.98701687805852e-05,0,0,0.00019974033756117,0.0019974033756117,0.00319584540097873,0.000399480675122341,9.98701687805852e-05,0,0,0.00159792270048936,0,9.98701687805852e-05,0,0.00019974033756117,0.0283631279336862,9.98701687805852e-05,0,0,0.00709078198342155,0,0,0.00019974033756117,0,0.000299610506341756,0.00019974033756117,0,0.000699091181464097,0.032258064516129,0,0,0.103565365025467,0.0313592329971038,0.00209727354439229,0.000898831519025267,0,0,9.98701687805852e-05,0,0,0,9.98701687805852e-05,0.000399480675122341,0.00239688405073405,0.00589233995805453,0.00189753320683112,0.0238689703385599,0,0.00479376810146809,0.00149805253170878,0,0,9.98701687805852e-05,0,0.00788974333366623,0.000499350843902926,0.00569259962049336,0,0.0613202836312793,0.00209727354439229,0.00159792270048936,0.146409667432338,0,9.98701687805852e-05,0.000599221012683511,0,0.000399480675122341,0,0,0.00319584540097873,0,0.000299610506341756,0,0.0019974033756117,0,0,0.000599221012683511,0,0,0.00019974033756117,0.000798961350244682,9.98701687805852e-05,0.00838909417756916,0.000599221012683511,0.00299610506341756,9.98701687805852e-05,0.000798961350244682,0,0,0,0,0.000998701687805852,0,9.98701687805852e-05,0,0,0.000399480675122341,0.0294616997902726,0,0.000299610506341756,0.025766503545391,0,9.98701687805852e-05,0,0,9.98701687805852e-05,0.000399480675122341,0.108159392789374,9.98701687805852e-05,0.000399480675122341,0.00778987316488565,0,0.0488365125337062,0,0,0,0.000998701687805852,0.00149805253170878,0.00499350843902926,9.98701687805852e-05,0.000399480675122341,0,0.0150803954858684,9.98701687805852e-05,0.0117846799161091,0,0,0.00149805253170878,0
0,0,0,0,0,0,0,9.99700089973008e-05,0.000199940017994602,0,0,0,0,9.99700089973008e-05,0,0,0,0,0,0,0,0.000799760071978406,0,0.00159952014395681,0,0.378186544036789,0,0,0.00119964010796761,0,0.00249925022493252,0,0,0.0273917824652604,0,0,0,0.000499850044986504,9.99700089973008e-05,0,0,0,0,0.000699790062981106,0,0.00209937018894332,0,0,0,0,0,0,0,0,0.00129961011696491,0,0,0,0,0,0,0,9.99700089973008e-05,0,9.99700089973008e-05,0,0.00339898030590823,0,0,0,0,0,0,9.99700089973008e-05,0,0,0,0,0,9.99700089973008e-05,0,0,0,0,0,0,0.0131960411876437,0,0.000199940017994602,0.000199940017994602,0,0,0.0126961911426572,0,0,0.00739778066580026,0,0,9.99700089973008e-05,0,0,0,0,0,0,0,9.99700089973008e-05,0.287313805858243,0,0,0,0,0,0,0,0,0,0,0.0109967009897031,0.000199940017994602,0,0,0,9.99700089973008e-05,0.0107967609717085,0,0,0,0,0,0.000799760071978406,9.99700089973008e-05,0,9.99700089973008e-05,0,0,0.00949715085474358,0,0,0,0.00299910026991902,0,0,0,0,0,0,0,0,0,0.000399880035989203,0,0,0,0,0,0,0,0,0.00319904028791363,0,0,0,9.99700089973008e-05,0,0,0,0,0,0,0,0,0,0,0,0,0,9.99700089973008e-05,0.012296311106668,0,0,0,0,0,0,0,0,0,0,0,0,0.000899730080975707,9.99700089973008e-05,0,0,0,0,0,0,0,0.0206937918624413,0,0,0,0,0.0119964010796761,0,0,0.000399880035989203,9.99700089973008e-05,0,0,0,0,0,0,0.00589823053084075,0,0.0238928321503549,9.99700089973008e-05,0,0,0,0,0,0,0,0,0,0,9.99700089973008e-05,0,0,0.0476856942917125,0,0,0,0,0,0,0,0,0,0,0,0,0,0,0,0,9.99700089973008e-05,0,0,0,0,0,0.000199940017994602,0,0,0,0,0,0,0,0,0,0,0,0,0.0485854243726882,0,0,0.00539838048585424,0,9.99700089973008e-05,0,0.000199940017994602,0,0,0.00819754073777867,0,0,0.0239928021593522,0,0,0,0,0,9.99700089973008e-05,0.000199940017994602,0,0,0,0,0.000399880035989203,0,0.00329901029691093,0,0,0.00389883035089473,0
0,0,0,0.000499850044986504,0,0,0.00179946016195141,0,0,0,0,0,0,0,0.00519844046785964,0.00229931020693792,0.000599820053983805,9.99700089973008e-05,0,0,0,0.00249925022493252,0,0,0,0.321203638908327,0,0,0,0.00419874037788663,9.99700089973008e-05,0,0,0,0,0,0,0,0,0,0,0,0,0,0,0,0,0,0,0,0,0,0,0.000199940017994602,0,0,0,0,0.000599820053983805,0,0,0,0,0.000199940017994602,0,0,0,0,0,0.00959712086374088,0.000499850044986504,0,0,0,0,0,0,0.000299910026991902,0,0,0,0.000299910026991902,9.99700089973008e-05,0,0,0.00169949015295411,0,0,0,0.00189943017094872,0,0,0.014295711286614,0,0,0,0,0,0,0,0,0.0128961311606518,0,0,0,0,0,0.0128961311606518,0,0,0.00419874037788663,0,0,0,0,0,0,0.00229931020693792,0.0120963710886734,0,0,0,0,0.000399880035989203,0.0201939418174548,0,9.99700089973008e-05,0,0,0,0,0,0,0,0,0,0.0921723482955114,0,0,0,0,0.000799760071978406,0.00119964010796761,0,0,0,0,0,0.000299910026991902,0.00159952014395681,0,0,0.0176946915925222,0,0.00169949015295411,0,0,0,0,0,0,0.000399880035989203,0,0,0,0,0.00119964010796761,0,0,0.000699790062981106,9.99700089973008e-05,0,0,0,0,0,0,0,0.00179946016195141,0,0,0,0,0,0,0.000399880035989203,0.000899730080975707,0,0,0,0,0,0,0,0,0,0,0,0,0,0,0.00529841047685694,0,9.99700089973008e-05,0.00299910026991902,0,0,0,0,0.000599820053983805,0,0,0,0,0,0.000999700089973008,0,0,0,0,0,0.000199940017994602,0,0,0,0,0,0,0.000599820053983805,0,0,0,0,0.000399880035989203,0,0,0.000399880035989203,0,0.00339898030590823,0,0,0.00189943017094872,0,0,0.000499850044986504,0.000899730080975707,0,0,0,0,0,0,0,0,0,0,0.0177946616015195,0,0.00129961011696491,0,0,0,0,0.000499850044986504,0,0,0,0,0,0.000799760071978406,0,0,0.134659602119364,0.000199940017994602,0,0,0,0,0.000599820053983805,0.0306907927621713,0,0.220433869839048,0.00999700089973008,0,0,0,0,0,0,0.000999700089973008,0,0,0,0.00339898030590823,0,0,0,0,0,0.00609817054883535,0
0,0.00269811132207455,0,0,0,0,0,0.00189867093034876,0,9.9930048965724e-05,0,9.9930048965724e-05,0,0,0.0122913960227841,0,0,9.9930048965724e-05,0,0,0.000299790146897172,0.00429699210552613,0,0.00049965024482862,9.9930048965724e-05,0,0,0,0.0243829319476367,0,0.0322774058159288,0,0,0.00099930048965724,0,0,0,0.0306785250324773,0,0,0,0,0,0.00179874088138303,0,0.000199860097931448,0.0324772659138603,9.9930048965724e-05,0,0,0.000299790146897172,0,0,0,0,0,0,0,0,0.00149895073448586,0,0.00189867093034876,0,0.000299790146897172,0,9.9930048965724e-05,0.0161886679324473,0,0.00129909063655441,0.00829419406415509,0.00169881083241731,0,0,0.00119916058758869,0.0890376736284601,0,0,0,0,0.00169881083241731,0,0,0.000399720195862896,0,0,9.9930048965724e-05,0.0134905566103727,9.9930048965724e-05,0,0.00479664235035475,0,0,0,0,0,0,0,0,0.00359748176276606,0,0,0,0,0,0.00129909063655441,0,0.00099930048965724,0.0689517337863496,0,0,0,0,0,0,0,0,0,0,9.9930048965724e-05,0,0,0,0,0,0,0.00239832117517738,0.148795842909963,0,0.000199860097931448,0.00799440391725792,0.00359748176276606,0.013390626561407,0,0.000399720195862896,0,0.00269811132207455,0.00329769161586889,0,0,0,0,0,0,0,0,0,0.00359748176276606,0,0,0,0.000799440391725792,0.00139902068552014,0,0.00199860097931448,0,0,0,0,9.9930048965724e-05,0.00659538323173778,0,0,0,9.9930048965724e-05,0,0,0,0,0,0,0.000299790146897172,0,0.00119916058758869,0.00129909063655441,0,0,0,0.011591885680024,0.00119916058758869,9.9930048965724e-05,0.000199860097931448,9.9930048965724e-05,0.000299790146897172,0,9.9930048965724e-05,0,0,0,0,9.9930048965724e-05,0,0.00319776156690317,0.000299790146897172,0,0.00149895073448586,0,0,0,0,0,0,0.00049965024482862,0,0.0020985310282802,0,0.00179874088138303,0,0,0,0,0,9.9930048965724e-05,0.000399720195862896,9.9930048965724e-05,0.000299790146897172,9.9930048965724e-05,0.00179874088138303,0.0045967822524233,0,0.000799440391725792,9.9930048965724e-05,0.00379734186069751,0,0.000299790146897172,0,0,0,0,0.0020985310282802,0.000699510342760068,0.00399720195862896,0,0,0.0561606875187369,0,0,0.000199860097931448,0,9.9930048965724e-05,0,0,0,0.011591885680024,0,0,0.00609573298690916,0,9.9930048965724e-05,0.000299790146897172,0.00409713200759468,0,0.000599580293794344,0.00179874088138303,0,0.000599580293794344,9.9930048965724e-05,0,0,0.000399720195862896,0,9.9930048965724e-05,0.00139902068552014,0,9.9930048965724e-05,0,0,0,0.00469671230138903,0.00109923053862296,0.0024982512241431,0,0.00129909063655441,0.0218846807234936,0,9.9930048965724e-05,0,0,0,0.00129909063655441,0.224842610172879,0,0,0.00989307484760668,0,0,0,0,0,0.0070950334765664,0.00119916058758869,0.00939342460277806,0,0,0,0.0132906965124413,0,0.000799440391725792,0,0,0.0117917457779554,0
0,0,0,0,0.0002999700029997,0,0,0,0,0,9.99900009999e-05,0,0,0,0,0.0001999800019998,0.0042995700429957,9.99900009999e-05,0,0,0.0073992600739926,0.0020997900209979,0,0.0004999500049995,0,0,0,0,0,0,0.0174982501749825,0,9.99900009999e-05,0,0.0003999600039996,0,0.0002999700029997,0.0007999200079992,0,0,9.99900009999e-05,0.0001999800019998,0,0,0,0.0057994200579942,0,0,0,0,9.99900009999e-05,0.0010998900109989,0,0,0,0,0,0,0,0.0011998800119988,0,0,0,0,0,0,0.0196980301969803,0,0.0001999800019998,0,0,0,0,0.0122987701229877,0.0050994900509949,0,0,0,0,0.0013998600139986,0,9.99900009999e-05,0.0038996100389961,0,0,0.0001999800019998,0.0094990500949905,0,0,0.0033996600339966,0.0641935806419358,0,0,0,0.0080991900809919,0,0.0007999200079992,0,0.0008999100089991,0,0,0,0,0,0,0.0008999100089991,0,0,0,0,0,0,0,0,0,0,0,0,0.0057994200579942,0,0,0,0.0004999500049995,0,0.0005999400059994,0,0,0,0,0.0121987801219878,0,0.0012998700129987,9.99900009999e-05,9.99900009999e-05,0,9.99900009999e-05,0,0,0,0,0.0032996700329967,0,0,0,0,0,0.0033996600339966,0,0,0,0.0002999700029997,0.0047995200479952,0,0,9.99900009999e-05,0,0.0008999100089991,0,0,0.0017998200179982,0,0,0,0.0485951404859514,0,0,0,0.0002999700029997,0,0.0002999700029997,0,0.0008999100089991,0,0,0,0,0,0,0.0103989601039896,9.99900009999e-05,0,0.0006999300069993,0,0,0.0022997700229977,0.0011998800119988,0,0,0,0,9.99900009999e-05,0.0065993400659934,0,0,0,0.0001999800019998,0,0,0,0,0,0,0.222577742225777,0,0.0272972702729727,0.0032996700329967,0,0,0,0,0.0001999800019998,0,0,0,0,0,0,0.0015998400159984,0,0,0,0,0,0,0,0,0.0157984201579842,0,0,0.0018998100189981,0.0060993900609939,0,0,0.0281971802819718,0,0,0,0,0,0,0,0,0,0,0.0003999600039996,0,0,0,0,0,0,0,0,0,0,0.0001999800019998,0.0004999500049995,0,0,0.0047995200479952,0,0,0,0.0008999100089991,0,0,0,0.0073992600739926,0,0.234576542345765,0,0,0,0,0.0060993900609939,0,0,0,9.99900009999e-05,0.141085891410859,0,0,0.0063993600639936,0,0,0,0,0.0002999700029997,0,0.0021997800219978,0,0,0,0,0,0,0,0.0044995500449955,0,0.0032996700329967,0
0,0,0,0,0,0,9.99900009999e-05,0,0,0,0,0,0,0,0.0010998900109989,0,0,0,0,0,0,0.0055994400559944,0,0.0011998800119988,0,0.228977102289771,0.0003999600039996,0,0.0016998300169983,0,0,0,0,0.0360963903609639,0,0,9.99900009999e-05,0,0,0,9.99900009999e-05,0,0,0,0,0.0420957904209579,0,0,0,0,0,0,0,0,0,0,0,0.0001999800019998,0,0.0031996800319968,0,0,0,0,0,0,0,0.000999900009999,0,0,0,0,0,0,0,0,0,0,0,0.0033996600339966,0,9.99900009999e-05,0,0,0,0,0,0,0,0,0,0,0.0007999200079992,0,0,0,0.0002999700029997,0,0,0,0,0,0,0,0,0,0,0.0395960403959604,0,0,0,0,0,0,0,0,0,0,0.0025997400259974,0,0,0,0.0004999500049995,0,0.0271972802719728,0,0,0,0,0,0,0,0,0,9.99900009999e-05,0,0.0003999600039996,0.0004999500049995,0,0,0.0772922707729227,0,0,0,0,0,0.0030996900309969,0,0,0,0,0,0,0,0,0,0,0,0,0,0,0,0,0.0295970402959704,0,0,0,0,0,0,0,0,0.0001999800019998,0.0027997200279972,0,0,0,0,0,0,0,0,0,0,0,0,0,0,0,0,0,0.0056994300569943,9.99900009999e-05,0.0002999700029997,0,0,0,0,0,0,0,0,0,0.0003999600039996,0,0.0110988901109889,0,0,9.99900009999e-05,9.99900009999e-05,0,0,0,0,0.0003999600039996,0,0,0,0.0032996700329967,0.0003999600039996,0,0,0,0,0,0,0,0,0,0,0,0,0,0.0095990400959904,0,0,0,0,0,0.0007999200079992,0,0,0,0,0,0.0002999700029997,0,0.0001999800019998,0,0,0,0,0,9.99900009999e-05,0,0,0,0,0,0,0.0002999700029997,0,0,0.0003999600039996,0,0,0,0,0,0.0018998100189981,0,0,0.12978702129787,0,0,0,0.001999800019998,0,0,0.265873412658734,0,0,0.0506949305069493,0,0,0,0,9.99900009999e-05,0,0.004999500049995,0,0,0,0,0,0,0.0006999300069993,0,0,0,0
0,0,0,0,0,0,9.9930048965724e-05,0.00159888078345158,0,0,0,0,9.9930048965724e-05,0,0.000599580293794344,0,0,0,0,0,0.002897971420006,0,0,0.000899370440691516,0,0.318377136004797,0,0,0.00049965024482862,0,0,0,0,0.00399720195862896,0,0,0,0,0,0,0,0,0,0.00329769161586889,0,0,0,0,0,0,0,0,0,0,0,0,0,0.000199860097931448,0,0,0,0,0,0,0,0,0,9.9930048965724e-05,0,0,0,0,0,0.000199860097931448,0,0,0,0,0,0,0,0,0,0,0,0,0.00049965024482862,0,0,0,0,9.9930048965724e-05,9.9930048965724e-05,0,0,9.9930048965724e-05,0,0,0,0,0,0,0,0,0,0,0,0.052862995902868,0,0,9.9930048965724e-05,0,0,0.0113920255820925,0,9.9930048965724e-05,0,9.9930048965724e-05,0,0.000199860097931448,0,0,0,0,0.000699510342760068,0,0,0,0,0,0,0,0,0.00049965024482862,0,0,0.00419706205656041,0,0,0,0.00689517337863496,0,0,0,0,0,0,0,0,0,0,0,0,0,9.9930048965724e-05,0,0,0,0,0,0,0,0,0,0,0,0,0,0,0,0,0,0,0,0,0,0,0,0,0.000399720195862896,0,0,0,0,0,0,0,0,0,0,0,0.00389727190966324,9.9930048965724e-05,0,0,0,0,0,0,0,0,0,0,0,0,0.000599580293794344,0,0,0,9.9930048965724e-05,0,0,0,0,0,0,0.00479664235035475,0,9.9930048965724e-05,0,0,0,0,0,0,0,0,0,0.000199860097931448,0,0,0,0,0.0224842610172879,0,0,0,0,0,0.00049965024482862,0,0,0,0,0,0,0,0,0,0,0,0,0,0,0,9.9930048965724e-05,0,0,0,0,0,0,0,0,0,0,0,0,0,0.0905366243629459,0,0,0.0361746777255921,0,9.9930048965724e-05,0,9.9930048965724e-05,0,0,0.391426001798741,9.9930048965724e-05,0,0.000699510342760068,0.000199860097931448,0,0,0,0.000399720195862896,0,0.000599580293794344,0,0,0,0,0.000699510342760068,0,0.0347756570400719,0,0,9.9930048965724e-05,0
0.00149910053967619,0,0,0,0.000199880071956826,0,9.9940035978413e-05,0,0,0,0,0,0,0.0244853088147112,0.0288826703977613,0,0,0,0,0,0.010893463921647,0,0,0,0,0.0412752348590845,9.9940035978413e-05,0,0.00199880071956826,0.00359784129522287,0.0468718768738757,0,0,0.00289826104337398,0,0,0.000799520287827304,0.0061962822306616,0.000199880071956826,0,0.000199880071956826,0.000999400359784129,0,0.00409754147511493,0,0.00169898061163302,0,0,0,0,0,0,0.000499700179892065,0,0,0,0,0,0,0.00129922046771937,0,0,0,0,0,0,0,0,9.9940035978413e-05,0,0.00629622226664002,0,0,0,0,0,0,0,0,0.00149910053967619,0,0.000499700179892065,0.00289826104337398,0,0,0,0.000199880071956826,0,0.00159904057565461,0.00699580251848891,0,0,0.00129922046771937,0,0,0.000499700179892065,0,0,0,0,0,9.9940035978413e-05,0,0,0,0,0,0.0475714571257246,0,0,0.00259844093543874,0,0,0.0991405156905856,9.9940035978413e-05,0,0,0,0.00329802118728763,0,0,0,0,9.9940035978413e-05,0,0,0,0,0,0,0,0.179692184689186,0,0,0,9.9940035978413e-05,0.000899460323805717,0.00129922046771937,0.000199880071956826,0,0,0.00289826104337398,0,0.000799520287827304,0,0,0,0,0,0,0.00269838097141715,0.000199880071956826,0,0,0,0,0,0,0,0.00569658205076954,0,0.000399760143913652,0.00109934039576254,0.0403757745352788,0,0,0,0,0,0,0,0,0,0,0,0,0.00129922046771937,0,0.00489706176294223,0,0,0.000499700179892065,0,0,0,0.000899460323805717,0,0,0,0,0,0.004597241655007,0,0,0,0,0.000399760143913652,0,0,0,0,0,0,9.9940035978413e-05,0,0,0,0,0,0,0,0,0,0,0,0.00119928043174096,0.0101938836697981,0,0,0,0.00139916050369778,0,0,0,0,0.000199880071956826,0,0,0.00339796122326604,0,0,0,0,0.0833499900059964,0,0,0,0,0,0.004597241655007,0,0.0134919048570857,0,0,0,0,0,0,0,0,0,0,0,0,0,0,0,0,0,0,0,0,0,0.000299820107935239,0.023485908454927,0,0,0,0,0.000299820107935239,0,0,0.0022986208275035,0,0,0,0,0,0.000599640215870478,0.240655606636018,0,0,0.00549670197881271,0,0,0.000199880071956826,0,0,0,0,0,0,0.000599640215870478,0,0,0,0.00359784129522287,0,0,0.00199880071956826,0
0,0,0,0,0,0,0.000199880071956826,9.9940035978413e-05,0,0,0,0,0,0.018388966620028,9.9940035978413e-05,0.00169898061163302,0,0,0,0,0.00189886068358985,9.9940035978413e-05,0,0,0,0.25504697181691,0,0,0.000599640215870478,0,0,0,0,0.00739556266240256,0,0,0.00179892064761143,9.9940035978413e-05,0,0,0,0.000399760143913652,0.0178892664401359,0.00379772136717969,0.000199880071956826,0.00269838097141715,0,0,0,0,0,0,0,0,0,0,9.9940035978413e-05,0.000199880071956826,0,0.0151908854687188,0,0.00299820107935239,0,0,0,0.000899460323805717,0.00679592244653208,0.00609634219468319,0,0,9.9940035978413e-05,0,0,9.9940035978413e-05,0,0,0,0,0,9.9940035978413e-05,0,0.000399760143913652,0,0,9.9940035978413e-05,0,0,0,0.000399760143913652,0.000199880071956826,0.0293823705776534,0,0.0346791924845093,0,0,0,0,0,9.9940035978413e-05,0,0,0,0,0,0,0,0,0.078652808315011,0.000499700179892065,0.00499700179892065,0.0030981411153308,0,0,9.9940035978413e-05,0,0,0,0,0.00209874075554667,0,0.000399760143913652,0,0,0.000799520287827304,0.00219868079152508,0,0,0,9.9940035978413e-05,0,9.9940035978413e-05,0.000699580251848891,0,0,0,0,0.000299820107935239,0,0.000599640215870478,0,0.000299820107935239,0.000399760143913652,0.000499700179892065,0,0,0,0,0,0,0.000199880071956826,0.000199880071956826,0.000299820107935239,0,0,0,0,0,0,0,0.00219868079152508,0,0,0,9.9940035978413e-05,0,9.9940035978413e-05,0.000499700179892065,0.00329802118728763,0,0.000499700179892065,0,0,0.163002198680792,0,0,0,0,9.9940035978413e-05,0.00809514291425145,9.9940035978413e-05,0,0,0,0,9.9940035978413e-05,0.000699580251848891,0,0,0,0,0,0.00119928043174096,9.9940035978413e-05,0,0,0,0,0,0,0,0,0,0,0,0.0214871077353588,0.000399760143913652,0,0,0,0.000199880071956826,0,0,0.000599640215870478,0,9.9940035978413e-05,0,0.00449730161902858,0,0.00369778133120128,0,0,0,0,0,0,0.000499700179892065,0,0,0.000399760143913652,0,0.000599640215870478,0,0,0.0232860283829702,0,0,0,0,0,0,0,0.00139916050369778,0,0,0,0,0,0,0.000399760143913652,0,0.000699580251848891,0,0,0,0,0,0,0,0,9.9940035978413e-05,0,0,0,0,0.00139916050369778,0,0,0,0,0.132720367779332,0,0,0.0477713371976814,0,0,0,0,0,0.000499700179892065,0.0616630021986808,0,0,0.00759544273435938,0,0,0,0,0,0,9.9940035978413e-05,0,0,0,0,9.9940035978413e-05,0,0,0,0,0.00259844093543874,0.000299820107935239
0,0,0,0,0,0,0,0,0,0,0,0,0,0,0.0001999600079984,0,0.0001999600079984,0,0,0,0,0.000899820035992801,0,0,0,0.10627874425115,0,0,0.000399920015996801,0,0,0,0,0.00359928014397121,0.000799840031993601,0,0.000799840031993601,0.0130973805238952,0.000799840031993601,0,0.0001999600079984,0,0.00709858028394321,0.0018996200759848,0,0.000799840031993601,0,0,0,0,9.99800039992002e-05,0.0001999600079984,0,0,0,0,0,0,0.000499900019996001,0.00639872025594881,0,9.99800039992002e-05,0,0,0,0.000499900019996001,0.0191961607678464,0,0,0,0,0,0,0,0,0,0,0.000599880023995201,0,0.000799840031993601,0,0.0021995600879824,9.99800039992002e-05,0,0,0,0,0,0.000399920015996801,0.0011997600479904,0,0.00779844031193761,0.00329934013197361,0,0,0,0,0,0.0001999600079984,0,0.0015996800639872,0,0,0,0,0.000699860027994401,0,0.110177964407119,0,0,0.00999800039992002,0,0,0.0013997200559888,0,0,0,0.001499700059988,0.00779844031193761,0,0.0001999600079984,0.00429914017196561,0,0.0001999600079984,0.0015996800639872,0.0171965606878624,0,0,0,0,0.0002999400119976,9.99800039992002e-05,0,0,0,0,0.0196960607878424,0,0.0002999400119976,0,0.000699860027994401,0,0,0,0,0,0.0017996400719856,0,0,0.0170965806838632,9.99800039992002e-05,0,0,0,0,0,0,0.0002999400119976,0,0.0018996200759848,0.0010997800439912,0,0,9.99800039992002e-05,0,0,0.0012997400519896,0,0,0,0.001499700059988,0,0,0,0,0,0.000399920015996801,9.99800039992002e-05,0.095380923815237,0,0,0,0,0,0.000899820035992801,0,0,0,0,0,0,0.00349930013997201,0.000399920015996801,0,0,0,0,0,0,9.99800039992002e-05,0,0,0,0,0,0.0012997400519896,0,0,0,0.000399920015996801,0,0,0,0,0.000399920015996801,0,0.00499900019996001,0,0,0.000699860027994401,0,0,0,0,0,0,0,0,0,0.0002999400119976,0.000599880023995201,0,0,0.0468906218756249,0,0,0,0,0.0017996400719856,0,0,0.0396920615876825,0,0,0,0,9.99800039992002e-05,0,0,0,0,0.000499900019996001,0.000899820035992801,0,0.000499900019996001,0.0165966806638672,9.99800039992002e-05,0,0.0011997600479904,0.00329934013197361,9.99800039992002e-05,0,0,0.000399920015996801,0,0,0,0,0,0.354929014197161,0,0,0.0012997400519896,0,0,0,0,0,0.000399920015996801,0.0152969406118776,0,0,0.00889822035592881,0,0,0,0,0,0.0010997800439912,0.00249950009998,0,0,0,0.0001999600079984,0,0,0,0,0,0.0101979604079184,0
0,0,0,0,0,0,0,0,0,0,0,0,0,0.0263052610522104,0.0124024804960992,0,0,0,0,0,0,0,0,0,0,0.0769153830766153,0,0,0.000400080016003201,0.001000200040008,0,0,0,0.0323064612922585,0,0,0.000900180036007201,0,0.0002000400080016,0,0,0.00320064012802561,0,0,0,0.0199039807961592,0,0,0,0,0.0001000200040008,0,0,0,0,0,0,0,0,0.0343068613722745,0,0,0,0,0,0,0,0,0,0,0,0,0,0,0,0,0,0,0,0.0264052810562112,0,0.0002000400080016,0,0,0,0,0.00690138027605521,0,0,0.001500300060012,0,0.0002000400080016,0.0026005201040208,0,0.0024004800960192,0,0,0,0.00370074014802961,0,0,0.0003000600120024,0,0,0,0,0,0.20374074814963,0,0,0.00490098019603921,0,0,0.00390078015603121,0,0,0,0,0.0201040208041608,0.0019003800760152,0,0,0,0.0001000200040008,0.00610122024404881,0,0,0,0,0,0.00790158031606321,0.0299059811962392,0.0031006201240248,0,0,0.0001000200040008,0.000400080016003201,0,0,0,0.0002000400080016,0,0.000600120024004801,0,0,0,0,0,0,0,0,0,0,0,0,0,0,0,0,0,0,0,0,0,0,0,0,0,0,0,0,0,0.001000200040008,0,0,0,0.0017003400680136,0,0,0,0,0,0,0,0,0.001000200040008,0,0,0,0,0,0.00870174034806961,0.000900180036007201,0,0,0.0019003800760152,0,0,0,0,0,0.0182036407281456,0,0.0002000400080016,0,0.0017003400680136,0.000400080016003201,0.001000200040008,0.000400080016003201,0,0,0,0,0,0.00250050010002,0,0.00680136027205441,0,0.001000200040008,0,0,0,0,0,0,0,0,0,0.0309061812362472,0,0,0,0,0.0296059211842368,0,0,0,0,0.00510102020404081,0,0,0.014502900580116,0,0,0.000500100020004001,0,0,0,0,0,0,0,0,0,0,0.0374074814962993,0,0,0,0,0,0,0,0.000400080016003201,0,0,0,0,0,0.00250050010002,0,0,0.00820164032806561,0,0,0,0,0,0,0.247749549909982,0,0,0.0272054410882176,0,0,0,0,0,0,0.0021004200840168,0,0,0.000700140028005601,0,0.00680136027205441,0,0.000900180036007201,0,0,0.0029005801160232,0
0,9.99100809271655e-05,0,0,0,0,9.99100809271655e-05,0,0,0,0,0,9.99100809271655e-05,0,0.0969127784993506,0,0,0,0,0,0,0.00149865121390748,0,0.000199820161854331,0,0.090518533320012,0,0,0.00399640323708662,0.00399640323708662,9.99100809271655e-05,0,0,0,0,0,0,0,0.000399640323708662,9.99100809271655e-05,9.99100809271655e-05,0,0,0,0,0,0,0,0,9.99100809271655e-05,0,0,0,0,0.000399640323708662,0,0,0,0,0.00159856129483465,0,0.000499550404635828,0,0,0,0,0.000499550404635828,0,0,0,0,0,0,0,0,0.00539514437006694,0,0,0,0,0,0,0,0,0,0.000399640323708662,0.00849235687880907,0,0,0,0,0.00189829153761615,0.311419722249975,0,0,0.00189829153761615,0,0,0,0.000299730242781497,0,0,0,0,0,0,0,0.0711359776201419,0,0,0,0,0,0.00209811169947048,0,0.000199820161854331,0,0,0,0,0,0,0,9.99100809271655e-05,0.0217803976421221,0,0,0,0,0,0,0.000499550404635828,0,0,0,0,0.0377660105904686,0,0,0,0.0285742831451693,0,0,0,0,0,9.99100809271655e-05,0,0,0,9.99100809271655e-05,0,0,0,9.99100809271655e-05,0,0,0,0,0,0,0,0,0,0,0,0,0,0,0,0.000199820161854331,0,9.99100809271655e-05,0,0,0,0,0.00109901089019882,0,0,0,0,0,9.99100809271655e-05,0,0,0,0,0,0,0,0.00139874113298032,0.000199820161854331,0.000499550404635828,0,0.00189829153761615,0,0,0,0,0,0,0,0,0,0.0025976621041063,9.99100809271655e-05,0,9.99100809271655e-05,0.000599460485562993,0,0,0,0,0,0,0,0,0.0191827355380158,0,0,0,0,0,0,0,0,9.99100809271655e-05,0,0,0,0,0,0.0582475771805375,0,0,0,0,0,0,0,0,0,0,0,0,0,0,0,0,0,0,0,0,0,0.000399640323708662,0.000499550404635828,0,0.000199820161854331,0,0,0,0,0.000199820161854331,9.99100809271655e-05,0,0,0,0,0.0254770706364272,0,0.000199820161854331,0.0578479368568289,0.0258767109601359,0.000499550404635828,0,0.000199820161854331,0,0,0.0876211409731242,0,0.0025976621041063,0,0,0,0.00129883105205315,0,0,0,0,0,0,0,0,0.00829253671695474,0,0.00209811169947048,0,0,0.00669397542212009,0
0,0,0,0,0,0,0.00279832100739556,0,0,0,0,0.000199880071956826,9.9940035978413e-05,0.000699580251848891,0.00279832100739556,0,0.00339796122326604,0,0.000499700179892065,0.000399760143913652,0.00119928043174096,0.00219868079152508,0,0.00149910053967619,0.000299820107935239,0.286428143114132,0,0,0.0061962822306616,9.9940035978413e-05,0.00279832100739556,0,0,0.0302818309014591,0,0,0.00259844093543874,0.010893463921647,0.000199880071956826,0,0,0.00329802118728763,0.000299820107935239,0,0,0.0348790725564661,0,0.000299820107935239,0,0,0,0,0.000299820107935239,0,0.000699580251848891,0,0,0,0,0.023485908454927,0,9.9940035978413e-05,0,0,0,9.9940035978413e-05,0.000899460323805717,0,0,0,0.000699580251848891,0,0,0,0,0.01888866679992,0,0,0,0.00389766140315811,0,0.00159904057565461,0.012092744353388,0,0.000299820107935239,0.00109934039576254,0,9.9940035978413e-05,0,0.000799520287827304,0.00989406356186288,0.00609634219468319,0.00739556266240256,0,0,0,9.9940035978413e-05,0,0.000199880071956826,0,0.00329802118728763,0,0,0,0.000199880071956826,0,0,0.0132920247851289,0,0,0,0,0,0.000299820107935239,0,0.00289826104337398,0,0,0.00879472316610034,0,0,0,0,0.000199880071956826,0.00169898061163302,0.00329802118728763,0,0,0.00159904057565461,0,0.000899460323805717,0.000499700179892065,0.0105936438137118,0,0,0,0.000299820107935239,0.000799520287827304,0.000899460323805717,0,9.9940035978413e-05,0.000199880071956826,0,0,0,0,0,0,0,0,9.9940035978413e-05,0.000299820107935239,0,0,0,0,0,0.000499700179892065,0.000299820107935239,0.00399760143913652,0,0,0.000699580251848891,0.0155906456126324,0,0,0.000299820107935239,0,0,0,0,0,0.00279832100739556,0,0,0,0.000999400359784129,9.9940035978413e-05,0.0151908854687188,0.000199880071956826,0,0,0.00329802118728763,0.00119928043174096,0.00259844093543874,0,0,0,0,0,0,0.00259844093543874,0,0,0,0,0,0,0,0.0900459724165501,0,0,0,0.000399760143913652,0,0.00109934039576254,0,0,0.000199880071956826,0.00169898061163302,0,0,0,0,0.000199880071956826,0.000799520287827304,0.0102938237057765,0.000199880071956826,0.00869478313012193,0,0,0.000399760143913652,0,9.9940035978413e-05,0,9.9940035978413e-05,0,0,0.000599640215870478,0,0.0222866280231861,0,0.00119928043174096,0.141814911053368,0,0,0,0,0.00159904057565461,9.9940035978413e-05,0,0.00409754147511493,0.00479712172696382,0,0.000299820107935239,0,0,0,0,0,0.000299820107935239,9.9940035978413e-05,0,0,9.9940035978413e-05,0.00699580251848891,0.000299820107935239,0,0,0.000599640215870478,9.9940035978413e-05,0,0,9.9940035978413e-05,9.9940035978413e-05,0,0,0,0.000899460323805717,0.022986208275035,0.000699580251848891,0,0.0153907655406756,9.9940035978413e-05,0.00279832100739556,0,0,0,0,0.0150909454327404,9.9940035978413e-05,0,0.0426743953627823,0,0,9.9940035978413e-05,0,9.9940035978413e-05,0.00249850089946032,0.000699580251848891,0,0,0,0,0,0,0.0022986208275035,0.00469718169098541,0,0.0053967619428343,0
0,0.0016,0,0,0.0016,0,0,0,0,0,0,9e-04,0,0,0.0072,0,0,0,0.0026,0,0,0,0,0,0,0.2921,0,0,0,0.0018,0.0242,1e-04,0,0,0.0013,0,0,2e-04,0,0,0,0.0013,0.0394,0.0042,0,0.0023,0,0,0,0,1e-04,2e-04,0,4e-04,0,0,0,0,0,0.0011,0,0,0,0.0538,0,0,5e-04,0,0,0,0.001,0,0,0.0088,0,0,0,0,0,3e-04,0,0,0,0,0,0,0,0,7e-04,0,0,0,0,0,0,0,0,0,0,0,0,0,0,0,0,0,0,0.0352,0,0,0.0052,0,0,0,0,0,0,0,1e-04,0,0,0,0,0,0.0911,0,0,0,0,0,0,0,0,0,0,0,0,0,0,0,0.002,0.0016,0.0024,0,0,0,0,0,0,0,0.0011,0.0053,0,0,0,0,0,0,0,0.0073,0,0.0037,0,0,0,0,7e-04,0,0,0,0,0,0,0,0,0,0.0018,0,0.0076,0,0,0.0019,0,1e-04,0,0.0051,6e-04,2e-04,0,0,0,0.0139,0,0,0,0,0,0,0,0,0,0.0329,0,0,0,0,0.001,0,0,0,0.0221,0.0192,0,0,0.0021,0,0,0,0,0,0,0,0,0,0,0,0.0269,0,0.0087,0,0.0148,0,0.0035,0.0811,0.0072,0,0,0,0.0014,0,0,0.0702,0,0,0,0,0,0,0,0,0,0,0,0,0,0,0,0,0,4e-04,0,0,0,0,3e-04,0,0,0,0.0011,0.0024,0.0046,0,0.0531,0,1e-04,0,0,0,0,0.0016,0,0,0,0,0,0,0,0,0,0,0,0,0,0,0,0,0.0034,0,0,0.0073,0
0,0,0,0,0,0,0,0,0,0,0,0,9.99900009999e-05,0.0327967203279672,0.0027997200279972,0,0,0,0,0,0,0,0,0,0,0.0290970902909709,0,0,0.0012998700129987,0.0022997700229977,0,0,0,0,0,0,0.0012998700129987,0,0,0,0,0,0.156284371562844,0,0,0,0,0,0,0,0,0,0.0012998700129987,0,0,0,0,0,0,0,0,0,0,0.0470952904709529,0,0,0.0704929507049295,0,0,0,0,0,0,0,0,0,0,0.0004999500049995,0,0.0416958304169583,0,0.0008999100089991,0,0,0,0,0.0256974302569743,0,0.0007999200079992,0,0,0,0.0013998600139986,0,0,0,0.0004999500049995,0,0,0,0,0.0167983201679832,0,0,0,0,0,0.117588241175882,0,0,0.016998300169983,0,0,0.0025997400259974,0,0,0,0,0.0286971302869713,0,0.0002999700029997,0,0,0.0004999500049995,0,0,0,0.0022997700229977,0,0,0,0.0440955904409559,0,0,0,0,0.0007999200079992,0.0002999700029997,0.0006999300069993,0,0.0075992400759924,0.0052994700529947,0.003999600039996,0,0,0,0.0173982601739826,0,0,0,0.0041995800419958,0,0,0.002999700029997,0,9.99900009999e-05,0,0.0005999400059994,0,0,0,0,0,0,0,9.99900009999e-05,0,0,0,0.000999900009999,0,0,0,0,0,0,0,0.0167983201679832,0,0,0,0,0,0,0,0,0,0,0,0,0,0.0142985701429857,0,0,0,0,0,0,0,0,0,0,0,0,0,0.0202979702029797,0,0,0.0002999700029997,0.0017998200179982,0,0,0,0,0,0,0,0,0.0151984801519848,0,0.0136986301369863,0,0,0,0,0,0,0,0.0008999100089991,0,0,0,0.0017998200179982,0.0190980901909809,0,0,0,0,0,0.001999800019998,0,0.0023997600239976,0,0,0,0,0,0,0,0,0,0,0,0,0,0.0016998300169983,0.0051994800519948,0,0,0,0,0,0,0.0007999200079992,0,0,0,0,0,0.0034996500349965,0,0,0.0040995900409959,0,0,0,0,0,0,0.162783721627837,0,0,0,0,0,0,0,0.000999900009999,0,0,0,0,0,0,0,0,0.0010998900109989,0,0,0.0198980101989801,0
0,0.0003999600039996,9.99900009999e-05,0,0,0,9.99900009999e-05,0,0,9.99900009999e-05,0.0002999700029997,9.99900009999e-05,0,0,0.0003999600039996,0,0,0,0,0,0.0057994200579942,0.0047995200479952,0,0,9.99900009999e-05,0.356164383561644,0,0,0.0003999600039996,0,0,0,0.0001999800019998,0,0.0003999600039996,0,0.0003999600039996,0,0,0,0,0,0,0,0,0.0177982201779822,0.0060993900609939,9.99900009999e-05,0,0,0,0,0,0,0,0.0001999800019998,0,9.99900009999e-05,0,0,9.99900009999e-05,0,0,9.99900009999e-05,0,0,0,0,0,0,0,0,9.99900009999e-05,0.0005999400059994,0,0,0,0,0,0.0062993700629937,0,9.99900009999e-05,0.0145985401459854,0,0.0043995600439956,0.0002999700029997,0.0527947205279472,0,0,0.0022997700229977,0,0,0,0,0,0,0,9.99900009999e-05,0.0055994400559944,0,0,0,0.000999900009999,0.0015998400159984,9.99900009999e-05,0,0.0088991100889911,0,0,0,0,0.0006999300069993,0,0.0086991300869913,0,0,0,0,0,0,0,0,0,0.0032996700329967,0.0170982901709829,0.0022997700229977,0,0.0010998900109989,0,0,0,0.0082991700829917,0,9.99900009999e-05,9.99900009999e-05,0,0.0051994800519948,0.0002999700029997,0.0001999800019998,0,0,9.99900009999e-05,0,0,0,0,0.0001999800019998,0,0,0,0.0015998400159984,0.0016998300169983,0,0,0,0,0,0.0317968203179682,0,0.0072992700729927,0,0,0,0,0,0,0,0,0,0,0,0,0,0,0,0,0.0005999400059994,0.0008999100089991,0,9.99900009999e-05,0,0,0,0.0026997300269973,0.0008999100089991,0,0.0006999300069993,0.0057994200579942,0,0,0,0.0055994400559944,9.99900009999e-05,0,0.0001999800019998,0,0,0,0,0,0,0,0,0.0002999700029997,0,0.0005999400059994,0.0001999800019998,0,0,9.99900009999e-05,0,0,0,0.0007999200079992,0.0012998700129987,0,0,0.0150984901509849,0,0,0,0,0,0,0,0,0.0098990100989901,0,0.0127987201279872,0,0.013998600139986,0,9.99900009999e-05,0.015998400159984,0,9.99900009999e-05,0,0,0,0.0016998300169983,0,0,0,0.0077992200779922,0,0,0.0001999800019998,0,0,0,0.0147985201479852,0,0.0002999700029997,0,0.0012998700129987,0.0003999600039996,0,0.0002999700029997,0,0,0.0002999700029997,0,0,0.0001999800019998,0,0.0001999800019998,0,0,0,0.0004999500049995,0.0021997800219978,0,0.0082991700829917,0,0,0,0,0,9.99900009999e-05,0.262073792620738,9.99900009999e-05,0,0,0,0,0,0,0.0156984301569843,0,0.0017998200179982,0,9.99900009999e-05,0,0,0.0005999400059994,0,0.0007999200079992,0,0,0.0081991800819918,0
0,0,0,0,0,0,0,0,0,9.99500249875062e-05,0,0,0,9.99500249875062e-05,0.000399800099950025,0,0,0.000699650174912544,0,0,0,9.99500249875062e-05,0,0,0,0.452273863068466,0,0.000199900049975012,0.00139930034982509,0,0,0,0,0.00329835082458771,0,0,0.000899550224887556,0,0,0,0,0,0,0,0,0.000499750124937531,0,0,0,0,0,0,0,0,0,0,0,0,0,0.000299850074962519,0,0,0,0,0,0,0.039880059970015,0,0,0.0288855572213893,0.00149925037481259,0,0,0,0,0,0,0,0,0,0,0,0,0,9.99500249875062e-05,0.00499750124937531,0.0289855072463768,0,0,0.000299850074962519,0.000999500249875062,0,0,0,0,0,0,0,0,0,0.000299850074962519,0.00659670164917541,0,0,0,0,0.0123938030984508,0.0864567716141929,0,0,0,0,0,0.000199900049975012,0,0,0,0,0.0106946526736632,0,0,0,0,0.000499750124937531,0,0.0113943028485757,0,0,0.000299850074962519,0.00999500249875063,0,0.000699650174912544,0.000399800099950025,0,0,0,0.00079960019990005,0,9.99500249875062e-05,0,0,0,0,0,0,0,0.000399800099950025,0,0,0,0.000699650174912544,0,0,0,0,0,0,0,0.00199900049975012,0,0,0,0,0.0592703648175912,0,0,0,0,0,0,0.00129935032483758,0,9.99500249875062e-05,0,0,0,0,0,0,0,0,0,0,0,0,0,0,0,0,0.000399800099950025,0,0.000899550224887556,0,0,0,0,0,0,9.99500249875062e-05,0,0,0,0,0.0169915042478761,0,0.0223888055972014,0.000299850074962519,0,0,0,0.0015992003998001,0,0.00259870064967516,0,0.00129935032483758,0,0,0.00109945027486257,0,0,0,0.000299850074962519,0,0,0,9.99500249875062e-05,0,0,0.00109945027486257,0,0,0,0,0.0893553223388306,0,0,0,0.000299850074962519,0,0,0,0,0,0,0.0154922538730635,0,0,0,0,0,0,0,0,0.00399800099950025,0,0.023888055972014,0.0047976011994003,0,0.000499750124937531,0,0.000299850074962519,0,0,9.99500249875062e-05,0,0,0,0.00559720139930035,0,0,0.00179910044977511,0.00279860069965018,0.0144927536231884,0,0.000199900049975012,0,0,0,0,0.000699650174912544,0,0,0.00189905047476262,0,0,0,0,0,0.00759620189905048,0.000999500249875062,0,0,0,0,0,0,0,0.00209895052473763,0,0.00339830084957521,0
0,0,0.000299790146897172,0,0,0,0,0.00259818127310882,9.9930048965724e-05,0,0,0.00129909063655441,0,0.00099930048965724,0.000199860097931448,0.0024982512241431,0.000699510342760068,0,0,0,0.00179874088138303,0.00279804137104027,0,0,0,0.0679524332966923,0,0,0.00829419406415509,0.00929349455381233,0,0.00429699210552613,0,0.00109923053862296,0,0,0.00099930048965724,9.9930048965724e-05,0,0,0,0.00179874088138303,0.0288797841510942,0,0,0.000599580293794344,0,0,0,0,0.000399720195862896,0.000899370440691516,0.00099930048965724,0,0,0.000399720195862896,0,0,0.00279804137104027,0.00319776156690317,0,0.00509643249725192,0,0,0.00049965024482862,0.0118916758269212,0.00399720195862896,0,0,0.0153892275407215,0.00269811132207455,0,0,0.000199860097931448,0,0,0,0.000299790146897172,0,9.9930048965724e-05,0,0.00529629259518337,0.00189867093034876,0,0.0103927250924353,0.000899370440691516,0.0335764964524833,0,0,0.00109923053862296,0,0,0.00519636254621765,0,0.0236834216048766,0,0,0,9.9930048965724e-05,0,0.00429699210552613,0,0,0,0,0.00099930048965724,9.9930048965724e-05,0.153892275407215,0,0,0.0142899970020985,0,0.051763765364245,0.00349755171380034,0,0,0,0,0.00489657239932048,0,0,0,0,0,0.000899370440691516,0.0020985310282802,0,0,0.00259818127310882,0,0.000199860097931448,0.00429699210552613,0,0,0,0,0.000199860097931448,0,0,0,9.9930048965724e-05,0.000599580293794344,0.00109923053862296,0,0,0,0.00049965024482862,0.0111921654841611,0,0,0.000899370440691516,0.00199860097931448,0.00099930048965724,0.00219846107724593,0,0,0,0,0.00099930048965724,0.00479664235035475,0,0.00269811132207455,0.000299790146897172,9.9930048965724e-05,0,0,0.000399720195862896,0,0,0,0,0,0.00139902068552014,0,0,0,0.00379734186069751,0.00129909063655441,0.00469671230138903,9.9930048965724e-05,0,0.002897971420006,0,0,0.00169881083241731,0,0,0,0,0,0,0.00129909063655441,0.000199860097931448,0,0,0,0,0,0,0,0,0,0.000199860097931448,0,0,0.000299790146897172,0,0,9.9930048965724e-05,0,0.0161886679324473,0,0.00139902068552014,0,0.00049965024482862,0,0,0.011591885680024,0.000199860097931448,0.000399720195862896,0.00819426401518937,0,0,0,0,0,0.0681522933946238,0,0.00259818127310882,0,0.000799440391725792,0,0.00189867093034876,0.0112920955331268,0,0,0,0,0.000799440391725792,0,0,0.0112920955331268,0,0,0.00109923053862296,0,0,0,0,0,0.000199860097931448,9.9930048965724e-05,0.000599580293794344,0,0.00049965024482862,0.00049965024482862,9.9930048965724e-05,0,0.000799440391725792,0.00129909063655441,0,0,0,0.000199860097931448,0,0,0,0,0,0,0,0.002897971420006,0.10772459278505,0,0,0,0,0,0,0.169581293094834,0,0,0.010492655141401,0,0,0.00699510342760068,0,0,9.9930048965724e-05,0.000599580293794344,0,0,0,0,0.000399720195862896,0,0.000199860097931448,0,0,0.00179874088138303,0
0,0,0.0007000700070007,0,0,0,0,0,0,0,0,0,0,0,0.15031503150315,0,0,0,0,0,0,0,0,0,0,0.1000100010001,0,0,0.0005000500050005,0.0022002200220022,0,0,0,0,0,0,0,0,0,0,0,0,0,0,0,0,0,0,0,0,0.0028002800280028,0,0,0,0,0,0,0,0.0004000400040004,0,0,0,0,0,0,0,0.004000400040004,0,0,0,0,0,0,0,0,0.0008000800080008,0,0,0,0,0,0,0,0,0,0.0006000600060006,0,0,0,0,0,0,0,0,0,0,0.0025002500250025,0.0002000200020002,0,0,0,0.0414041404140414,0.004000400040004,0,0,0,0,0,0,0,0,0,0,0,0,0,0,0,0.0059005900590059,0,0,0,0,0.0003000300030003,0,0,0,0.003000300030003,0,0,0,0,0,0,0,0,0,0,0,0,0.0015001500150015,0,0,0,0,0,0,0,0,0,0,0,0.0002000200020002,0,0,0,0,0,0,0,0,0,0,0,0,0,0,0,0,0,0,0,0,0,0,0,0,0,0,0,0,0,0,0,0,0,0.0002000200020002,0,0,0,0,0.0181018101810181,0.0002000200020002,0,0,0,0,0,0,0,0,0,0,0,0,0.0004000400040004,0.0002000200020002,0,0,0,0.0038003800380038,0,0,0,0.0006000600060006,0,0,0,0,0,0,0,0,0,0,0,0,0.0031003100310031,0,0,0,0,0,0,0,0,0.0013001300130013,0,0,0.0007000700070007,0,0,0,0,0.0013001300130013,0,0,0,0,0,0,0,0,0.0001000100010001,0,0.0011001100110011,0.0004000400040004,0,0,0.0036003600360036,0,0,0,0.0001000100010001,0,0,0,0,0,0.391039103910391,0.0325032503250325,0,0.0783078307830783,0.135213521352135,0,0,0,0,0,0,0.0003000300030003,0,0,0,0,0,0,0,0,0,0,0,0,0,0,0,0.0056005600560056,0,0,0.0005000500050005,0
0,0,0,0,0,0,9.99500249875062e-05,0.000299850074962519,0,0,0,0,0,0.0229885057471264,0.000699650174912544,0.00199900049975012,0,9.99500249875062e-05,0,0,0.000399800099950025,0,0,0.000399800099950025,0.00459770114942529,0.338130934532734,0,0,0.00699650174912544,0.00369815092453773,0.00169915042478761,9.99500249875062e-05,0,0.00519740129935032,0,0,0.00299850074962519,0.0435782108945527,0,0,0,0,0.0309845077461269,0.00459770114942529,0,0.00439780109945028,0,0,0,0,0.000399800099950025,9.99500249875062e-05,0.000199900049975012,0,0.00609695152423788,0,0,0,0,0.00129935032483758,0,0,0,0,0,0,0.00979510244877561,0,0,0.0166916541729135,0.000699650174912544,0,0,0,0,0,0,0,0,0.00149925037481259,0,0,0,0,0.00809595202398801,0.000199900049975012,0,9.99500249875062e-05,0,0.00589705147426287,0.040279860069965,0.000699650174912544,0,0,0,0,0,0,0.00399800099950025,0,0,0.000699650174912544,0,0,0,0,0,0.0148925537231384,0,0,0.00149925037481259,0,0,0.00919540229885057,9.99500249875062e-05,0.000399800099950025,9.99500249875062e-05,0,0.00179910044977511,0.000199900049975012,0,0,0,0,0.0180909545227386,0,0,0,0,0,0.00929535232383808,0.0691654172913543,0,0,0,0,0.000199900049975012,0,0.000999500249875062,0,0.00179910044977511,0,0,0,0,0,0,0,0,0,0.000199900049975012,0.000399800099950025,0,0,9.99500249875062e-05,0,0,0,0.00289855072463768,0.00499750124937531,0,0,0,0,0,0,0.00539730134932534,0,0,0.000599700149925037,0,0,0,0,0,0,0,0.0132933533233383,0.000399800099950025,0,0,0,0,0,0,0,0,0,0,0,0,0.0113943028485757,0,0,0,0,0.000499750124937531,0,0,0,0,0,0,9.99500249875062e-05,0,0.00489755122438781,0,0,0,0.00129935032483758,0.000199900049975012,0,0.000399800099950025,0,0.000499750124937531,0,0.00849575212393803,0,0,0,0,0.00119940029985007,0,0,0,9.99500249875062e-05,0,0,0.00189905047476262,0,0.00149925037481259,0,0.00109945027486257,0.0117941029485257,0,0,0.000499750124937531,0,0,0,0,0.00459770114942529,0,0,9.99500249875062e-05,0,0,0,0,0,0.00369815092453773,9.99500249875062e-05,0.00219890054972514,9.99500249875062e-05,0.000199900049975012,0.00109945027486257,0.00189905047476262,0,0.00149925037481259,0.00149925037481259,0,0,0,0,9.99500249875062e-05,0,0,0.00379810094952524,0,0.000599700149925037,0,0,0.031784107946027,0,9.99500249875062e-05,0,0,0,0,0.163818090954523,0,0,0.00529735132433783,0,0,0,0,0.000499750124937531,0,0.000899550224887556,0,0,0,0,0,0,0.00169915042478761,0,0,0.00179910044977511,0
0,0,0,9.99800039992002e-05,0,0,0,0,0,0,0,0,0,0,0.0013997200559888,0,0,0,0,0,0,0,0,0.002999400119976,0.000999800039992002,0.00589882023595281,0,0,0.00849830033993201,0.002999400119976,0,0,0,0,0,0,0.0340931813637273,0,0,0,0.000499900019996001,0,0,0,0,0,0,0,0,0,0,0,0,0,0,0,0,0.0001999600079984,0,0,0,0,0,0,0,0,0.00399920015996801,9.99800039992002e-05,0,0,0,0,0,0,0,0,0,0,0,0,0,0,0,0,0.00989802039592082,0,0,0.0002999400119976,0,0,0,0.00689862027594481,0,0,0,0,0,0,0,0,0,9.99800039992002e-05,0,0,0.0001999600079984,0,0,0.200359928014397,0,0.0138972205558888,0,0,0,0.0187962407518496,0,0,0,0,0.0444911017796441,0,0,0,0,0,0,0,0,0,0,0,0,0,0,0,0,0,0,0,0,0,0.00499900019996001,0,0,0,0,0,0,0,0,0,0,0,0,0,0,9.99800039992002e-05,0,0,0,0.0176964607078584,0,0,0,0.268446310737852,0,0,0,0,0,0,0,0,0,9.99800039992002e-05,0,0,0,0.0030993801239752,0,0,0,0,0,0,0,0,0,0,0,0,0,0.0657868426314737,0.0002999400119976,0,0,0,0,0,0,0,0,0,0,0,0,0.00929814037192562,0,0,0,0.002999400119976,0,0,0,0,0,0,0.00389922015596881,0,0.0502899420115977,0,9.99800039992002e-05,0,0,0,0,0,0,0,0,0,0.0101979604079184,0,0,0.00999800039992002,0,0,0,0,0,9.99800039992002e-05,0,0.001499700059988,0,0,0,0,0,0.000399920015996801,0,0,0.000399920015996801,0,0,0,0.025994801039792,0.0013997200559888,0.000699860027994401,0,0,0.0030993801239752,0,0,0,0.0013997200559888,0,0,0,0,0,0.0002999400119976,0,0,0.0166966606678664,0,0,0,0,0,0,0,0,0,0.0981803639272146,0,0,0,0,9.99800039992002e-05,0,0,0,0,0,0,0.00629874025194961,0,0,0,0,0.0393921215756849,0
0,0,0,0,0,0,1e-04,0.0016,0,0,0,4e-04,0,0.0048,0.0031,0,0,0,0,0,0.0044,0.0013,0,0,5e-04,0.055,0,0,0,0,0,0,0,0.0043,0,0.0015,0,0.0051,0,0,0,7e-04,0.0126,0.0031,0,0.0484,0,0,2e-04,0,0,0,0,0,0.0054,0,0,0,0,6e-04,0,0.006,1e-04,0.0034,0,1e-04,0.0024,0,0,0.0011,0.0014,0,0,0.0011,0,0,0,9e-04,0,0.0011,0,0,0.0022,0.001,0.0059,0,0,0,7e-04,0.003,1e-04,0,6e-04,0,0,1e-04,0,0,0.002,0,0.0035,0,0,0,0,0,0,0.0342,0,0,0,6e-04,0,0.0584,0,0,0,0,0,0,2e-04,0,0,1e-04,0.0025,0,0,0,5e-04,0,3e-04,0.003,1e-04,0,0,0,7e-04,2e-04,0,0,0,0,5e-04,0,0,0,3e-04,0,0,3e-04,3e-04,0,0,0,1e-04,0,0,2e-04,0.0171,0.0011,0,0,0,0.2125,0,0,4e-04,0,0,0.0013,0,0,0,0,0,0,0,6e-04,0.03,0,0,0,0,0,0.0023,0,0,0,0,0,0,0.0086,0,0,0,1e-04,0,0,0,0,0,0.0022,0.0029,0.1059,0.0208,3e-04,0,0,0,0.0033,0,0,0.0133,0.0013,0.0012,0,0.0054,6e-04,0,0.0053,0,0.0021,0,0,0,2e-04,0.0017,0,0.0152,0,0,0,0.001,0.0547,0,0,0,1e-04,7e-04,0,0,0.0083,0,0.0012,1e-04,0,0,0,0,0,0.008,0,0.0016,0,0.002,1e-04,0,0,7e-04,0,0,3e-04,0,0,0,0,0,0,0.0016,4e-04,0,0,0.0043,0,0,0,0,0,3e-04,0.1411,0,0,0.0079,0,0,0,0,0,9e-04,5e-04,0,0,0,0,0.0056,0,0,0.0039,0,0.0065,2e-04
0,0,0,0,0,0,9.99900009999e-05,0,0,0,0,0,0,0.0196980301969803,0,0,0,0,0,0,0,0,0,0,0,0.121787821217878,0,0,0,0,0.0103989601039896,0,0,0,0,0.0018998100189981,0.0015998400159984,0.0450954904509549,0,0,0,0,0,0,0,0,0,0,0,0,0,0,0,0,0,0,0,0,0,0,0,0,0,0,0,0,0,0,0.0003999600039996,0,0,0,0,0,0.0042995700429957,0,0,0,0,0.0655934406559344,0,0,0,0,0.0083991600839916,9.99900009999e-05,0,0,0,0.0055994400559944,9.99900009999e-05,0,0,0,0,0,0,0,0.0026997300269973,0,0.0028997100289971,0.0004999500049995,0,0,0,0,0,0.0330966903309669,0,0,0,0,0,0,0,0,0,0,0.0544945505449455,0,0,0,0,0,0.0158984101589841,0,0.0068993100689931,0,0,0,0,0.0041995800419958,0,0.0002999700029997,0,0.0011998800119988,0,0,0,0,0,0,0,0,0,0,0,0,0,0,0,0,0,0,9.99900009999e-05,0,0,0,0,0.0044995500449955,0,0,0,0.0165983401659834,0,0,0,0,0,0,0,0,0,0,0,0,0,0.0301969803019698,0.114088591140886,0,0,0,0,0,0,0,0,0,0,0,0,0.0065993400659934,0,0,0,0,0,0,0,0,0,0,0,0,9.99900009999e-05,0,0,0,0,0,0,0,0.0028997100289971,0,0.0084991500849915,0,0,0,0,0,0,0,0,0,0,0,0,0,0,0,0,0,0,0.0150984901509849,0,0,0,0,0,0.0006999300069993,0,0,9.99900009999e-05,0,0,0,0,0,0,0,0.0036996300369963,0,0,0,0.0040995900409959,0,0,0,0,0,0,0,0,0,0,0,0,0,0.0342965703429657,0,0,0,0.0076992300769923,0,0,0,0,0,9.99900009999e-05,0.341765823417658,0,0,0,0,0,0,0,0,0,0,0,0,0,0,0,0,0,0.0015998400159984,0,0,0
0,0,0,0,0,0,2e-04,0,0,0,0,0,0,0,0.0044,0,0,0,0,0,0,0.0015,0,0,0,0.3303,0,0,0.0161,0,0.0032,0,0,0.0164,0,0,0.0022,0,0,6e-04,0,0,0,0,0,0.0073,0,0,0,0,1e-04,0,0,0,0,0,0,1e-04,0,0,0,0,0,3e-04,0,0,0.0077,0,0,0.0048,0.0039,0,2e-04,0.0013,0,0,0,0,0,0.0011,0,0,0,0,0,0,0,0,0,0,0,0,0,0,0,0,0,0,0.0027,0,0,0,0,0,1e-04,0,0.0068,0.0345,0,0,0,0,0,0,2e-04,0,0,0,0.0119,0,0,0,0,0,0,0,0.0235,0,0,0,0,0.0778,0,1e-04,0,0,0.0031,1e-04,0,0,0.003,0,0,0,0,0,1e-04,0,0,0,3e-04,0,0,0,0,0,0,0,0,0.0033,0,0,0,0.0741,0,1e-04,0,0,0,0,2e-04,0,0,0,0,0,0,0.0055,0,0,0,0,0,0,0,0,0,0,0,0,0,0.0108,0,0,0,0,0,0,3e-04,0,0,0,0,0,0,0.0077,9e-04,0,3e-04,0,0,0,5e-04,0,0,0,0.0137,0,0,0,0,4e-04,0,0,0,0,0,0,0.0141,0,0.0297,1e-04,0,0.0382,0,0,0,0,0,0,0,0,0,0,0,0,0,0,0,0,0,2e-04,0,0,5e-04,5e-04,6e-04,0,7e-04,0,3e-04,0,0,0,0,0,0,0,0,0.0019,0,0,0.0795,0,0.0031,0,0,0,4e-04,0.1267,0,0,0,0,0,0.0021,0,0,0.0048,0,0,0,0,0,0.0078,0,3e-04,0,0,0.0048,0
0,0,0,0,0,0,9.99700089973008e-05,0,0,0,0.000299910026991902,0.000199940017994602,0,0,0.000299910026991902,0.00259922023392982,0,0,0,0,9.99700089973008e-05,0.00119964010796761,0,0.000599820053983805,0.000299910026991902,0.0834749575127462,0,0,0.00699790062981106,9.99700089973008e-05,0,0,0,0.00689793062081376,0,0,0.000799760071978406,0,0,0.000199940017994602,0,0.00329901029691093,0,0.00179946016195141,0,9.99700089973008e-05,0,0,0,0,0,0,0,0.000199940017994602,0,0.000299910026991902,0,0,0.000399880035989203,0.000299910026991902,0,0,0,0,0,0.000299910026991902,0.000399880035989203,0,0,0,0.000599820053983805,0,0,9.99700089973008e-05,0,0,0,0,0,0.000699790062981106,0,0.000699790062981106,0,0,0.000199940017994602,0.00169949015295411,0,0,0.000499850044986504,0.00159952014395681,0.00199940017994602,0,0.459362191342597,0,0,0.0177946616015195,0,0,0.000299910026991902,0,0,0.00719784064780566,0,0,9.99700089973008e-05,0,0.000299910026991902,9.99700089973008e-05,0,0,0,0,0,9.99700089973008e-05,0,0,0,0.00159952014395681,0.00489853044086774,0,0,0,0,0,0.013296011196641,0,0,0,0,0,0,0,0,0.00389883035089473,0,0,0.00149955013495951,0,0,0,0.000199940017994602,0.000599820053983805,0.000799760071978406,0,0,0,0,0.00339898030590823,0,9.99700089973008e-05,0.000499850044986504,0.000399880035989203,0,0,0.000199940017994602,0,0,0,0,0.00429871038688393,0,0,0.000599820053983805,0,0,0,0.000199940017994602,0,0,0.00189943017094872,0,0,0.00109967009897031,0,0,0,0,0.00249925022493252,0,0,0,0,0,0,0,0,0,0,0,0,0,0.000999700089973008,0,0,0,0,0,9.99700089973008e-05,0,0,0,0,0,0,0,0.00149955013495951,0,0.00249925022493252,0,0.000399880035989203,0,0,0,0.000199940017994602,0.000799760071978406,0,0.00329901029691093,0,0.0186943916824953,0,0,0,0,0,0,0.000599820053983805,0,0,0,0,0.0174947515745276,0,0.00119964010796761,0.0879736079176247,0,0,0,0,0.00129961011696491,0.00259922023392982,0,0.00169949015295411,0,0,0,0,0,0,0,0,0,0.000199940017994602,0.000399880035989203,0,9.99700089973008e-05,0.0211936419074278,0.000399880035989203,0,9.99700089973008e-05,0,0,0,0,0,0.000299910026991902,0,0,0,0,0.0969709087273818,0,0.00759772068379486,0.0343896830950715,0,0,0,9.99700089973008e-05,0.000899730080975707,0,0.019594121763471,0,0,0.00899730080975707,0,0,0,0,0,0,0.00399880035989203,0,0,0,0,0.00209937018894332,0.00359892032390283,0.00199940017994602,0,0,0.00909727081875437,0
0,0,0,0.0001000200040008,0,0,0.001500300060012,0,0,0,0,0,0.0003000600120024,0,0.0166033206641328,0.0029005801160232,0.00900180036007201,0.0001000200040008,0,0,0,0,0,0.00980196039207842,0,0.15373074614923,0,0,0.0357071414282857,0.000500100020004001,0.0002000400080016,0,0,0.00400080016003201,0,0,0.00470094018803761,0,0,0.0003000600120024,0.0018003600720144,0.0011002200440088,0.0003000600120024,0,0,0,0,0,0,0.0012002400480096,0.000700140028005601,0.00340068013602721,0.000900180036007201,0,0,0,0,0.0001000200040008,0,0,0,0,0,0.0014002800560112,0,0,0,0.00580116023204641,0.0001000200040008,0,0.0017003400680136,0,0,0,0,0,0,0.0003000600120024,0,0,0,0,0.00340068013602721,0,0,0,0,0,0.000500100020004001,0,0,0.0113022604520904,0.0901180236047209,0,0,0,0.0003000600120024,0,0,0,0,0.0002000400080016,0,0,0,0,0,0.0577115423084617,0,0,0.0014002800560112,0,0.000700140028005601,0,0,0.002000400080016,0,0,0.0001000200040008,0,0,0,0,0,0,0,0,0,0,0,0,0,0.0001000200040008,0,0,0,0.00490098019603921,0,0.0168033606721344,0,0.00880176035207041,0.0002000400080016,0.0027005401080216,0.0001000200040008,0,0,0.00330066013202641,0,0,0,0,0,0,0,0,0,0,0.0627125425085017,0,0,0.0001000200040008,0.0001000200040008,0,0,0.00810162032406481,0,0.0031006201240248,0.000500100020004001,0,0,0,0,0,0.0001000200040008,0.00630126025205041,0,0.003000600120024,0,0,0,0,0.0003000600120024,0,0,0.0014002800560112,0.00250050010002,0,0,0,0,0.0001000200040008,0.000400080016003201,0,0,0,0,0,0,0,0.0355071014202841,0,0.00450090018003601,0,0,0,0.00790158031606321,0,0.0012002400480096,0.0001000200040008,0.0313062612522505,0.0001000200040008,0,0,0,0,0.001000200040008,0,0,0.0670134026805361,0,0,0,0,0,0.000600120024004801,0,0,0,0.000400080016003201,0,0,0.0014002800560112,0.001000200040008,0,0.0011002200440088,0,0,0,0.000800160032006401,0.00560112022404481,0,0.00900180036007201,0.00890178035607121,0,0.0001000200040008,0,0,0,0.000600120024004801,0,0,0,0,0.0031006201240248,0,0.00800160032006401,0.0003000600120024,0,0,0.000600120024004801,0,0,0,0,0.00890178035607121,0,0,0,0,0.186437287457491,0,0,0.011002200440088,0,0.0022004400880176,0,0,0,0,0,0,0,0,0.0003000600120024,0,0.0420084016803361,0,0,0,0,0.00670134026805361,0,0,0,0,0,0,0,0,0.000700140028005601,0
0,0,0,0,0,0,0,0,0,0,0,0,0.0001000100010001,0,0,0,0,0,0,0,0,0,0,0,0,0.0938093809380938,0,0,0.0012001200120012,0,0,0,0,0,0,0,0,0.117911791179118,0,0,0,0,0,0,0,0.0366036603660366,0,0,0,0,0,0,0,0,0,0,0,0,0,0,0,0,0,0,0,0,0.0006000600060006,0,0.0005000500050005,0,0,0,0,0,0,0,0,0,0,0.0484048404840484,0,0,0,0,0,0,0,0,0,0,0,0,0.0062006200620062,0,0,0,0,0,0,0,0,0.0023002300230023,0,0,0,0,0,0.123212321232123,0,0.0115011501150115,0,0,0,0,0,0,0,0.0059005900590059,0,0,0,0,0,0.0001000100010001,0,0,0,0,0,0,0,0,0,0,0,0,0,0,0,0,0,0,0,0,0,0,0.0018001800180018,0,0,0,0.0021002100210021,0,0,0,0,0,0,0,0,0,0,0,0,0,0,0,0,0,0,0,0,0,0.0001000100010001,0,0,0,0,0,0,0,0,0,0,0,0,0,0,0,0,0,0,0,0.0005000500050005,0,0,0,0,0,0,0,0,0,0,0,0,0,0,0,0.0005000500050005,0.0001000100010001,0,0,0,0,0,0,0,0,0,0,0,0,0,0,0,0,0,0,0,0,0,0,0,0.0571057105710571,0,0,0,0,0,0,0,0,0,0,0.0002000200020002,0,0,0,0,0,0,0,0,0,0,0,0,0,0,0,0,0,0,0,0,0,0,0,0,0.0022002200220022,0,0,0.0016001600160016,0.0005000500050005,0.0008000800080008,0,0,0,0,0.428242824282428,0,0.0001000100010001,0.0407040704070407,0,0,0.0001000100010001,0.0008000800080008,0,0,0,0,0,0,0,0,0,0,0,0,0.0142014201420142,0
0,9.99900009999e-05,0,0,0,0,9.99900009999e-05,0,0,0,0,0,0,0,0.0070992900709929,0,0.0013998600139986,0,0,0,0,0,0,0,0,0.152484751524848,0,0,0.0004999500049995,0.0051994800519948,0,0,0,0,0,0,0,0,0,9.99900009999e-05,0,0,0,0,0,0,0,0,0,0,0.0005999400059994,0,0,0,0,0,0,9.99900009999e-05,0,0.0097990200979902,0,0,0,9.99900009999e-05,0,0,0.0050994900509949,0,0,0.0293970602939706,0,9.99900009999e-05,0,0,0,0,0,0,0,0,0,0,0.0024997500249975,0,0,9.99900009999e-05,0,0,0,0,0,0.0006999300069993,0.0013998600139986,0,0,0,0,0,0,0,0,0,0,0,0,0,0,0.0811918808119188,0,0,0,0,0,0,0,0,0,0,0.077992200779922,0,0,0,0,9.99900009999e-05,0,0,0,0,0,0,0,0,0,9.99900009999e-05,0,0,0.0081991800819918,0,0,0,0.000999900009999,0,0,0,0,0,0.0015998400159984,0,0,0.0006999300069993,0,0,0,0,9.99900009999e-05,9.99900009999e-05,0,0,0,0,0,0,0,0.0602939706029397,0,0,0,0,0,0,0.000999900009999,9.99900009999e-05,0.0134986501349865,0,0,0,0,0.0238976102389761,0,0,0,0,0,0,0,0,0,0,0,0,0.0001999800019998,0.0543945605439456,9.99900009999e-05,0,0,0,0,0,0,0,0,0,0,0.0006999300069993,0,0.0014998500149985,0,0,0,0.0001999800019998,0,0,0,0,0,0,0.0060993900609939,0,0.0006999300069993,0,0,0,0,0,0,0,0,0,0,0,0,9.99900009999e-05,0,0.0044995500449955,0,0,0,0,0,9.99900009999e-05,0,0,0,0,0.0006999300069993,0.0002999700029997,0,0,0,0,0,0,0,0,0,0.0002999700029997,0.0001999800019998,0,0,0,0.0004999500049995,0,0,0.0003999600039996,0,0,0,0,0,0.0087991200879912,0.0002999700029997,0,0,0,0,0,0,0,0,0.397160283971603,0,0,0,0,0,0,0,0,0,0,0,0,0,0,0.0212978702129787,0,0.0011998800119988,0,0,0.0134986501349865,0
0,0,0,0,0,0,0,0,0,0,0.000599640215870478,0,0,0,0.00319808115130921,0,0,0,0,0,0,0.000499700179892065,0,9.9940035978413e-05,0,0.233359984009594,0,0,0.000699580251848891,0.000199880071956826,0.000299820107935239,0,0.000199880071956826,0,0.000299820107935239,0,0.00339796122326604,0,0,0,0,0.000799520287827304,0,0,0,0,0,9.9940035978413e-05,0.000999400359784129,0,0,0,0,0,0,0,0,0,0,0.000799520287827304,0,0.000499700179892065,0,0,0,0,0,0,9.9940035978413e-05,9.9940035978413e-05,0,0,0,0.00749550269838097,0,0,0,0,0,0,0,0.000199880071956826,0,9.9940035978413e-05,0,0.000299820107935239,0.000299820107935239,0,0,0,0,0.0124925044973016,0,0,0,0,0,0,0.000499700179892065,0,0,0,0,0.000299820107935239,9.9940035978413e-05,0,0.0061962822306616,0.0281830901459125,0,0,0,0,0,0.00669598241055367,0,0,0,9.9940035978413e-05,0.00449730161902858,0.000599640215870478,0,0,0,0,0.00389766140315811,0.00879472316610034,0,0,0,0.00499700179892065,0,0.000499700179892065,0,0.000299820107935239,0,0.00219868079152508,0,0,0,0,0,0,0,0,0,0,0.000999400359784129,0.00119928043174096,0,0,0,9.9940035978413e-05,0,0.000399760143913652,0,0,0,0,0,0.00149910053967619,0,0,0,0,0,9.9940035978413e-05,0,0,9.9940035978413e-05,0.000999400359784129,0,0,0.188386967819308,0,0,0,0,0.00189886068358985,0.000699580251848891,0,0.000299820107935239,0,0,0,0,0,0,0,0,0,0,0.0140915450729562,9.9940035978413e-05,0,0,0,0,0,0,0,0,0,0,0,0,9.9940035978413e-05,9.9940035978413e-05,0,0.000199880071956826,0,0.000599640215870478,0,0,0,0.000299820107935239,0,0,0.00549670197881271,0.04597241655007,0.000299820107935239,0.000199880071956826,9.9940035978413e-05,0.0141914851089346,0,0,0,0,0,0.000399760143913652,0,0.00789526284229462,9.9940035978413e-05,0,0.00689586248251049,0,0,9.9940035978413e-05,0,9.9940035978413e-05,9.9940035978413e-05,0,0,0.0127923246052369,0,0,0.000399760143913652,0,0,0,0,0.00189886068358985,0,0.000699580251848891,0,0,9.9940035978413e-05,0,0.000199880071956826,0.000199880071956826,0,0,0.000799520287827304,0.000299820107935239,9.9940035978413e-05,0.000299820107935239,0,0,0,0.000199880071956826,0.00479712172696382,0,0,0.0140915450729562,0,0,0,0,0.000399760143913652,9.9940035978413e-05,0.304717169698181,0,0,0.0117929242454527,0,0,0,0,0,0.000599640215870478,0,0,0,0,0,9.9940035978413e-05,0,0,0,0,0.0163901659004597,0
0,0,0,0,0,0,0.0018003600720144,0,0,0,0,0,0.0003000600120024,0,0.0013002600520104,0.000600120024004801,0.00470094018803761,0,0,0,0.0003000600120024,0,0,0.0003000600120024,0,0.0706141228245649,0,0,0.0013002600520104,0.000800160032006401,0.0537107421484297,0.0001000200040008,0,0,0,0,0.0029005801160232,0.0298059611922384,0,0,0,0,0,0,0,0.0002000400080016,0,0,0,0,0,0,0.000600120024004801,0,0,0,0,0,0.0002000400080016,0.000900180036007201,0,0,0,0.023004600920184,0,0.000700140028005601,0.0031006201240248,0,0,0,0,0.0001000200040008,0,0.000500100020004001,0,0.00520104020804161,0,0.0002000400080016,0,0.00790158031606321,0,0,0.0019003800760152,0,0,0.0011002200440088,0,0.0001000200040008,0,0.0029005801160232,0.0331066213242649,0.0002000400080016,0.0024004800960192,0,0,0,0.0002000400080016,0,0,0,0,0,0,0,0,0,0,0.02750550110022,0,0.00380076015203041,0,0,0,0.00860172034406881,0,0.0002000400080016,0,0,0.000600120024004801,0,0,0,0.00650130026005201,0.0002000400080016,0.00370074014802961,0,0,0,0,0,0,0.0012002400480096,0,0.0024004800960192,0,0,0.0428085617123425,0.0001000200040008,0.000400080016003201,0,0.0003000600120024,0,0,0.0001000200040008,0,0,0.00380076015203041,0,0,0,0.0001000200040008,0,0,0.000600120024004801,0.00750150030006001,0,0,0.0003000600120024,0,0,0,0.000400080016003201,0,0.168633726745349,0,0,0.00370074014802961,0,0,0,0.0012002400480096,0,0.0001000200040008,0,0,0,0,0,0,0.0002000400080016,0,0,0,0,0.0003000600120024,0,0,0,0,0,0.0012002400480096,0.002000400080016,0.0001000200040008,0,0,0,0,0,0,0.0799159831966393,0,0,0,0,0,0.000500100020004001,0,0,0.0001000200040008,0.000500100020004001,0,0,0,0,0,0.001000200040008,0.00740148029605921,0,0.0167033406681336,0,0,0,0,0,0,0,0,0,0,0,0,0,0,0.00770154030806161,0,0,0,0,0.0011002200440088,0.0134026805361072,0,0.0118023604720944,0,0,0.0001000200040008,0,0,0,0,0,0.002000400080016,0,0,0,0.00340068013602721,0.000500100020004001,0.000400080016003201,0,0,0,0,0,0,0.0003000600120024,0.0001000200040008,0,0,0,0,0.136327265453091,0,0,0.00560112022404481,0.000400080016003201,0,0,0,0,0,0.153030606121224,0,0,0.00870174034806961,0,0.0001000200040008,0.0002000400080016,0,0,0.0002000400080016,0.0016003200640128,0,0,0,0,0.0012002400480096,0,0.000400080016003201,0,0,0.00370074014802961,0
0,0,0,0.0025,0,0,0,0,0,0,0,0,0,0,0.0031,0,0,0,0,0,0,0,0,0,0,0.6144,0,0,0,0.0141,0,0,0,0,0,0,0.003,0,0,1e-04,0,0,0,0.0023,0,0.0124,0,0,4e-04,0,0,0,0,0,0,0,0,0,0,0,0,0,0,0,0,0,0.0169,0,0,0,0,0,0,0,0,0,0,0,0,0,0,0,0,0,0,0,0.0401,2e-04,0,0.0019,0,0,0,0,0,0.0031,0,0,0,0,0,0.0043,0,0,0,0,0,0.0673,0,0,0,0,0,0,0,0,0,0,0,0,0,0,0.0138,3e-04,0,0,0,0,0,0,0,0,0,0,0,0,7e-04,0,0,0,0.0027,0,0,0,0,0,0,0,0,0.0021,0,0,0,0,2e-04,0,0,0,0,0,0,0,0,0,0,0,0,0,0,0,0,0,0,0,0,0.001,0,0,0,0,0,0,0,0,0,0,0,0,0,0,0,0.0122,0,0,0,0,0,0,0,0,0,0,0,0,0,0,0,0,0,0,0,0,0,0,0,0,0,0,0.0231,0,0,0,0,0,0,0,0,0,0,0,0,0,0,0,0,0,0,0,0,0,0,0,0,0,0,0,0,0,0,0,0,0,0,0,0,0,0,0,0,0,0,0,0,0,0,0,0,0,0,0.0171,0,0,0.0417,0,0,0,0,0,0,0.0322,0,0,0.0477,0,0,0,0,0,0,0,0,0,0,0,0,0,6e-04,0,0,0.0185,0
0,0,0,0,0,0,0,0,0,0,0,1e-04,0,0,0.0023,0,0,0,0,0,0,0.0058,0,0.017,0,0.071,0,0,0.0091,0.0023,0.0223,0.002,0,0.0167,0,0,7e-04,0,2e-04,0,0,0.0028,0.0273,0.0035,0,0.0179,0,0,0,0,0,0,0,0,0.0032,0,0,0,3e-04,0.0233,0,0,0,0,0,0.0077,0.0017,0,0,0,0.0022,0,0,0.008,0,1e-04,0,0,0,0.0337,0,0,0,0,9e-04,0,0.0052,0,0,0.0092,0,0,0,0,0,0,0,0,0.0048,0,0,0,0,0,0,0,2e-04,0.0257,0,0,0.006,0,0,0.0618,2e-04,0,0,0,0.0042,0,0,4e-04,0,0,0.0138,0,0,0,0,0,0,0.034,0.0017,0,0,0,0.0238,0,0,0,6e-04,5e-04,0.001,0,0.0038,0,0,0,0,0,0.001,0,0,0,0,0,0,0,2e-04,0.0042,0,3e-04,0,0.2249,0,0,3e-04,0,0,0,0,0,0,0,0,0,0,0,0.007,0,0,0,0,0,8e-04,0,0,0,0,0,0,0.0033,0,0,0,0,0,0,0,0,0,0,0,1e-04,0.0222,0.012,0,0,0,0,4e-04,0,0,7e-04,2e-04,0.0013,0.036,2e-04,0.0422,0,0,0,0,0,0,0,0,0,0.0053,0,0.0111,0,0.0011,0.0163,0,0,0,0,9e-04,1e-04,0,0.0011,0,0,0,0,0,0,0,0,0,0,0,0,0,7e-04,0,0,0,3e-04,0,0,0,2e-04,1e-04,0,0,0,0,2e-04,0,0.0025,6e-04,0,0,0,0,3e-04,0.0035,0.0695,0,0,0.038,0,0,0,0,0,7e-04,0.001,0,0,0,0,0.0034,0,0.0045,0,0,0.0023,0
0,0,0,0,0,0,0,0,0,0,0.0006000600060006,0,0,0,0,0.0002000200020002,0.0028002800280028,0,0,0,0,0.0014001400140014,0,0,0,0.0005000500050005,0,0,0.0095009500950095,0.0037003700370037,0.0355035503550355,0,0,0.0031003100310031,0,0,0.0005000500050005,0,0,0,0,0.0052005200520052,0.039003900390039,0,0,0,0,0.0004000400040004,0,0,0,0,0.0008000800080008,0.0005000500050005,0,0.001000100010001,0,0,0.0011001100110011,0.0082008200820082,0,0,0,0.0006000600060006,0,0,0,0,0,0.0078007800780078,0,0,0,0,0,0,0.0006000600060006,0,0,0.0265026502650265,0,0.0012001200120012,0.0327032703270327,0,0,0.0004000400040004,0.0091009100910091,0,0.0005000500050005,0.0024002400240024,0,0.0031003100310031,0,0,0.0107010701070107,0,0,0,0,0,0,0.0001000100010001,0,0,0,0,0,0.0082008200820082,0,0,0.005000500050005,0,0,0,0.0001000100010001,0.0002000200020002,0,0.0057005700570057,0.0009000900090009,0,0,0,0,0,0,0,0,0,0,0,0,0,0,0,0,0,0.0059005900590059,0,0.0005000500050005,0,0.0005000500050005,0,0.0006000600060006,0,0,0,0.0105010501050105,0,0,0,0.0001000100010001,0.0003000300030003,0,0,0.0001000100010001,0,0.0031003100310031,0,0,0,0,0,0,0.110711071107111,0,0,0,0,0,0,0,0,0,0,0.0037003700370037,0,0.0025002500250025,0,0.0584058405840584,0.0003000300030003,0,0,0,0,0.0015001500150015,0.001000100010001,0,0,0,0,0,0.0034003400340034,0,0.0002000200020002,0,0,0,0,0,0,0,0,0.205720572057206,0,0.0002000200020002,0,0.0012001200120012,0,0.0001000100010001,0.0028002800280028,0,0,0,0,0,0.0014001400140014,0.0054005400540054,0,0.065006500650065,0,0,0.003000300030003,0,0,0,0,0,0,0.0016001600160016,0,0.0252025202520252,0,0,0.0439043904390439,0,0,0.0005000500050005,0,0.0016001600160016,0,0,0.0042004200420042,0,0.0023002300230023,0.0003000300030003,0.0025002500250025,0,0,0,0,0,0,0,0,0,0.002000200020002,0,0,0.0005000500050005,0,0.0003000300030003,0,0,0.0007000700070007,0,0,0,0,0,0.0136013601360136,0,0.0092009200920092,0.0016001600160016,0.0001000100010001,0.0008000800080008,0,0,0,0,0.131213121312131,0,0,0.005000500050005,0,0,0.0003000300030003,0,0,0,0.0137013701370137,0.0065006500650065,0,0,0.0007000700070007,0.0087008700870087,0,0.003000300030003,0,0,0.002000200020002,0
0,0,0.0002000200020002,0,0,0,0.0009000900090009,0,0,0,0,0.0007000700070007,0,0,0.001000100010001,0,0,0,0,0,0,0,0,0,0.0082008200820082,0.118211821182118,0.0001000100010001,0,0.0066006600660066,0.0272027202720272,0,0,0,0,0.0045004500450045,0,0,0,0,0.0003000300030003,0.0002000200020002,0.0021002100210021,0.0367036703670367,0,0,0,0,0,0,0.0002000200020002,0,0.0011001100110011,0,0.0002000200020002,0,0.0019001900190019,0,0.0001000100010001,0,0,0,0,0.0001000100010001,0,0,0.0021002100210021,0.0157015701570157,0.0084008400840084,0.006000600060006,0.0084008400840084,0.0003000300030003,0,0,0.0001000100010001,0,0,0,0,0,0,0,0.0004000400040004,0,0,0,0,0,0.0001000100010001,0.0005000500050005,0,0,0,0.0015001500150015,0,0,0.0033003300330033,0,0,0,0,0,0.0004000400040004,0,0.0057005700570057,0.0008000800080008,0,0,0.0005000500050005,0,0,0.0048004800480048,0,0.001000100010001,0.0085008500850085,0,0,0,0.0004000400040004,0.0696069606960696,0,0,0,0,0,0,0,0,0,0,0,0,0,0,0,0.0014001400140014,0,0.0055005500550055,0,0,0,0.0001000100010001,0.0051005100510051,0.002000200020002,0,0.0123012301230123,0,0,0,0,0,0.0005000500050005,0.0004000400040004,0,0,0.0001000100010001,0.0029002900290029,0,0.0015001500150015,0,0.0012001200120012,0,0.0015001500150015,0.0038003800380038,0,0,0,0,0,0,0.0014001400140014,0,0,0,0.0001000100010001,0,0,0,0,0,0,0,0,0,0,0.0079007900790079,0.0004000400040004,0,0,0,0,0,0,0,0,0,0,0,0,0,0,0.0147014701470147,0.0022002200220022,0,0,0,0.0045004500450045,0.0011001100110011,0.0063006300630063,0,0.002000200020002,0,0,0,0,0,0.0021002100210021,0,0.0014001400140014,0,0,0.0191019101910191,0.006000600060006,0,0.0005000500050005,0.0002000200020002,0.001000100010001,0,0,0.0045004500450045,0,0,0,0.003000300030003,0.0095009500950095,0,0,0,0,0.0024002400240024,0.0004000400040004,0,0,0,0,0,0,0,0,0,0,0,0,0,0,0,0.0018001800180018,0.0004000400040004,0,0.0015001500150015,0,0,0,0,0,0.0002000200020002,0.0001000100010001,0,0,0.0502050205020502,0.270927092709271,0,0.0198019801980198,0.0056005600560056,0,0.002000200020002,0,0,0.0009000900090009,0,0.100510051005101,0,0,0,0,0,0.0022002200220022,0,0.0182018201820182,0,0.0205020502050205,0,0.0026002600260026,0.0009000900090009,0,0,0,0,0,0,0.0236023602360236,0
0.00289855072463768,0,0,0.00129935032483758,0,0,9.99500249875062e-05,0,0,0,0,0,0,0,0.000199900049975012,0,0,0.000299850074962519,0,0,0,0,0,0.00239880059970015,0,0.36391804097951,0,0,0.0103948025987006,0.000699650174912544,0,0.00179910044977511,0,0.00399800099950025,0,0,0,0,0,0,0,0,0,0,0,0.00289855072463768,0,0.00079960019990005,0,0,9.99500249875062e-05,0,0,0,0,0,9.99500249875062e-05,0,0,0.00869565217391304,0,0.00169915042478761,0,0,0,0,0.000899550224887556,0,0,0,0,0,0,0,0,0,0,0,0,0.00649675162418791,0,0.000899550224887556,0.0407796101949025,9.99500249875062e-05,0,0.000199900049975012,0,9.99500249875062e-05,0,0,0,0.000299850074962519,0.00199900049975012,0,0,0,0,0,0,0,0,0.00269865067466267,0,0,0,0,0,0.260869565217391,0,0.08055972013993,9.99500249875062e-05,0,0,0.00809595202398801,0,0,0,0,0.0360819590204898,0,0,0,0,0,0,0,0,0,0,0,0,0,9.99500249875062e-05,0,0,9.99500249875062e-05,0.0444777611194403,0,0,0,0,0,0,0,0,0,0,0,0,0,0.00359820089955022,0,0,0,0,0,0,0,0,0,0,0.000699650174912544,0,0,0,9.99500249875062e-05,9.99500249875062e-05,0.000499750124937531,0,0,0.000399800099950025,0,0.000199900049975012,9.99500249875062e-05,0,0,0.000399800099950025,0,0.00779610194902549,0,0,0,0,0,0,0.00139930034982509,0,0,0,0,0.000499750124937531,0.00429785107446277,0,0,0,0.00149925037481259,0.00129935032483758,0,0,0,0,0,0,0.0120939530234883,0,0.00299850074962519,0,0,0.000199900049975012,0.000399800099950025,9.99500249875062e-05,0,0,0,0,0,0,0,0,0,0,9.99500249875062e-05,0,0,0,0,0,0,0,0,0,0,0,0.0346826586706647,0,0,0,0,9.99500249875062e-05,0.00189905047476262,0,0,0,0,0,0,0,0,0,0,0,0,0.00149925037481259,0,0.00189905047476262,0.0015992003998001,0,0,0,0,0,0,0,0.000499750124937531,9.99500249875062e-05,0,0,0,0,0.00129935032483758,0,0,0.0175912043978011,0,9.99500249875062e-05,0,0,0,0,0,0,0,0.00739630184907546,0,0,0,0,0.000299850074962519,0,0,0,0,0,0,0,0,0,0,0,0.00509745127436282,0
0,0,0,0,0,0,0,0.000199840127897682,0,9.99200639488409e-05,9.99200639488409e-05,0,0,0.030775379696243,9.99200639488409e-05,0,0.00559552358113509,0,9.99200639488409e-05,0,0.000299760191846523,0.00119904076738609,0,0.000299760191846523,0,0.245403677058353,0,0,0,0.00129896083133493,0.0115907274180655,0,0.000299760191846523,0.00509592326139089,0,0,0.0016986410871303,0.00559552358113509,0,0,0,0,0,0.000899280575539568,0,0.00369704236610711,0,9.99200639488409e-05,0,0,0.000299760191846523,0,0,0,0,9.99200639488409e-05,0.000299760191846523,0,0,0.0171862509992006,9.99200639488409e-05,0.000599520383693046,0,0,0,0,0.00549560351718625,0,0,0,0.000399680255795364,0,9.99200639488409e-05,0.00189848121502798,0,0,9.99200639488409e-05,0,0,0.00149880095923261,0,0,0.00969224620303757,0,0.00329736211031175,9.99200639488409e-05,0,0,0,0.00199840127897682,0,0.00669464428457234,0,0,0,0,0,0,9.99200639488409e-05,0,0,0,0,0,0.000199840127897682,0,0.0100919264588329,0.200239808153477,0,0,0,0,0,0.00319744204636291,0,0,0,0,0.0108912869704237,0.000399680255795364,0,0,0,9.99200639488409e-05,0.00189848121502798,0,0,0,0,0,0,0.00129896083133493,0,0.000299760191846523,0,0,9.99200639488409e-05,9.99200639488409e-05,0,0,9.99200639488409e-05,0,0,0,0,0,0.000399680255795364,0.000299760191846523,0,0,0.000999200639488409,9.99200639488409e-05,0,0.000499600319744205,0,0,0,0,0,0.00129896083133493,0,0,0,9.99200639488409e-05,0,0,9.99200639488409e-05,0,9.99200639488409e-05,0,0.000299760191846523,0,0,0,0,0,0.000599520383693046,0.000299760191846523,0.0317745803357314,9.99200639488409e-05,0,0,0,0,0.00179856115107914,0,0,0,0,0,0,0.0148880895283773,0,0,0,0,0,9.99200639488409e-05,0,0,0,0,0.0308752997601918,0,0,0.00279776179056755,0.000699440447641887,0,0,0,0,0,0,0,0.000299760191846523,0,0.0396682653876898,0.000399680255795364,0,0.000399680255795364,0.00769384492406075,0.000199840127897682,0,0,0,0,0,0,0.00289768185451639,0,0.00459632294164668,0,0,0.00369704236610711,0,0,0.000199840127897682,0,0,0.000199840127897682,0,0,0.004396482813749,0,0,0,0,0,0,0,0.000199840127897682,0.000499600319744205,0.000799360511590727,0,9.99200639488409e-05,0,9.99200639488409e-05,0,0.000499600319744205,0,0.000199840127897682,0,0,9.99200639488409e-05,9.99200639488409e-05,0,0,0,0.000299760191846523,0.00159872102318145,0,0,0.0160871302957634,0,9.99200639488409e-05,0,0,0,0.000299760191846523,0.217426059152678,0,0,0.011290967226219,0,0,0,0,0,0.000899280575539568,0.000299760191846523,0,0,0,0,0.000599520383693046,0,0.000699440447641887,0,0,0.0016986410871303,0
0,0,0,9.9940035978413e-05,0,0,9.9940035978413e-05,0,0,0,0,0.000399760143913652,0,0,0.00489706176294223,9.9940035978413e-05,0,0,0,0,0,0.000899460323805717,0,0.00579652208674795,0,0.24625224865081,0,0.000499700179892065,0.0196881870877474,0.00239856086348191,0,0,0,0.00279832100739556,0,0,0.000299820107935239,9.9940035978413e-05,0,0,0,0,0.000199880071956826,0,0,0.00259844093543874,0,0,0,0,0,0,0,0,0,9.9940035978413e-05,0,9.9940035978413e-05,0.00149910053967619,0,0,0,0,0.000199880071956826,0,0.000599640215870478,0,0.0022986208275035,0.000899460323805717,0,0,9.9940035978413e-05,9.9940035978413e-05,0,0,0,0,0,0,9.9940035978413e-05,0,0,0,0,9.9940035978413e-05,0.00159904057565461,0,0,0.000899460323805717,0.00299820107935239,0,0,0.00509694183489906,0,0,0,0.00259844093543874,0,0.00169898061163302,0,0.000999400359784129,0.000699580251848891,0.000699580251848891,0,0.000499700179892065,0,0,0.00279832100739556,0,0.000599640215870478,0.00589646212272636,0,0,0.000399760143913652,0,0,0,0.00149910053967619,0.00429742154707176,0.000999400359784129,0,0,0.000999400359784129,0.00419748151109334,0.00289826104337398,0,0,0,0,0,0.000899460323805717,0,9.9940035978413e-05,0,9.9940035978413e-05,0,0.0454727163701779,0.000499700179892065,9.9940035978413e-05,0,0.000399760143913652,0.000199880071956826,0.00159904057565461,0,0,0,0.000599640215870478,0.00149910053967619,0,0,0.000299820107935239,0,0,0.000599640215870478,0,0,0,0,0,0,0,0.00129922046771937,0,9.9940035978413e-05,0,0,0.000199880071956826,0,0,0,0,0,0,0,0.000499700179892065,0,0,0,0,0,0,0,0,0,0.000299820107935239,0.00179892064761143,0,0,0,0,0,0.00109934039576254,9.9940035978413e-05,0,0,0,0,0,0,0,0,0,0,0,0,0.000299820107935239,9.9940035978413e-05,0,9.9940035978413e-05,0.00129922046771937,0,0,0,0,0,0.000599640215870478,0,0,0.00719568259044573,0,0,0,0,0,0,0,0,0,0,0,0,0,0.00119928043174096,0.0162902258644813,0,0,0,0,0.000399760143913652,0.00329802118728763,0,0.000699580251848891,0,0,9.9940035978413e-05,0,0.00109934039576254,0.000599640215870478,0,0,0,0,0,9.9940035978413e-05,9.9940035978413e-05,0.000299820107935239,0.000399760143913652,0,0,0,9.9940035978413e-05,0,0,9.9940035978413e-05,0,9.9940035978413e-05,0,0,0.0122926244253448,0.36208275034979,0,0,0.0554667199680192,0,0,0,0,0,0,0.132820307815311,0,0,0.00239856086348191,0,0,0,0,0.000199880071956826,0,0,0,0,0,0,0.00259844093543874,0,0.000599640215870478,0,0,0.00339796122326604,0.000299820107935239
0,0,0,0,0,0,0,0.00159904057565461,0,9.9940035978413e-05,0,0.000499700179892065,0,0.0599640215870478,0.00409754147511493,0,0,0,0,0,0.00559664201479113,0.000499700179892065,0,0.000499700179892065,0,0.308215070957426,0,0,0.000199880071956826,0.000399760143913652,0.00259844093543874,0,0,0.00159904057565461,0,0,0,9.9940035978413e-05,0,0,0,0.000399760143913652,0,0.00389766140315811,0,0.027583449930042,0,9.9940035978413e-05,9.9940035978413e-05,0,0,0,0,0,0.00129922046771937,0,0,0,0,0.000299820107935239,0.000199880071956826,0.00409754147511493,0,0,0.0169898061163302,0,0.00129922046771937,0,0,0,0.00149910053967619,0,0,0.00149910053967619,0,0,0,0,0,0.00149910053967619,0,9.9940035978413e-05,0,0,0.00149910053967619,9.9940035978413e-05,9.9940035978413e-05,0,0,0.00249850089946032,0,0,0,0,0,0,0,0,0.00169898061163302,0,0.000899460323805717,0,0,0,9.9940035978413e-05,0,0.0155906456126324,0.0818508894663202,0,0,0,0,0,0.0099940035978413,9.9940035978413e-05,0.000199880071956826,0,9.9940035978413e-05,0.00919448331001399,0,0,0.000999400359784129,0,9.9940035978413e-05,0.00989406356186288,0.0237857285628623,0,0,0.000199880071956826,0,0.00169898061163302,0.028083150109934,9.9940035978413e-05,0,0,0,0.000299820107935239,0,0,0,9.9940035978413e-05,0,0,0,0,0,0.000199880071956826,9.9940035978413e-05,0,0,0.000999400359784129,9.9940035978413e-05,0,9.9940035978413e-05,0,0,0,0,0.0022986208275035,0.000799520287827304,0,0,0,0,0,0,0,0,0,0,0.000299820107935239,0,0,0,0,0,0,0,0.000699580251848891,9.9940035978413e-05,0.000399760143913652,0,0,0,0.000299820107935239,0,0,0,0,0,0,0.00779532280631621,9.9940035978413e-05,9.9940035978413e-05,0,0,0,0,0,0,0,0,0,0,0,0.000499700179892065,0,0,0,0,0.000399760143913652,0.00399760143913652,0.00109934039576254,0.000599640215870478,0.000599640215870478,9.9940035978413e-05,0.00159904057565461,0.000399760143913652,0.00139916050369778,0.00179892064761143,0,0.00239856086348191,0,0,0,0,0,0,0.00739556266240256,0,0.0113931641015391,0,0,0.0103937637417549,0,0,0,0,9.9940035978413e-05,0.000199880071956826,0,0,0,0.00209874075554667,0,0,0,0,0,0,0.00659604237457526,9.9940035978413e-05,0.000199880071956826,0,0,0.000399760143913652,0.000299820107935239,0,9.9940035978413e-05,0,9.9940035978413e-05,0.00109934039576254,0,9.9940035978413e-05,0,0,0,0,0.000999400359784129,0.000499700179892065,0,0.00159904057565461,0.0555666600039976,0,0,0,0,0,9.9940035978413e-05,0.212972216669998,0,0,0.0076953827703378,0,0,0,0,0.0030981411153308,0.000199880071956826,0.00389766140315811,0,0,0,0,0,9.9940035978413e-05,9.9940035978413e-05,0.0030981411153308,0,0.00119928043174096,0.00299820107935239
0,0,0,0,0,0,9.99900009999e-05,0,0,0,0,0,0,0,0.0056994300569943,0.0044995500449955,0.0098990100989901,0,0,0,0,0.0033996600339966,0,0.0003999600039996,0,0.181781821817818,0,0,0.0047995200479952,0.0162983701629837,0,0,0,0.006999300069993,0,0,0,0.0107989201079892,0.0003999600039996,0.0004999500049995,0,0.0013998600139986,0.0178982101789821,0.0045995400459954,0,0.0005999400059994,0,0,0,0,0,0.0011998800119988,0,0,0,0,0,0.0031996800319968,0.0012998700129987,0,0,0,0,0,0,0,0.0016998300169983,0,0,0.0212978702129787,0,0,0,0,0,0,0,0,0,0.0036996300369963,0,0,0,0,0,0,0,0,0.0006999300069993,0,0,0.0135986401359864,0,0,0,0.0067993200679932,0,0,0.0027997200279972,0,0,0.0293970602939706,0,0,0,0,0,0.0430956904309569,0,0,0.0112988701129887,0,0,0,0,0,0,0,0.0047995200479952,0.0008999100089991,0,0,0,0.0007999200079992,0.0628937106289371,0,0,0,0,0,0,9.99900009999e-05,0,0,0,0,0.0031996800319968,0,0.036996300369963,0,0.0027997200279972,0,0.0030996900309969,0,0,0,0.0067993200679932,0,0,0.026997300269973,0,0,0,0,0.0030996900309969,0,0,0.0003999600039996,0,0,0,0,0,0,0,0,0.0006999300069993,0,0,0,0,0,0,0,0.0010998900109989,0,0,0,0.0271972802719728,0,0,0,0,0,0,0.0023997600239976,0,0,0,0,0,0.0034996500349965,0.0005999400059994,9.99900009999e-05,0,0,0,0,0,0,0,0,0,0.0227977202279772,0.0525947405259474,0.0100989901009899,0,0,0,0.0036996300369963,0,0,0,0,0.0054994500549945,0,0.0237976202379762,0.0076992300769923,0.0363963603639636,0,0,0,0,0,0,0,0,0,0,0,0,0,0,0.0807919208079192,0,0,0,0,0,0,0,0.0027997200279972,0,0,0.0046995300469953,0,0,0,0,0,0,0,0,0,0.0050994900509949,0.0867913208679132,0,0,0,0.0004999500049995,0,0,0,0.0011998800119988,0,0,0,0,0,0.0093990600939906,0,0,0.0304969503049695,0,0,0,0,0,0.0010998900109989,0.000999900009999,0,0,0,0,0,0,0,0,0,0,0,0,0,0,0.0105989401059894,0,0.0003999600039996,0,0,0.0038996100389961,0
0,0,0,0,0,0,9.99800039992002e-05,0,0,0,0,0,0,0,0.0864827034593081,0,0,0,0,0,0,0.0001999600079984,0,9.99800039992002e-05,0,0.0966806638672266,0,0,0.00549890021995601,0,0,0,0,0.00769846030793841,0,0,0.00439912017596481,9.99800039992002e-05,0,0,0,0,9.99800039992002e-05,0.000599880023995201,0,0.0013997200559888,0,0,0,9.99800039992002e-05,0,0.0001999600079984,0,0.0001999600079984,0,9.99800039992002e-05,0,0,0,0,0,0,0,0,0.000899820035992801,0,0.0020995800839832,0,0,0,0,0,0,0,0,0,0,0,0,0,0,0,0,0,0,0,0.0001999600079984,0,0,0.000399920015996801,0,0.000399920015996801,0.12877424515097,0,0,0,0,0,0,0,0,0,0,0,9.99800039992002e-05,0,0,0.435212957408518,0,0,0.0011997600479904,0,0,0.0002999400119976,0,0.000399920015996801,0,0.0018996200759848,0,0,0,0,0,9.99800039992002e-05,0.00619876024795041,0.0017996400719856,0,0,9.99800039992002e-05,0,9.99800039992002e-05,0,0,0,0,0,0.0296940611877624,0,0,0,0.0390921815636873,0,0,0,0.0147970405918816,0,0.0002999400119976,0,0,0,0.0001999600079984,0,0.00389922015596881,0,9.99800039992002e-05,0,0,0.0221955608878224,0,9.99800039992002e-05,0.000799840031993601,0,0,0,0,0,0,0,0,0,0,0,0,0,0,0,0,0,0,0,0,0,0,0,9.99800039992002e-05,0,0.000499900019996001,0,0,0,0,0.0002999400119976,0,0,0,0,0,0,0,0,0,0,0,0,0,0.0016996600679864,9.99800039992002e-05,9.99800039992002e-05,0,0.0010997800439912,0,0,0,0,0,9.99800039992002e-05,0,0,0.0251949610077984,0,0,0,0,0,0,0,0,0,0.0002999400119976,0,9.99800039992002e-05,0,0,0.0182963407318536,0,0,0,0,0,0,0,0,0,0,0,0.0011997600479904,0,0,0,0,0,0,0,0,0,0.00479904019196161,0,0,9.99800039992002e-05,9.99800039992002e-05,0,0,0,0,0,0,0,0,0.000799840031993601,0,0,9.99800039992002e-05,0.0422915416916617,0,9.99800039992002e-05,0,0,0,0,0,0,0,0.00329934013197361,0,0,0,0,0,0,0.000999800039992002,0,0,0,0,0,0,0.000699860027994401,0,0,0.0022995400919816,0
0,0,0,0,0,0,9.99900009999e-05,0,0,0,0,0,0,9.99900009999e-05,0.0055994400559944,0,0.0052994700529947,0,0,0,0,0,0,0,0,0.0237976202379762,0,0,0,0.017998200179982,0,0.0480951904809519,0,0.0038996100389961,0,0,0.0140985901409859,0,0,0,0,0,0.0526947305269473,0,0,0.0003999600039996,0,0,0,0,0,9.99900009999e-05,0,0,0,0,0,0,0.0006999300069993,0.0107989201079892,0,0,0,0,0,0,0,0,0,0,0,0,0,0,0,0.0854914508549145,0,0,0,0.0052994700529947,0,0,0,0,0,0,0,0,0.0006999300069993,0.0012998700129987,0,0,0.0512948705129487,0,0.0247975202479752,0.0004999500049995,0,0.0017998200179982,0,0,0,0.0234976502349765,0,0,0,0,0,0.314068593140686,0.0013998600139986,0,0,0,0,0.0250974902509749,0,0,0,0,0.0211978802119788,9.99900009999e-05,9.99900009999e-05,0,0,0,0.0341965803419658,0,0,0,0,0,0.0023997600239976,0,9.99900009999e-05,0,0,0,0.0016998300169983,0,0,0,0,0,0.0016998300169983,0,0,0,0,0,0,0.0008999100089991,0,0,0,0,0,0,0,0,0,0.0016998300169983,0,0,0,0,0,0,0,0,0,0,0,9.99900009999e-05,0,0,0,0,0,0,0.0018998100189981,0,0,0,0,0,0,0,0,0,0,0,0,0.0096990300969903,0,0,0,0,0,0,0,0,0,0,0,0,0,0,0,0,0,0,0,0,0,0,0.0003999600039996,0,0,0,0,0,0,0,0,0,0,0,0,0,0.0018998100189981,0,0,0,0,0,0.0031996800319968,0,0,0,0,0,0,0,0,0,0,0,0,0,0,0,0,0,0,0,0,0.0016998300169983,0,0,0,0,0,0,0,0,0,0,0,0,0,0.0027997200279972,0,0,0.0311968803119688,0,0.0007999200079992,0,0,0,9.99900009999e-05,0.146185381461854,0,0,0.0053994600539946,0,0,0,0,0,0,0.0002999700029997,0,0,0,0,0,0,0.000999900009999,0,0,0.0102989701029897,0
0,0,0,0,0,0,9.99100809271655e-05,0,0,0,0.000199820161854331,0.000399640323708662,9.99100809271655e-05,0.00909181736437207,0.000299730242781497,9.99100809271655e-05,0.00279748226596064,0,0,0,0,0.0177839944050355,0,0,0,9.99100809271655e-05,0,0,9.99100809271655e-05,9.99100809271655e-05,0.0344689779198721,0,0,0,0,0,0.000499550404635828,0.00719352582675592,0,0,0,0.00359676291337796,0,0,0,0.00859226695973624,0,0,0,0,0.000299730242781497,0.0060945149365571,0,0,0,0,0,0,0.000299730242781497,0.0293735637925867,0,0,0,0,0,0,0,0,0,0,0.00619442501748426,0,0,0,0,9.99100809271655e-05,0,0,0,0,0,0.00659406534119293,0,0,0,9.99100809271655e-05,0,0,0,0,0.185533020281746,0,0.00539514437006694,0,0.00149865121390748,0,0,0,0.0682385852732541,0,0.00159856129483465,9.99100809271655e-05,9.99100809271655e-05,0,0,0,0,0.147767009691278,0,0,0,0.00199820161854331,0,0.0299730242781497,0,0,0,0.00489559396543111,0.0284743730642422,0,0,0.0031971225896693,0,0.000699370566490159,0.00309721250874213,0,0,0.00109901089019882,0,0,0.0140873214107303,0.011489659306624,0,0,0,0,9.99100809271655e-05,0,0,0,0.00269757218503347,0,0.000799280647417324,0,0,0,0,9.99100809271655e-05,9.99100809271655e-05,0,0.00389649315615946,0,0,0,9.99100809271655e-05,0,0,0,0,0,0,0,0,0,0,0,0,0,0,0.000299730242781497,0,0,9.99100809271655e-05,0,0,0,0,0,0,0.000199820161854331,0,0,0,0,0,0,9.99100809271655e-05,0,0,0,0,0.00559496453192127,0,0,0,0,0,9.99100809271655e-05,0,0,0,0,0,0,0,0.00089919072834449,9.99100809271655e-05,0,0,9.99100809271655e-05,0,0,0,0,0,0,0,0,0,0,0,0,0,0,0,0,0.00449595364172245,0,0.0217803976421221,0,0,0,0,0.00589469477470277,0,0,0,0,0,0.000399640323708662,0,0,0,0,0,0,0,0,0,0,0,0,0,0,0,0.000199820161854331,0,0.000199820161854331,0,0,0.000399640323708662,0,0,0,0,9.99100809271655e-05,0,0,0,0.000199820161854331,0.000399640323708662,0,0.0350684384054351,0,0,0,0.00239784194225197,0,0,0.189929063842542,9.99100809271655e-05,0,0.056149465481067,0,0,0,0,0,0,0.00639424517933859,0,0,9.99100809271655e-05,0,0,0,0.000299730242781497,0,0,0.0163852532720552,0
0,0,0,0.00189886068358985,0,0,0,0.00179892064761143,0,0,0.000899460323805717,0.000599640215870478,0,9.9940035978413e-05,0.00499700179892065,0.000299820107935239,0,0,0,0,0.00109934039576254,0.00149910053967619,0,0.0502698380971417,0.00119928043174096,0.174995002998201,0,0,0.00959424345392764,0.00279832100739556,0.00819508295022986,0.00149910053967619,0,0.00149910053967619,0,0,0.000299820107935239,0.00109934039576254,0.000299820107935239,9.9940035978413e-05,0,0.0022986208275035,0.00179892064761143,0.0112932240655607,0.000799520287827304,0.010893463921647,0,9.9940035978413e-05,0,0,0,0,0,0,0,0.000499700179892065,0,0.000199880071956826,0.000899460323805717,0.000199880071956826,0,0.00179892064761143,0.000399760143913652,0,0,0.00149910053967619,0.0022986208275035,0,0,0,0.00359784129522287,0,0,0.00179892064761143,0,0,0,0,0,0.00169898061163302,0,0.00159904057565461,0,0.00189886068358985,0.000199880071956826,0.000599640215870478,0,0.000199880071956826,0.00289826104337398,0.00259844093543874,0.004597241655007,0.00499700179892065,0.0121926843893664,0,0,0.0533679792124725,0,0,0.00109934039576254,0,0.00129922046771937,0,0,0,0.000299820107935239,0,0.0236857885268839,0.000599640215870478,0,0.038476913851689,0.0156905856486108,0,0,0.00149910053967619,0,0,0,0.000499700179892065,0.00519688187087747,0,0,0.00179892064761143,0,0.000399760143913652,0.00519688187087747,0.00749550269838097,0,0,0,0,0.00139916050369778,0.000199880071956826,0.00319808115130921,0.000799520287827304,0,0,0.0595642614431341,0.000899460323805717,0,0,9.9940035978413e-05,0.000799520287827304,0.00299820107935239,0,0,0,0,0.00409754147511493,0,0.00129922046771937,0.000399760143913652,0,0.000499700179892065,0.00129922046771937,0,0,0,0.000299820107935239,0.00199880071956826,0.000599640215870478,0,0,0,0.000399760143913652,0,0.000199880071956826,0.00129922046771937,0,0,0,0.00469718169098541,0,0,0.000499700179892065,0,0,0,0.00159904057565461,0.040175894463322,0,0,0,0,0,0.00109934039576254,0.0107935238856686,0,0.021287227663402,0,0,0,0.000299820107935239,0.000299820107935239,0,0,0,0,0,0,0,0,0,0,0,9.9940035978413e-05,0.000399760143913652,0,0,0.000199880071956826,0.0487707375574655,0,0.00879472316610034,0.00439736158305017,0.00209874075554667,0.000599640215870478,0,0.00219868079152508,0.00149910053967619,0.000199880071956826,0,0,0,0,0,0,0,0,0,0.000899460323805717,0,0.00499700179892065,0,0,0.170897461523086,0,0,0,0,0.00259844093543874,0,0,0.0251848890665601,0,0,0,0,9.9940035978413e-05,0,0,0,0.00569658205076954,0.000199880071956826,0.000499700179892065,0,0.000499700179892065,0.00159904057565461,0.000299820107935239,0.00169898061163302,9.9940035978413e-05,0.000499700179892065,9.9940035978413e-05,0.000899460323805717,0,0.000699580251848891,0.00289826104337398,0,0,0,0.00179892064761143,0,0,0,0.00599640215870478,0,0,0,0,0,9.9940035978413e-05,0.00299820107935239,0.000199880071956826,0,0.00919448331001399,0.00289826104337398,0,0,0,0,0.000499700179892065,0.004597241655007,0,0,0,0,0.00739556266240256,0.004597241655007,0.000499700179892065,0.00319808115130921,0,0.00749550269838097,0.000299820107935239
0,9.99600159936026e-05,0,0,0,0,0,0,0,0,0,0,0,0.000199920031987205,0.00179928028788485,0.00039984006397441,0.000499800079968013,0,0,0,0.00309876049580168,0.00149940023990404,0,0.00039984006397441,0,0.196621351459416,0,0,0.00889644142343063,0,0.0279888044782087,0,0,0.00489804078368653,0.000699720111955218,0,0,0.0314874050379848,0,0,9.99600159936026e-05,0.000999600159936026,0.094562175129948,0,0,0,0,0,9.99600159936026e-05,0,0,0.000699720111955218,0,0,0,0,0,0.000199920031987205,0,0.0282886845261895,0,0.000999600159936026,9.99600159936026e-05,0.000599760095961615,0.0186925229908037,0.00179928028788485,0.00179928028788485,0.000599760095961615,0,0.000199920031987205,0,0,0,0.000599760095961615,0,0.0352858856457417,0,0.000299880047980808,0,0.00199920031987205,0,0.00129948020791683,0.00329868052778888,0,0,0.000199920031987205,0,0,0.000299880047980808,0.00549780087964814,0,0.124050379848061,0.0281887245101959,0,0,0.00179928028788485,0,0,0,0,0,9.99600159936026e-05,0,0,0,0.0103958416633347,0,0.0118952419032387,0,0.00109956017592963,0.00129948020791683,0,0,0.00269892043182727,0,0,0,0.000299880047980808,0.00519792083166733,0,0,0,0,0.00039984006397441,0.00649740103958417,0,0.0115953618552579,0,0,0,0,9.99600159936026e-05,0,0,0,0,0.0355857656937225,0,0,0,0.00369852059176329,0.00079968012794882,0,0,0.00079968012794882,0,0.00489804078368653,0,0,0,0,0,0,0.00229908036785286,0,0,0,0,0,0,0,0.00109956017592963,0,0,0,0,0.000499800079968013,0.00039984006397441,0,0,9.99600159936026e-05,0,0.00039984006397441,0,0,0,0.000899640143942423,0.000599760095961615,0.0205917632946821,0,0,0.000299880047980808,0,0,0,0.00279888044782087,0,0,0,0,0,0.0288884446221511,0.000599760095961615,0.000599760095961615,0,0,0,0,0,0,0,0.0037984806077569,0,0,0,0.00329868052778888,0,0,0,0.00239904038384646,0,0,0,0,0,0.000999600159936026,0.0109956017592963,0,0.0366853258696521,0.00189924030387845,9.99600159936026e-05,0,0,0,0,0,0,0,0,0.000599760095961615,0.0113954418232707,0,0,0.0078968412634946,0,0,0,0,0.00159936025589764,0,0,0.014594162335066,0,0,0,0.000299880047980808,0,0.000199920031987205,0,0,0.0300879648140744,0,0.00429828068772491,0,0,0,9.99600159936026e-05,0,0,0,0,0,0,0.00039984006397441,0,0,0,0,0.000699720111955218,0.0414834066373451,0,0,0.00129948020791683,0,0,0,0,9.99600159936026e-05,0,0.000299880047980808,0,0,0.00949620151939224,0,0,0,0,0.0113954418232707,0.00169932027189124,0,0,0,0,0,0.000699720111955218,0,0.00219912035185926,0,9.99600159936026e-05,0.0102958816473411,0
0.00100040016006403,0,0,0.000100040016006403,0,0,0,0,0,0,0,0,0,0,0,0,0,0,0,0,0,0,0,0.000300120048019208,0,0,0,0,0.000800320128051221,0,0.186474589835934,0,0,0.0100040016006403,0,0,0.000200080032012805,0.031812725090036,0,0,0,0,0,0,0,0.00920368147258904,0,0,0.00120048019207683,0,0.000500200080032013,0,0,0,0,0,0,0.000600240096038415,0,0,0,0,0,0,0,0,0.017406962785114,0,0,0,0,0,0,0,0.337635054021609,0,0,0,0,0.00760304121648659,0,0,0.000200080032012805,0,0,0.000600240096038415,0,0,0,0,0.000100040016006403,0.000300120048019208,0.00160064025610244,0,0,0,0,0.000200080032012805,0,0.00700280112044818,0.000700280112044818,0,0,0,0.00460184073629452,0,0,0.00130052020808323,0,0,0,0,0.000300120048019208,0,0,0,0,0,0,0,0,0,0,0,0,0,0,0,0,0,0.047218887555022,0,0,0,0,0,0.0548219287715086,0.000600240096038415,0,0,0.00520208083233293,0,0,0,0,0,0.000300120048019208,0,0,0,0.000700280112044818,0,0.000600240096038415,0,0,0,0,0,0.00210084033613445,0,0,0,0,0,0,0,0.000500200080032013,0,0,0,0,0,0,0,0,0,0,0,0,0,0,0,0,0,0,0,0,0,0,0.00520208083233293,0,0,0,0,0,0,0,0,0,0,0,0,0,0,0,0.00150060024009604,0,0,0,0,0,0,0,0,0,0,0.151960784313725,0,0.00040016006402561,0,0,0,0,0,0,0,0,0,0,0,0,0,0,0,0,0,0,0,0.000200080032012805,0,0,0,0,0,0.00100040016006403,0,0,0,0,0,0,0.00120048019207683,0.00330132052821128,0,0.00110044017607043,0.00040016006402561,0,0,0,0,0.00210084033613445,0,0,0,0,0,0,0,0,0,0,0,0.0594237695078031,0,0,0,0,0,0,0,0,0,0,0,0,0,0,0,0.00130052020808323,0,0,0,0,0,0.0223089235694278,0,0.000800320128051221,0,0.00040016006402561,0.0136054421768707,0
0,0.000299790146897172,0.000199860097931448,0,0,0,0,0,0,0,0,0,0,0,0.000199860097931448,0.00169881083241731,0.00109923053862296,9.9930048965724e-05,0,0,0,0.00689517337863496,0,9.9930048965724e-05,0.000799440391725792,0.115619066653343,0,0,0.00049965024482862,0.00139902068552014,0.0419706205656041,0,0,0,0,0,0,0,0,9.9930048965724e-05,9.9930048965724e-05,0.00049965024482862,0,0,0,0,0,0,0,0,0,9.9930048965724e-05,0,0,0,0,0,0.000599580293794344,0,0.0362746077745578,0,0,0,0.000799440391725792,0,0,0.0103927250924353,0,0,0,0,0,0,0.0492655141401019,0,0,0,0,0,0,0,0,0,0,0,0.000199860097931448,0,0,0,0.0049965024482862,0,0,0.0020985310282802,0,0,0.000799440391725792,9.9930048965724e-05,0,0.00349755171380034,0,0.00159888078345158,0.00119916058758869,0,0,0,0,0,0.024982512241431,0,0.00109923053862296,0.00269811132207455,0,0,0,0,0,9.9930048965724e-05,0.000199860097931448,0.00579594284001199,0.000799440391725792,0,9.9930048965724e-05,0,9.9930048965724e-05,0.00339762166483462,0.0443689417407815,0,0,0,0,0,0,0,0,0.00889377435794944,0,0.000899370440691516,0,0,0,0.00049965024482862,0,0.00239832117517738,0,0,0,0,0,0,0,0,0,0,0,0.000599580293794344,0,0,0,0,0,0,0,0,0,0,0,0.000299790146897172,0.000199860097931448,0,9.9930048965724e-05,0,0,0,0,9.9930048965724e-05,0,0,0,0.0380733486559408,0,0,0,0,0,0,0.00099930048965724,0,0.0112920955331268,0,0,0,0,9.9930048965724e-05,0,0,0,0,0,0,0,0,0,0,0,0,0,0.00239832117517738,0.00049965024482862,9.9930048965724e-05,0,0,0,0,0,0.00669531328070351,0,0.0306785250324773,0,0,0,0,0,0,0,0,0,0,0,0,0,0,0,0.00179874088138303,0.0871390026981113,0,0,0,0,0.00139902068552014,0.000299790146897172,0,0.040171879684221,0,0,0,0.00199860097931448,0,0,0,0,0,0,0,9.9930048965724e-05,0,0,0,0,0,0,0,0,0,0,0.00149895073448586,0,0,0,0,0.0136904167083042,0,0,0.0131907664634756,9.9930048965724e-05,9.9930048965724e-05,0,0,0,0,0.28020385729989,0,0,0.0508643949235535,0,0,0,0,9.9930048965724e-05,0,0,0,0,0,0,0.0199860097931448,0,0.0114919556310583,0,0,0.00389727190966324,0
0,0,0,0.000199940017994602,0.000199940017994602,0,0,0,0,0,0.000499850044986504,0.000699790062981106,0,0.0212936119164251,0.000299910026991902,0.00229931020693792,0,0,0.000399880035989203,0,0,0.000999700089973008,0,9.99700089973008e-05,0,0.213735879236229,0,0,9.99700089973008e-05,0.000499850044986504,0.00829751074677597,0,0,0.00869739078276517,0,0,0.0116964910526842,0.000399880035989203,0,0,0,0.00249925022493252,0.0212936119164251,0.00779766070178946,0,0.00639808057582725,0,0,0,0,0,0,0,0,0,0.000199940017994602,0,9.99700089973008e-05,0.000399880035989203,0.000899730080975707,0,0,0,0,9.99700089973008e-05,0,0.000299910026991902,0,0,0.00569829051284615,0.00119964010796761,0,0,0.0124962511246626,0,0,0,0,0,0.00159952014395681,0,0,9.99700089973008e-05,0,0.0789763071078676,0,0,0,0.000399880035989203,0,0,9.99700089973008e-05,0.00149955013495951,0,0,0,0,0,0,0,0.00509847045886234,9.99700089973008e-05,0,0,0,0,0,0.0128961311606518,0,0.000399880035989203,0.000999700089973008,0,0,0,0,0,0,0,0.00119964010796761,9.99700089973008e-05,0,0,0,0.000199940017994602,0.0343896830950715,0,0,0,0.00179946016195141,0,0,0.0116964910526842,0,0,0,0,0,0,0,0.000599820053983805,0,0,0.00189943017094872,0,0.000199940017994602,0,0.000499850044986504,0,0,0,0.00149955013495951,0,0,0,0,0.000299910026991902,0,0,0.0140957712686194,0.00359892032390283,9.99700089973008e-05,0.000199940017994602,0,0,0,0,0.00219934019794062,0,0,0.000399880035989203,0,0,9.99700089973008e-05,0,0,0,0,0,0.000599820053983805,0,0,0,0,0,0.000499850044986504,0,0.000199940017994602,0,0,0,0,0.0119964010796761,9.99700089973008e-05,0,0,9.99700089973008e-05,0,0,0,0,0,0,0,0,0,0,0,0,0,9.99700089973008e-05,0,0,0,0,0,0.000799760071978406,0.00149955013495951,0.000399880035989203,0,0.00149955013495951,0,0.00119964010796761,0,0,0,0,0.000499850044986504,0,0.0217934619614116,0,0.00979706088173548,0,0.00149955013495951,0.00139958012596221,9.99700089973008e-05,0,0,0,0.000499850044986504,0,0,0,0,0,0,0,0,9.99700089973008e-05,0,0,0,0,0.00199940017994602,0,0,9.99700089973008e-05,9.99700089973008e-05,0,0,0,0,0,0,0,0.00129961011696491,9.99700089973008e-05,0,0,9.99700089973008e-05,9.99700089973008e-05,0.000799760071978406,0.00579826052184345,0.00909727081875437,0,9.99700089973008e-05,0,0,0,0.000499850044986504,0.399280215935219,0,0,0.00509847045886234,0,0,0,0,0,0.000199940017994602,0.00209937018894332,0,0,0,0,0.000699790062981106,0.00229931020693792,0,0,0,0.00849745076477057,0
0,0.00269892043182727,0,0,0,9.99600159936026e-05,9.99600159936026e-05,0,0,0,0.00119952019192323,0,0,0,0.000299880047980808,0,0,0,0,0,0,0.00349860055977609,0,0,0,0.224210315873651,0.000199920031987205,0,0.007796881247501,0,0.00719712115153938,0,0,0,0,0,0,0.0443822471011595,0,0,0,0,0,0,0,0.0146941223510596,0,0.000899640143942423,0,0,0.000299880047980808,0,0.000199920031987205,0,0,0.000999600159936026,0,0,0,0.0247900839664134,0,0,0,9.99600159936026e-05,0,0,0.032686925229908,0,0.000299880047980808,0,0.0143942423030788,0,0.00279888044782087,0,0,9.99600159936026e-05,0,0,0,0.0443822471011595,0.000199920031987205,9.99600159936026e-05,0.00419832067173131,0,0,9.99600159936026e-05,9.99600159936026e-05,0,0,0,0,0,0,0,0,0,9.99600159936026e-05,0,0,0,0,0,0.00039984006397441,9.99600159936026e-05,0,0.00279888044782087,0,0.1609356257497,0,0,0,0,0,0,9.99600159936026e-05,0,0,0,0.0330867652938825,0,0,0,0,9.99600159936026e-05,0.00139944022391044,0,0,0,0.00199920031987205,0.00129948020791683,0,0,0,0,0,0,0,0,0,0,0.000499800079968013,0,0,0,0,0,0.00719712115153938,0.00119952019192323,0.000199920031987205,0,0.00129948020791683,0.00259896041583367,0,0.00159936025589764,0,0,0,0,0,0,0,0.000299880047980808,0,9.99600159936026e-05,0,0,0,0,0,0,0.000599760095961615,0,0.0124950019992003,0,0,0,0.000199920031987205,0.0343862455017993,0.0403838464614154,0.00129948020791683,0,0,0,0,0.00409836065573771,0,0,0,0,0,0.000499800079968013,0.00699720111955218,0,0,0.0119952019192323,0,0,0,0,0.0260895641743303,0,0,0,0.0602758896441423,0,0.00589764094362255,0,0,0,0,0.00039984006397441,0,0,0,0,9.99600159936026e-05,0,0.0110955617752899,0.014594162335066,0,0.00339864054378249,0.00199920031987205,0,0,0,0,0.00229908036785286,0,0.00599760095961615,0.000499800079968013,0,0.000599760095961615,0,0.0146941223510596,0,0,0.000199920031987205,0,0,0,9.99600159936026e-05,0,0,0,9.99600159936026e-05,0,0,0,0,0,0,0,0.00569772091163535,0,0.00739704118352659,0,0.000499800079968013,0,0.000499800079968013,0,0.000599760095961615,0,0,0,0.0135945621751299,0,0,0,0,0.0102958816473411,0,0,0.000699720111955218,0,0,0,0,0,0,0,9.99600159936026e-05,0,0.0272890843662535,0,0,0,0,0,0.00179928028788485,0,0,0,0.00079968012794882,0,0,0,0.000199920031987205,0,0,0.0188924430227909,0
0,0,0,0,0,0,0.0121975604879024,0.000999800039992002,0,0,0,0.000499900019996001,0.000699860027994401,0.0358928214357129,0,0,0,0,0,0,0.0020995800839832,0.000999800039992002,0,0,0,0.0894821035792841,0.00339932013597281,0,0,0,0,0,0.000599880023995201,0.0210957808438312,0,0,0,0.000399920015996801,0,0,0,0,0,0.00489902019596081,0,0.018496300739852,0,0,0,0,0,0,0,0,0.00739852029594081,0,0,0,0,0,0,0.0002999400119976,0,0,0,0,0.00679864027194561,0,0.00509898020395921,0.0283943211357728,0.00439912017596481,0,0.00379924015196961,0.00389922015596881,0,0,0,0,0,0,0,0,0.000599880023995201,0,0.0015996800639872,0,0,0,0,0.0193961207758448,0,0.0022995400919816,0,0,0,0,0,0,0.0010997800439912,0,0,0,0,0,0.000499900019996001,0,0.000399920015996801,0,0,0,0,0,0.000899820035992801,0.0153969206158768,0,0,0,0,0.0207958408318336,0,0,0,0,0,0.0404919016196761,0,0,0,0,0,0.0020995800839832,0.00379924015196961,0,0,0,0,0,0,0,0,0,0,0,0,0,0,0.0002999400119976,0.000999800039992002,0,0,0.0001999600079984,0,0,0,0,0,0,0,0,0.0017996400719856,0.002999400119976,0,0,0.100079984003199,0,0,0,0,0,0,0,0,0.000599880023995201,0,0,0,0,0.000399920015996801,0,0,0,0,0,0,0,0,0,0,0,0,0,0.0399920015996801,0,0,0,0,0,0.0016996600679864,0,0,0,0,0,0,0,0.0011997600479904,0,0,0,0,0,0,0,0,0.0016996600679864,0,0.00809838032393521,0.0015996800639872,0,0.001499700059988,0.0002999400119976,0,0,0,0,0,0.000999800039992002,0,0,0.000499900019996001,0.000799840031993601,0,0,0,0,0,0,0,0,0,0,0,0,0,0,0,0.000799840031993601,0,0,0,0.0133973205358928,0.0001999600079984,0,0,0.0027994401119776,0.00799840031993601,0,0.0031993601279744,0,0.00249950009998,0,0,0,0.000599880023995201,0,0,0.0018996200759848,0,0,0.0927814437112578,0.0025994801039792,0,0.301939612077584,0,0,0,0,0,0,0,0,0,0.00249950009998,0,0,0,0.000399920015996801,0,0.0002999400119976,0,0,0,0,0,0.0108978204359128,0,0,0,0,0.00389922015596881,0.0242951409718056
0,0.00659868026394721,0,0,0,0.0002999400119976,0.00589882023595281,0,0,0.0001999600079984,0,0,0.000399920015996801,0,0.00459908018396321,0,0,9.99800039992002e-05,0,0,0.00899820035992801,9.99800039992002e-05,0,0.0012997400519896,0,0.214857028594281,0,0,0.000399920015996801,9.99800039992002e-05,0,0,0,0.019496100779844,0,0,0.0013997200559888,0,0,0,0.0001999600079984,0,0,0,0,9.99800039992002e-05,0.0121975604879024,0,0,0,0.00349930013997201,0,0,0,0,0,0,0,0,0,0.000799840031993601,0,0,0,0,0,0.0027994401119776,0,0.000999800039992002,0,0,0,0,0,0,0,0,0,0,0.0015996800639872,0,0.0001999600079984,0.0103979204159168,0,0,0,0,0,0,0,0,0,0.0458908218356329,0,0,0.00529894021195761,0,0,0,0,0,0,0,0,0.0001999600079984,0,0,0.179564087182563,0,0,0,0,0,0.00639872025594881,0.0001999600079984,0.0001999600079984,0,0,0.000499900019996001,0,0,0,0,0.001999600079984,0.00799840031993601,0,0,0,0.001999600079984,0,0,0.0227954409118176,0,0,0,0,0.00419916016796641,0,0.00449910017996401,0,0.000799840031993601,0,0,0,0.0227954409118176,0,0,0,0,0,9.99800039992002e-05,0,0,0,0,0,0,0.0001999600079984,0,0.00809838032393521,0,0,0,0,0,0,0,0,0,0,0,0,0.0001999600079984,0,0,0,0,0,0,0,0,0.0001999600079984,0,0,9.99800039992002e-05,0,0,0,0,0,0,0.0030993801239752,0.000399920015996801,0,0,0,0,0,0,0.000499900019996001,0,0,0,9.99800039992002e-05,0,0.0002999400119976,9.99800039992002e-05,0,0,0.000499900019996001,0.0012997400519896,0,0,0.000499900019996001,0.000899820035992801,0,0.001499700059988,0.00349930013997201,0.0100979804039192,0,0,0,0,0,0,0,0.0111977604479104,0,0.00649870025994801,0,0.00329934013197361,0,0,0.0392921415716857,0,0,0,0,0,0,0.0001999600079984,0,0,0,0.0001999600079984,0,0,9.99800039992002e-05,0,0,0,0,0,9.99800039992002e-05,0,9.99800039992002e-05,0,0,0,0.0028994201159768,0,0,0,0,0,0,0,0,0,0,0.0010997800439912,9.99800039992002e-05,0.0490901819636073,0,0,0,0,0,0,0.249750049990002,0,0,0.000499900019996001,0,0,0,9.99800039992002e-05,0,0,0,0,0,0,0,0,0,0.000499900019996001,0,0,0.000399920015996801,0
0,0,0,0.000400240144086452,0.000300180108064839,0,0.000300180108064839,0,0,0,0.000600360216129678,0,0,0,0.00650390234140484,0,0,0,0,0,0.00680408244946968,0.00670402241344807,0,0.00630378226936162,0,0.087652591554933,0,0,0.0162097258355013,0,0,0,0,0.00320192115269161,0,0,0,0.0143085851510907,0,0,0,0,0,0.00110066039623774,0.000600360216129678,0.0339203522113268,0,0,0.000900540324194517,0,0,0.000800480288172904,0.000900540324194517,0,0,0,0,0,0.00280168100860516,0.0392235341204723,0.000700420252151291,0,0.000200120072043226,0.000300180108064839,0,0.00100060036021613,0.000900540324194517,0,0,0.000100060036021613,0.00160096057634581,0,0,0.000400240144086452,0,0,0,0.000300180108064839,0,0.0123073844306584,0,0.000300180108064839,0.000100060036021613,0.00220132079247549,0.00560336201721033,0,0,0,0.000300180108064839,0,0,0.0164098459075445,0,0,0,0,0,0,0.00180108064838903,0,0.000700420252151291,0.0023013808284971,0,0,0,0,0,0.00590354212527516,0,0.00240144086451871,0,0,0,0,0,0.00130078046828097,0,0.0887532519511707,0.00250150090054032,0,0,0,0,0.00290174104462678,0,0,0.00550330198118871,0,0,0,0,0,0,0.00120072043225936,0,0,0.0145087052231339,0,0.000700420252151291,0,0.00280168100860516,0.000500300180108065,0.00300180108064839,0,0,0,0.00620372223334,0,0,0,0.000100060036021613,0,0.00390234140484291,0.000900540324194517,0.000100060036021613,0,0.000500300180108065,0.000500300180108065,0,0.00880528316990194,0.000300180108064839,0,0,0,0,0,0,0,0,0,0,0,0.00130078046828097,0,0.000900540324194517,0.000800480288172904,0.00160096057634581,0,0.0676405843506104,0.000200120072043226,0,0,0.000400240144086452,0,0.000500300180108065,0,0,0,0,0,0.000600360216129678,0.00580348208925355,0,0.00270162097258355,0,0,0,0,0,0,0,0.00180108064838903,0,0,0,0.0085051030618371,0.00130078046828097,0,0,0.00240144086451871,0,0,0.000800480288172904,0,0,0,0.0546327796678007,0.00160096057634581,0.019911947168301,0,0.000400240144086452,0.00190114068441065,0,0,0,0,0,0,0.0023013808284971,0,0.000100060036021613,0,0,0.0272163297978787,0,0,0,0,0,0.000300180108064839,0,0,0,0,0,0,0,0,0,0,0,0.000500300180108065,0,0,0,0.00260156093656194,0.00190114068441065,0,0,0,0.000700420252151291,0,0,0.00240144086451871,0,0,0,0,0,0.000600360216129678,0.0283169901941165,0,0.0284170502301381,0,0,0,0,0.000100060036021613,0.00300180108064839,0.243346007604563,0,0,0.00530318190914549,0,0,0,0.000100060036021613,0,0.00200120072043226,0.0112067240344207,0,0,0,0.00730438262957775,0,0.000200120072043226,0,0,0,0.0260156093656194,0
0,0,0,0.0002997002997003,0,0,9.99000999000999e-05,0,0,0,0,0,0,0,9.99000999000999e-05,0,0,0,0,0,0,0,0,0,0,0.166333666333666,0,0,0.0002997002997003,0,0,0,0,0,0,0,0.0218781218781219,0,0,0,9.99000999000999e-05,0,0,0,0,0,0,0,0,9.99000999000999e-05,0,0,0,0,0,0,0,0,0,0,0,0,9.99000999000999e-05,0,0,0,0.0218781218781219,0,0,0,0,0,0,0,0,0,0,0,0,0,0,0,0,0,0,0,0.0002997002997003,0,0,0,0,0,0.0002997002997003,0,0,0,0,0,0.00589410589410589,0,0,0,0,0,0.0024975024975025,0,0,0.0692307692307692,0,0,0,0,0,0.0164835164835165,0,0.0001998001998002,0,0,0.012987012987013,0,0,0,0,0,0.0255744255744256,0,0,0,0,0,0.00769230769230769,0.00929070929070929,0,0,0,0,0.000899100899100899,0,0,0,9.99000999000999e-05,0,0,0,0,0,0,0,0,0,0.0034965034965035,0,0,0,0.0001998001998002,0,0,0,0,0.0173826173826174,0,0,0,0,0,0,0,9.99000999000999e-05,0,0,0,0,9.99000999000999e-05,0,0,0,0,0.0211788211788212,0,0,0,0,0,0,0,0,9.99000999000999e-05,0,0,0,0,0,9.99000999000999e-05,0,0,0,0,0,0,0,0,0,0,0,0,0.000599400599400599,0,0,0.000599400599400599,9.99000999000999e-05,0,0,0,0,0.00739260739260739,0,0,0,0.0141858141858142,0,0,0,0,0,0.0003996003996004,0,0,0.0010989010989011,0,0,0,0,0,0.0245754245754246,0,0,0,0,0,0,0,0,0,0,0.0004995004995005,0,0,0,0,0,0,0,0,0,0,0.0001998001998002,0.0002997002997003,0,0,0.0035964035964036,0,0,0,0.0003996003996004,0,0,0,0,0,0.000699300699300699,0,0,0.0181818181818182,0,0,0,0,0,0.0004995004995005,0.517082917082917,0,0,0,0,0,0,0,9.99000999000999e-05,0,0.0037962037962038,0,0,0,0,0,0,0.0003996003996004,0,0,0,0
0,0.0104905584973524,0.000499550404635828,0,0,0,9.99100809271655e-05,0.00839244679788191,0,0,0,0,0,0,0.00499550404635828,0,0,0,0,0.00249775202317914,0.00559496453192127,0.00269757218503347,0,0,0,0.149265660905185,0,0.000599460485562993,0.00229793186132481,0.0122889399540414,0.00509541412728544,0,0,0.00449595364172245,0,0,9.99100809271655e-05,0.00309721250874213,0,0,0,0.000499550404635828,0,0.00429613347986812,0,0.0147866919772205,0.00999100809271656,0.00109901089019882,0,0,0.0031971225896693,0,0,9.99100809271655e-05,0.00219802178039764,0,0,0,0,0.00379658307523229,0.000499550404635828,0.000499550404635828,0,0,0,0,0.0159856129483465,0,0,0,0.00149865121390748,0,0,0.0122889399540414,0,0,0,0,0,0.00269757218503347,0,0.00249775202317914,0.0194824657807973,0,0,0.0103906484164252,0.000199820161854331,9.99100809271655e-05,0,0.00299730242781497,0,0.000499550404635828,0.00129883105205315,0,0,0.000299730242781497,0,0,0.00109901089019882,0,0,0.0118892996303327,0,0,0,0,0.00519532420821261,9.99100809271655e-05,0,0,0,0.0031971225896693,0,0.0215805774802678,0.000199820161854331,0,9.99100809271655e-05,0,0.0182835448096713,0,0,0,0,0.000199820161854331,0.00719352582675592,0,0,0,0,0,0.000999100809271655,0.01268858027775,9.99100809271655e-05,0,0,0,0.0419622339894095,0,0,0,0.000799280647417324,0,0,0,0,0,0.000599460485562993,0,0,0,0,0.000199820161854331,0,0.0155859726246378,9.99100809271655e-05,0,0,0,0,0.00239784194225197,0,0,0,0,0,0,0,0,0,0.0165850734339095,0.000299730242781497,0,0.00329703267059646,0,0,0,0,0.015086422220002,0.00499550404635828,0.000299730242781497,0,0,0,0,0.00249775202317914,0,0,0.00119892097112599,0,0,9.99100809271655e-05,0.028973923468878,0,0,0,0,0,0,0,0,9.99100809271655e-05,0,0,0.0240783295034469,0,0.00359676291337796,0.00199820161854331,0,9.99100809271655e-05,9.99100809271655e-05,0,0,0,0.00109901089019882,0,0,0.00349685283245079,0.0159856129483465,0.00369667299430513,0.00199820161854331,0.0102907383354981,0.00409631331801379,0,0,0,0.000999100809271655,0.0086921770406634,0,0.00269757218503347,0,0.012089119792187,9.99100809271655e-05,0,0.0258767109601359,0,0,0,0,0,0,0,0,0.00569487461284844,0,0,0,9.99100809271655e-05,0,0,0,0,0.000599460485562993,0.00219802178039764,0,0,0.00129883105205315,0.00119892097112599,0,0.000299730242781497,0.00209811169947048,0.00229793186132481,0.0054950544509941,0.000399640323708662,0.000399640323708662,0,0,0,0.00469577380357678,0,0.000599460485562993,0,0.00379658307523229,0.0792286941752423,0,0,0.000199820161854331,0,0,0.000199820161854331,0.160855230292737,0,0,0.0357678089719253,0,0,0.00159856129483465,0,9.99100809271655e-05,0.00359676291337796,0.00299730242781497,0,0,0,0,0.000799280647417324,0,0,0.0161854331102008,0,0.00469577380357678,0
0,0,0,0,9e-04,0,0,0,0,0,0,0,0,1e-04,0.0059,0,0,2e-04,0,0,1e-04,0.0031,0,7e-04,0,0.1868,0,0,0.0024,0.0012,0.0031,0,0,0.0144,0,0,0.001,0,2e-04,0,0,0,0,1e-04,0,0.0173,0,0,0,0,4e-04,0,0,0,0,0,0,0,0,0,0,5e-04,0,0,0,0,0.0018,0,0,0,0.0013,0,0,0,0,0,0,0,0,0.0024,0,0,0.0274,0,0,0.0039,0,0,0,0.0019,1e-04,0,0.0154,0,0,0.0013,0,0,0.0096,0,0,0.0035,0,0,1e-04,0,0,0.0216,0,0,0,0,4e-04,0.0178,0,0,0,0,0.0062,0,0,0,0,1e-04,0.2551,0,0.0017,0,0,0,3e-04,7e-04,0,0,0,0,0.0624,0,0,0,0,0,0,0,0,0,0,0,0,2e-04,0.0014,0,4e-04,0,0,0,0,0,6e-04,0.0064,0,0,0,0.0765,0,0,0,0,0,0,0,0,2e-04,0,0,0,0,3e-04,0.0068,0,0,0,0,2e-04,0,0,0,0,0,0,0,0.0058,0,0,0,0,0,0,0,0,0,0,0,3e-04,0,0.0027,0,0,3e-04,2e-04,0,0,0,5e-04,0.0019,0,1e-04,1e-04,3e-04,0,0,0,0,0,0,0,0,0,0.0011,0,0.0103,0,0,0,0,0,0,0,0,0,0,0,0,0,0,0.0014,0,0,0,0,1e-04,0,0,0,6e-04,0.0049,0,0,0,0,0,0,0,0,3e-04,0,0,0,0,0,0,3e-04,0.1258,0,0,0,0,4e-04,0,0.0014,0,0,0.0448,0,0,0,0,0,0.0013,0.0013,0,0,0,0,0.0057,0,0.0143,0,0,0.0074,0
0,0,0,0,0,0,9.9940035978413e-05,0,0,0,0,0,0,0,0.00219868079152508,0,0,0,0,0,0,0.0022986208275035,0,0.000999400359784129,0.000199880071956826,0.000199880071956826,0,0,0.004597241655007,0.00219868079152508,0,9.9940035978413e-05,0.000499700179892065,0.00739556266240256,0,0,0.000499700179892065,0,0,0.000299820107935239,0,0,0,0,0.00179892064761143,0.000199880071956826,0,0,0,0,0,0,0,0,0,0,9.9940035978413e-05,0.000199880071956826,0,0.0576654007595443,0,0,0,0,0,0,0.0343793723765741,0,0,0,0.00379772136717969,0,0,0,0,0,0,0,0,0,0,0,0,0,0.00439736158305017,0.00739556266240256,0,0,9.9940035978413e-05,0.000499700179892065,0,0.00179892064761143,0.00149910053967619,0,0,0,0,0,0.000299820107935239,0,0,0.00109934039576254,0,0,0.00359784129522287,0,0,0.0635618628822706,0,0,0.00949430341794923,0,0,0.00359784129522287,0,0,0,0,0.00289826104337398,0,0,0,0,0.000199880071956826,9.9940035978413e-05,0,0,0,0,0,0,0,0,0.000599640215870478,0,0,0.00239856086348191,0.00139916050369778,0.0306815910453728,0,0.00679592244653208,0.000999400359784129,0.000499700179892065,0,0,0,0,0,0,0,0,0.00569658205076954,0,0,0,0,0,0,0,0.0186887867279632,0,0.00219868079152508,0.000399760143913652,0.040175894463322,0,0,0.000799520287827304,0,0,0.00139916050369778,0,0.000499700179892065,0,0,0,0,0,0.00579652208674795,0.012092744353388,0,0,0,0,0,0,0,0,0,0,0,0,0.00369778133120128,0.000199880071956826,0,0,0,0,0,0,0,0,0,0,0,0,0.0147911253248051,0,0,0.000199880071956826,0.000499700179892065,0,0,0,0,0.000199880071956826,0,0,0,0.0252848291025385,0,0.0076953827703378,0,0,0,0,0.00139916050369778,0,0,0.00159904057565461,0,0,0,0.0022986208275035,0.0562662402558465,0,0,0,0,0,0.0242854287427543,0,0.00399760143913652,0,0,0,0,0,0,0.00149910053967619,0,0,0,0,9.9940035978413e-05,0.00319808115130921,0.00109934039576254,0.00369778133120128,0,0,0,0,0,0,0,0.0076953827703378,0,0,0,0,0.172396562062762,0,0,0.0284829102538477,0,0.000399760143913652,0,0,0.000599640215870478,0.000299820107935239,0.266440135918449,0,0,0.00669598241055367,0.000699580251848891,0,0,0,0.000599640215870478,0.00359784129522287,0,0,0,0,0,0.00419748151109334,0,0.000699580251848891,0,0,0.00379772136717969,0
0,0.000199840127897682,0.000199840127897682,0,0.000199840127897682,0,0.000199840127897682,9.99200639488409e-05,0,9.99200639488409e-05,0,0.000399680255795364,0,0,0.000899280575539568,9.99200639488409e-05,0.00789368505195843,0.000799360511590727,0.000799360511590727,9.99200639488409e-05,9.99200639488409e-05,0.00159872102318145,0,0.000699440447641887,0.000299760191846523,0.223121502797762,0,0.000499600319744205,0.0016986410871303,0.000199840127897682,0.000199840127897682,0,0,0.00399680255795364,0.000499600319744205,0,0.000699440447641887,0.000799360511590727,0,0,0,0.000999200639488409,0,0,0,0.0315747402078337,0,9.99200639488409e-05,0,0,0.000199840127897682,0.00699440447641886,0.000599520383693046,0,0.000499600319744205,0.000199840127897682,0,0,0,9.99200639488409e-05,0.000199840127897682,0,0,9.99200639488409e-05,0,9.99200639488409e-05,0.0038968824940048,0.000299760191846523,0,0.00939248601119105,0.000399680255795364,0,0,0.000199840127897682,0,0,0.000299760191846523,0,0,0.00229816147082334,0,0.00239808153477218,0.000399680255795364,0,0,0.089228617106315,0.00869304556354916,0,0.00129896083133493,0.00199840127897682,0,0.00369704236610711,0.0016986410871303,0,0,0.0021982414068745,0,0,0.00359712230215827,0,0.00149880095923261,0.00959232613908873,0,0,0,0,0,0.00899280575539568,0,0,0.00249800159872102,9.99200639488409e-05,0,0.000699440447641887,0,0.00109912070343725,0,0,0.000299760191846523,0,0,0.000799360511590727,0,0.000199840127897682,0.0292765787370104,0.00149880095923261,0,0,9.99200639488409e-05,0,0.00369704236610711,0.000199840127897682,0.0266786570743405,0,0,0,0.000499600319744205,0,0.000199840127897682,0,0.000799360511590727,0.000499600319744205,0.00139888089528377,0,0.0193844924060751,0,0.00309752198241407,0,0.000199840127897682,0.00189848121502798,0.000599520383693046,9.99200639488409e-05,0,0.000299760191846523,0.000199840127897682,0,0,0.000199840127897682,0.000599520383693046,0.00269784172661871,0,0.000599520383693046,0,9.99200639488409e-05,0,0,0.000399680255795364,0.000399680255795364,0,0.000699440447641887,0.000799360511590727,0,0.000699440447641887,0,0,0,0.00189848121502798,0.000599520383693046,0.0060951239008793,0.000799360511590727,0,0,0.000199840127897682,0,0.000499600319744205,0.0021982414068745,0,9.99200639488409e-05,0,0,0.00179856115107914,0.0144884092725819,9.99200639488409e-05,0,0,0,0,9.99200639488409e-05,0,0,0,0,9.99200639488409e-05,0.000999200639488409,0,0.0189848121502798,9.99200639488409e-05,0,0,0.000199840127897682,9.99200639488409e-05,0,0,0.000399680255795364,0.00129896083133493,0.000899280575539568,0.00279776179056755,9.99200639488409e-05,0.00339728217426059,0,0,0.000299760191846523,0,0.000299760191846523,0,0,0.000199840127897682,0.0240807354116707,0.000499600319744205,0.000199840127897682,0.00629496402877698,0,0.00109912070343725,0.144184652278177,0,9.99200639488409e-05,0.000599520383693046,0,0.000799360511590727,0.00809352517985612,0,0,0,9.99200639488409e-05,0.000699440447641887,9.99200639488409e-05,0,0,0.000199840127897682,0,0,9.99200639488409e-05,9.99200639488409e-05,9.99200639488409e-05,0.000899280575539568,0.0186850519584333,0.000499600319744205,0,0.000399680255795364,0.000799360511590727,9.99200639488409e-05,0,0,0.000399680255795364,0,0,9.99200639488409e-05,0,0.000199840127897682,0,0.00869304556354916,0.000599520383693046,0.00819344524380496,0,0,9.99200639488409e-05,0.000199840127897682,0,0.00269784172661871,0.0844324540367706,0,0,0.0170863309352518,0,0.0463629096722622,0.00139888089528377,0,0.000399680255795364,0.0021982414068745,0.00269784172661871,0,0,0,0,0.000499600319744205,0.00319744204636291,0.00159872102318145,0.000399680255795364,0.00359712230215827,0.00339728217426059,9.99200639488409e-05
0,0,0,0,0,0,0,0,0,0,0,0,0,0,0.000199940017994602,0,0,0,0,0,0,0,0,9.99700089973008e-05,0,0.265120463860842,0,0,0.000199940017994602,0.000299910026991902,0,0,0,0.00609817054883535,0,0,0,0,0,0,0,0,0,0,0,0.170048985304409,0,0,0,0,0,0.00239928021593522,0,0,0,0,0,0,0,0,0,0,0,0,0,0.00649805058482455,0.02259322203339,0,0,0,0.00149955013495951,0,0,0,0,0,0,0,0,0,0,0,0,0,0,9.99700089973008e-05,0,0,0,0,0.000199940017994602,0,0,0,0,0.000199940017994602,0,0,0.00919724082775168,0,0,0,0,0,0,0,0.00659802059382185,0.126262121363591,0,0,0.00209937018894332,0,0,0,9.99700089973008e-05,0,0,0,0.0119964010796761,0,0,0,0,0,0,0,0,0,0,0,0,0,0,0,0,0,9.99700089973008e-05,0.000599820053983805,0.000199940017994602,0,9.99700089973008e-05,0,0,0,0,0,0,0,0,0,0.00139958012596221,0,0,0,0,0,0,0,0,0.00239928021593522,0,0,0,0,0,0,0.000199940017994602,0,0,0,0,0,0,0,0,0.000399880035989203,0.000299910026991902,0.00209937018894332,0.0685794261721484,0,0,0.000799760071978406,0,0,0,0,0,0,0,0,0,0,0,0,0,0,0,0,0,0,0,0.00299910026991902,0,0,0,0.000399880035989203,0,0.000199940017994602,0,0,0.000299910026991902,0,0.000499850044986504,0,0,0,0,0,0,0,0,0,0,0,0,9.99700089973008e-05,0,0,0.0397880635809257,0,0,0,0.000699790062981106,0.00199940017994602,0,0,0,0,0.000499850044986504,0.000399880035989203,0,0.00619814055783265,0,0,0.000399880035989203,0,0,0,0,0,0,0,0,0,0,0,0,0,0,0.000999700089973008,0,0,0,0,0,0,0,0,0,0.00159952014395681,0,0,0.000899730080975707,0,0.000199940017994602,0,0,0,0,0.219934019794062,0,0,0.0111966410076977,0,0,0,0,0,0,0,0,0,0,0,0,0,0.000399880035989203,0,0,0.00129961011696491,0
0,0.000399880035989203,0,0,0,0,0.00129961011696491,0,0,0,0,0.000499850044986504,0,0,0.00439868039588124,0.000399880035989203,0,0,0,0,0,0.00849745076477057,0,0.000399880035989203,0,0.122863141057683,0,0,0.00119964010796761,0.000799760071978406,0,0,0,0.0276916924922523,0,0,0.00529841047685694,0,0,0,0,0,0,0,0,0.0917724682595221,0,0,0,9.99700089973008e-05,0,0,0,0,0,9.99700089973008e-05,0,0.000699790062981106,0.000399880035989203,0.0141957412776167,0,0,0,0,0,0,0,0,0,0.0107967609717085,0,0,0,0,0,0,0,0,0.000799760071978406,0.0419874037788663,0,0,0,0,0.0147955613316005,0.000299910026991902,0.000199940017994602,0,0,0.0111966410076977,0,0.000399880035989203,0.000999700089973008,0,0,0,0.000199940017994602,0,0.00389883035089473,0,0,0.00109967009897031,0,0,0,0,0,9.99700089973008e-05,0,0,0.00289913026092172,0,0,0.000599820053983805,0,0,0,0,0.000699790062981106,0,0,0,0,9.99700089973008e-05,0.0472858142557233,0,0.0103968809357193,0,9.99700089973008e-05,0,0.00959712086374088,0.0238928321503549,0,0,0,0,0.00109967009897031,0,0.000599820053983805,0,0.00359892032390283,0.000699790062981106,0.000699790062981106,0,0,0,0.00199940017994602,0.00169949015295411,0,0,0.00119964010796761,0,0,9.99700089973008e-05,0,0,0,0,0,0.0258922323303009,0,0.000899730080975707,0,0,0,0,0.00119964010796761,0.00339898030590823,0,0.000699790062981106,0.00219934019794062,0,0,0,0,0,0.00119964010796761,0.0468859342197341,0,0,0,0,0,0,0.000499850044986504,0,0,0,0,0,0,0.00379886034189743,9.99700089973008e-05,0,0,0,0,0,0.000199940017994602,9.99700089973008e-05,0,0,9.99700089973008e-05,0,0,0.000499850044986504,9.99700089973008e-05,0,0,0.000299910026991902,0.000299910026991902,0,0,0,0.00379886034189743,0,0,0.00139958012596221,0.00499850044986504,0,0,0,0,0,0,0,0,0,0,0,0.0228931320603819,0,0.000999700089973008,0.0490852744176747,0,0,0,0,0.000599820053983805,0,0,0.00179946016195141,0,0,0.000499850044986504,0.00149955013495951,0.00109967009897031,0,0,0,0,0.000299910026991902,0,0,0,0.000199940017994602,0.00749775067479756,0,0.000199940017994602,0,0,0,0,0.000599820053983805,0,0.000499850044986504,0,0,0,0.000899730080975707,0,0.00369889033290013,0.00469859042287314,0,0,0,0,0,0.000199940017994602,0.280215935219434,0,9.99700089973008e-05,0.0260921723482955,0,0,0,0,0,0.00289913026092172,0,0,0,0,0,0,0,0.0104968509447166,0,0,0.00929721083674898,0
0,0,0,0,0,9.99000999000999e-05,9.99000999000999e-05,0,0,9.99000999000999e-05,0,0,0,0,0.0003996003996004,0,0,0,0,0,0,0.0016983016983017,0,0,0,0.343356643356643,0,0,0,0.0004995004995005,0.0563436563436563,0,0,0,0,0,0,0.0025974025974026,0,0,0,0,0,0,0.000599400599400599,0,0,0.0001998001998002,0,0,0,0,9.99000999000999e-05,9.99000999000999e-05,9.99000999000999e-05,0.0001998001998002,0,0,0,0.0004995004995005,0,0,0,9.99000999000999e-05,0,0,0.0003996003996004,0,9.99000999000999e-05,0,0.0015984015984016,0,0,0,0,0,9.99000999000999e-05,0,0,0.0010989010989011,0.0011988011988012,0,0,0,0,9.99000999000999e-05,0,0,0,0.0112887112887113,0,0,0,0,0,0,0,0,0.0035964035964036,0,0,0,0,0.000699300699300699,9.99000999000999e-05,0,0,0.00999000999000999,0,0,0.000999000999000999,0,0,0.0010989010989011,0,0,0,0,0.000999000999000999,0,0,0,0,0,0.0926073926073926,0,0,0,0,0,0,0,0,0,0,9.99000999000999e-05,0.0303696303696304,0,0.000599400599400599,0,0.0001998001998002,0.0023976023976024,0,0,0,0,0.0001998001998002,0.000799200799200799,0,0,0.0026973026973027,9.99000999000999e-05,0,0.000599400599400599,9.99000999000999e-05,0,0,0.0002997002997003,0,0.0003996003996004,0,0.000699300699300699,0.000799200799200799,0,0,0,0.0003996003996004,0,9.99000999000999e-05,0.0033966033966034,0,0,0,0,0,0,0.000999000999000999,0.0017982017982018,0.0032967032967033,0,0,0,0,0,0,0,0,0,0,0,0.0016983016983017,0,0,0,0,0,0,9.99000999000999e-05,0,0,0,0,0,0.0002997002997003,0,0.0003996003996004,9.99000999000999e-05,0,0,0,0,0,0.0004995004995005,0.000899100899100899,0,0.000599400599400599,0,0.000599400599400599,0,0,0,0.0014985014985015,0,0.0002997002997003,0.0002997002997003,0,0,0,0.000799200799200799,0,0.0102897102897103,0,0.0012987012987013,0.0437562437562438,0,9.99000999000999e-05,0.000599400599400599,0,0.000799200799200799,0.0001998001998002,0,0,0.0010989010989011,0,0.0003996003996004,0.0015984015984016,0,0,0,0,0,0,0,9.99000999000999e-05,0.0004995004995005,0.0003996003996004,0.0015984015984016,0,0,0,0.0004995004995005,0,0,9.99000999000999e-05,0,0,9.99000999000999e-05,0,0,0.000999000999000999,0,0,0.0052947052947053,0,0,0,0.0965034965034965,9.99000999000999e-05,0,0.191108891108891,9.99000999000999e-05,0.000599400599400599,0.00769230769230769,0,0,0,9.99000999000999e-05,0,0.0011988011988012,0.0032967032967033,0.0044955044955045,0,0,0.0001998001998002,0.00869130869130869,0,0.000599400599400599,0,0,0.0240759240759241,0
0,0,0,0,9.99100809271655e-05,0,0,0.00149865121390748,0.105105405135378,0,0,0,9.99100809271655e-05,0.00599460485562993,0.000199820161854331,0,0,0,0,0,0.000299730242781497,0.00089919072834449,0,0,0.00089919072834449,0.0731341792386852,0,0,0.000999100809271655,0.000399640323708662,0.00589469477470277,0,0,0.0028973923468878,0,0,0,9.99100809271655e-05,0,0,0,0,0.00499550404635828,0.00449595364172245,0,0.00129883105205315,0,0.000299730242781497,0.000499550404635828,0,0,0,0,0,0.00109901089019882,0,0,9.99100809271655e-05,0,0,0,0.00299730242781497,0,0,0.000299730242781497,9.99100809271655e-05,0.00149865121390748,0,0,0.00119892097112599,0.000799280647417324,0,0,0.000699370566490159,0,0,0,0,0,0.00139874113298032,0,0,0,0,0.000499550404635828,9.99100809271655e-05,0.00799280647417324,0,0,0.00559496453192127,0.241282845439105,0,9.99100809271655e-05,0,0,0,9.99100809271655e-05,0,0.00299730242781497,0,0,0,0,0,9.99100809271655e-05,0,0.0105904685782795,0.0103906484164252,0.000299730242781497,0,0.00299730242781497,9.99100809271655e-05,0,0.00109901089019882,0,0,0,0,0.00499550404635828,0,0,9.99100809271655e-05,0,9.99100809271655e-05,0.0025976621041063,0.00479568388450395,0,0,9.99100809271655e-05,0,0.00389649315615946,0.00849235687880907,0,0,0,0,0.000399640323708662,0,9.99100809271655e-05,0,9.99100809271655e-05,9.99100809271655e-05,0,0,0.0054950544509941,0,0.000599460485562993,0.00759316615046458,0,0.000499550404635828,0.000299730242781497,9.99100809271655e-05,0,0,9.99100809271655e-05,0,0,0.000299730242781497,0.0203816565091418,0,0,0,0.000699370566490159,0.00969127784993506,0,0,0.00089919072834449,0,0,0.000199820161854331,0.00139874113298032,9.99100809271655e-05,0.0664402038165651,0,0,0,0,0.00519532420821261,0.00279748226596064,0,0.00349685283245079,0,0,0,0,0,0,0.0225796782895394,0.00089919072834449,0,0,0.012089119792187,9.99100809271655e-05,0,0,9.99100809271655e-05,0,0,0,0,0,0,0,0.0057947846937756,0,0.000299730242781497,0,0,0,0.00089919072834449,0,0,0.00169847137576181,0.000599460485562993,0.00179838145668898,0,0.00149865121390748,0.00739334598861025,9.99100809271655e-05,0,0,0.00149865121390748,0.0117893895494055,0,0,9.99100809271655e-05,0.00159856129483465,0,0.00179838145668898,0,0.0028973923468878,0,0.00139874113298032,0.0650414626835848,0,0.000299730242781497,0,0,0.000499550404635828,0,0,0.00539514437006694,0,0.00109901089019882,0,0,0,9.99100809271655e-05,0,0.00149865121390748,0.00339694275152363,0,0.000799280647417324,0,0.00119892097112599,0.000699370566490159,9.99100809271655e-05,0,9.99100809271655e-05,0.000799280647417324,0,0.00119892097112599,0,0.000199820161854331,0,0,0,0.0109901089019882,0.00599460485562993,0.0439604356079528,0.000399640323708662,0.000999100809271655,0.00619442501748426,0,0,0,9.99100809271655e-05,0,0.000299730242781497,0.090518533320012,0,0,0.00619442501748426,0,0,0,0,0,0.00219802178039764,0.00219802178039764,0,0,0,0,0.00249775202317914,0,0.000299730242781497,0.0054950544509941,0.000199820161854331,0.00179838145668898,0.00369667299430513
0,0,0,0,0.00359748176276606,0,0.00129909063655441,0.00159888078345158,0,9.9930048965724e-05,0,0.000299790146897172,0,0.01448985710003,0.00309783151793744,0,0,0,0,0.00219846107724593,9.9930048965724e-05,9.9930048965724e-05,0,0,0,0.0363745378235235,0,0,0.0179874088138303,0,0.0147896472469272,0,0,0.0112920955331268,0,0,0.00399720195862896,0.0183871290096932,0,0,0,0.00099930048965724,0,0.00779454381932647,0,0.0323773358648946,0,9.9930048965724e-05,0,0,0.00049965024482862,0,0.000399720195862896,0,0.0192864994503847,0,0,9.9930048965724e-05,0,9.9930048965724e-05,0.000199860097931448,0.00099930048965724,0,0,0,0.00129909063655441,0.00979314479864095,0,0,0,9.9930048965724e-05,0,0,0,0.00299790146897172,0,0,0,0,0.00109923053862296,0,0,0.0122913960227841,0,0.00229839112621165,0,0.00119916058758869,0,0,0.00169881083241731,0,0,0.0418706905166384,0,0,0,0,0,0.000699510342760068,0,0.00149895073448586,0,0,0,0.000299790146897172,0.000899370440691516,0,0.0120915359248526,0.00359748176276606,0,0,0,0,0,0,0,0,0.0099930048965724,0.0142899970020985,0,0,0.00099930048965724,0,0,0.020285799940042,0.00149895073448586,0,0,0,0,0.002897971420006,0.00159888078345158,0,0,0,0,0.0258818826821225,0.000299790146897172,0.000399720195862896,0,0.00049965024482862,0.00049965024482862,0,0,0,0,0,0,0,0,0.000599580293794344,0.000599580293794344,0,0,0,0,0,0,0,0.00369741181173179,0,0,0.00229839112621165,0.0020985310282802,0,0,0.00159888078345158,0,0,0,0.000199860097931448,0,0,0,0,0,0.00269811132207455,0.002897971420006,0,9.9930048965724e-05,0,0,0,0,0.00399720195862896,0,0,0,0,0,0,0.0100929349455381,0,0,0.0125911861696812,0,0,0.000199860097931448,0,0,0,0,0,0.000399720195862896,0,0.000899370440691516,0.00229839112621165,0,0,0.00579594284001199,0,0,0,0.000299790146897172,0.000299790146897172,0,0,0.00109923053862296,0.0157889477365844,0.000399720195862896,0.00189867093034876,0,9.9930048965724e-05,0,0,0,0.002897971420006,0,0.00149895073448586,0.000599580293794344,0.0109923053862296,0,0.00179874088138303,0.0442690116918157,0,0,0,0,0.0020985310282802,0.0750474667732587,0,0,0,0,0,0,0,9.9930048965724e-05,0,0,0.00239832117517738,0.000199860097931448,0.00049965024482862,0,0.000399720195862896,0.00159888078345158,0.000299790146897172,0,0,0.00129909063655441,0.000199860097931448,0,0,0.000199860097931448,0,0,0,0,0.020985310282802,0.0492655141401019,0.00239832117517738,0.0053962226441491,0.0694513840311782,0,0,0,0,0,0.000299790146897172,0.227840511641851,0,0,0.00799440391725792,0,0,0,0.000299790146897172,0.000399720195862896,0.00099930048965724,0.00239832117517738,0,0,0,0,0,0.000199860097931448,0.00469671230138903,0.017387828520036,0,0.00509643249725192,9.9930048965724e-05
0,0,0,0,0,0,0,0,0,0,0,0,0,0,0.00109956017592963,0,0,0,0,0,0,0.000599760095961615,0,0,0,0.106657337065174,0,0,0,9.99600159936026e-05,9.99600159936026e-05,0,0,0.0118952419032387,0,0,9.99600159936026e-05,0,0,0,0,0,0.00909636145541783,0.0193922431027589,0,0.00699720111955218,0,0,0,0,0,0,0,0,0,0,0,0,0,0,0,0,0,0,0,0,0,0,0,0,0,0,0.00129948020791683,0,0,0,0,0,0,0.0108956417433027,0,0,0.0521791283486605,0,0,0,0,0,0,0,0,0,0.00299880047980808,0,0,0.00149940023990404,0,0,0,0,0,0,0,0,0,0,0,0.0932626949220312,0,0,0,0,0,0.0133946421431427,0,0,0,0,0.0156937225109956,0,0,0,0,0,9.99600159936026e-05,0,0,0,0,0,0,0.0293882447021192,0,0,0,0,0,0,0,0,0.0889644142343063,0,0,0,0,0.0827668932427029,0.00599760095961615,0,0,0,0.0038984406237505,0,0,0,0,0,0.00189924030387845,0,0,0,0,0,0,0.0512794882047181,0,0,0,0,0,0,0.00129948020791683,0,0,0,0,0,0,0,0.0166933226709316,0.00169932027189124,0,0,0.000499800079968013,0,0.00329868052778888,0,0,0,0,0,0,0.000999600159936026,0,0,0,0,0,0,0,0,0,0,0,0,9.99600159936026e-05,0,0,0,0,9.99600159936026e-05,0,0,0,0,0,0,0.0138944422231108,0,0,0,0,0,0,0,0,0,0,0,0,0,0.0305877648940424,0,0,0.178328668532587,0,0,0,0,0,0,0,0.00229908036785286,0,0,0.00079968012794882,0,0,0,0,0,0,0,0.00149940023990404,0,0.00219912035185926,0.00989604158336665,0,0,0,0.0137944822071172,0,0,0,0,9.99600159936026e-05,0,0,0,0,0.0754698120751699,0,0,0.0188924430227909,0,0,0,0,0,0.000199920031987205,0.000599760095961615,0,0,0.0118952419032387,0,0,0,0,0,0,0.00129948020791683,0,0,0,0,0.000999600159936026,0,0.000999600159936026,0,0,0,0
0,0,0,0,0,0,0,0.00529841047685694,0,0,0,9.99700089973008e-05,0,0,0.0771768469459162,0.000399880035989203,0,0,0.000999700089973008,9.99700089973008e-05,0.00119964010796761,0.00119964010796761,0,9.99700089973008e-05,0,0.225432370288913,0,0,0.00349895031490553,0.000799760071978406,0.00369889033290013,0,0,0.00469859042287314,0,0,0.000599820053983805,0.000399880035989203,0,0,0,0.000999700089973008,0.0403878836349095,0.00309907027891633,0,0.00679796061181645,0,0,0,0,0,0,0.000499850044986504,0,0.000299910026991902,0.000399880035989203,0,0,0.000299910026991902,0.000699790062981106,0,0.00419874037788663,0,0,0,0,0.00609817054883535,0,0,0.00579826052184345,0.00809757072878137,9.99700089973008e-05,0,0,0,9.99700089973008e-05,0,0,0,0.00119964010796761,0,0,0.00189943017094872,0,0.012296311106668,0,0,0,0.000799760071978406,0.00579826052184345,0,0.00389883035089473,0.000299910026991902,0,0,0,0,0,0.00509847045886234,0.00489853044086774,0,0,0,0,0,0,0,0.0109967009897031,0,0,0.000799760071978406,0,0.000399880035989203,0.0366889933020094,0,0,0,0,0.00249925022493252,0,0,0,0,9.99700089973008e-05,0.0130960711786464,0,0,0,0,0,0.000999700089973008,0.0133959812056383,0,0,0,0,0.00399880035989203,0,0.00939718084574628,0,0.00289913026092172,0.000499850044986504,0.000599820053983805,0,0.00869739078276517,0,0.000199940017994602,0,9.99700089973008e-05,0.0108967309807058,0.000299910026991902,0.000899730080975707,0,0.000499850044986504,0,0,0,0,0,0.0115965210436869,0,0.00119964010796761,0,0,0,0,0.000399880035989203,9.99700089973008e-05,9.99700089973008e-05,0.00129961011696491,0,0,0,0,0,0,0.000999700089973008,0.00799760071978406,0.0298910326901929,0,0,0,0,0,9.99700089973008e-05,0,0,0,0,0,9.99700089973008e-05,0.00539838048585424,0.00179946016195141,9.99700089973008e-05,0,0,0,0,0,9.99700089973008e-05,0,0.0107967609717085,0,9.99700089973008e-05,0,0.00319904028791363,9.99700089973008e-05,0,0,0.00149955013495951,0,0,0,0,0.000799760071978406,0,0.00199940017994602,0,0.00679796061181645,0.000599820053983805,0.00219934019794062,0,0,0,0,0,0,0,0.018294511646506,0,0.0214935519344197,0,0.00119964010796761,0.175247425772268,0,0,0,0,0,0.000999700089973008,0,0.000699790062981106,0,0,0,9.99700089973008e-05,0,0,0,0,0,0.000199940017994602,0,0,0.000699790062981106,0.00139958012596221,0.000399880035989203,0,0,0.000599820053983805,0,0,0.00269919024292712,9.99700089973008e-05,9.99700089973008e-05,0,0,0,0,0.000499850044986504,0,0.00149955013495951,0.00959712086374088,0,0.00319904028791363,0,9.99700089973008e-05,0,0,0.0857742677196841,0,0,0.0148955313405978,0,0,0,0,0,0.000199940017994602,0.00359892032390283,0,0,0,0,0.00399880035989203,9.99700089973008e-05,0.00199940017994602,0,0,0.00329901029691093,0
0,9.98801438274071e-05,0,0,0.00249700359568518,0,0.00129844186975629,9.98801438274071e-05,0,0,9.98801438274071e-05,0.000599280862964443,0,9.98801438274071e-05,0.00169796244506592,0,0.00249700359568518,0,0,0,9.98801438274071e-05,0.000399520575309628,0,0,0,0.107770675189772,0,0,0.00319616460247703,9.98801438274071e-05,0.00299640431482221,0,0,0.00109868158210148,0.000399520575309628,0,0.000898921294446664,0.0138833399920096,0.000299640431482221,0,0,0,0.000199760287654814,0.00339592489013184,0,0.0132840591290451,0.00878945265681183,0,0,0.000898921294446664,0.000299640431482221,0,0.000199760287654814,0,0.000399520575309628,0,0,0.000199760287654814,0.000199760287654814,0,0,0,0.000599280862964443,0,0.000199760287654814,0,0.00509388733519776,0,0,0.00379544546544147,0,0,0,0,0,0.000599280862964443,0,0,0,0.00069916100679185,0,0,0.00249700359568518,0,0.00199760287654814,0.000199760287654814,0,0,0,0.00239712345185777,0.0435477427087495,0,0.00069916100679185,0,0,0.000199760287654814,0,0,0.00729125049940072,0,0.00119856172592889,9.98801438274071e-05,9.98801438274071e-05,0,0,0,0,0.46264482620855,0.00289652417099481,0,0.00219736316420296,0.000499400719137036,0,0.00908909308829405,0,0,0.00189772273272074,0.000599280862964443,0.000499400719137036,0,0,0,0,0,0.00209748302037555,0,0.0013983220135837,0,0,0,0.000998801438274071,0.00449460647223332,0,0,0.00149820215741111,0,9.98801438274071e-05,0.000799041150619257,0.000199760287654814,0,0.00209748302037555,0.000399520575309628,0,0,0,0,0,0,0,0.00119856172592889,0.000499400719137036,0.00309628445864962,0,0,0,0,0,0,0.00309628445864962,0.00379544546544147,0,0,0,0,0,0.000199760287654814,0.000399520575309628,0,0,0.000399520575309628,0,0,0,0,0,0,0,9.98801438274071e-05,0.0123851378345985,0,0,0,0,9.98801438274071e-05,0,0,0,0,0.0041949660407511,0,0,0.00669196963643628,0.00169796244506592,0,0.0102876548142229,0.00199760287654814,0,9.98801438274071e-05,0,0,0,0,0,0,0,0.000799041150619257,9.98801438274071e-05,0,0.000299640431482221,0.00469436675988813,0,0,0,0.000199760287654814,0.000299640431482221,0,0.0027966440271674,0,0,0,0,0,9.98801438274071e-05,0,0,0,0.00529364762285258,0,0.00239712345185777,0,0,0,0.00149820215741111,0.0962844586496205,9.98801438274071e-05,0.000299640431482221,0,0,0.00129844186975629,0.00159808230123851,0,0.0116859768278066,0,0,0,0,0,0,0,0,0.00399520575309628,0,0.000399520575309628,0,0,0.00169796244506592,0,9.98801438274071e-05,0,0,9.98801438274071e-05,0,0,0.000199760287654814,0,0,0,0.00319616460247703,0.000599280862964443,0.0329604474630443,9.98801438274071e-05,0,0.0119856172592889,0.000199760287654814,0.000199760287654814,0,0,0,9.98801438274071e-05,0.0180783060327607,0,0,0.00349580503395925,0,0,0,0,0,0,0.000599280862964443,0,0,0,0,0.00289652417099481,0,0.000299640431482221,0,0,0.00179784258889333,0.00339592489013184
0,0,0,9.99200639488409e-05,0,0,9.99200639488409e-05,0.00119904076738609,0,0,0,0.000499600319744205,0.000199840127897682,0,0.000299760191846523,9.99200639488409e-05,0,0,0,0,0.000899280575539568,0,0,9.99200639488409e-05,0,0.0971223021582734,0,0,0.000999200639488409,9.99200639488409e-05,0.00109912070343725,0,0,0.000799360511590727,0,0,0.0016986410871303,0.00349720223820943,9.99200639488409e-05,0,0,0.000399680255795364,0.0117905675459632,0,0.00229816147082334,0.00269784172661871,0,0,0,0,0,9.99200639488409e-05,0.000199840127897682,0,0,0,9.99200639488409e-05,0,0,0,0,0,0,0,0,0,0.00179856115107914,0.000399680255795364,0.000399680255795364,0,0.000399680255795364,0,0,0,0,0,0,0.000199840127897682,0,0,0,0.000399680255795364,0.00249800159872102,0,0,0,9.99200639488409e-05,0,0.000199840127897682,0.00259792166266986,0,0.000899280575539568,0.0016986410871303,0,0,0.000199840127897682,0,0,0.000799360511590727,0,0,0,0,0,9.99200639488409e-05,0,0,0.0410671462829736,0,0,0.000799360511590727,0,0,9.99200639488409e-05,0,9.99200639488409e-05,0,0.000199840127897682,0.00339728217426059,0,0,0,0.00209832134292566,0.000499600319744205,0.00139888089528377,0,0,0,0,0,0,0.00759392486011191,0,0.000299760191846523,0,0,0.00669464428457234,0.000299760191846523,0.000299760191846523,0,0.00209832134292566,0.000399680255795364,0.00119904076738609,0,0,0,0,0,9.99200639488409e-05,0,0.00109912070343725,0,0.000299760191846523,0,0,0.00119904076738609,0,0,0,0.00139888089528377,0.000799360511590727,0.000599520383693046,0,0,0,0,0.000199840127897682,0.00239808153477218,0,0.000499600319744205,0,0,0,0,0,0,0.000799360511590727,0.000399680255795364,0.0038968824940048,0,0,0,0,0,0,0,0,0,0,0,0,0.00189848121502798,0.000799360511590727,0,0,0,0,0,0,0,0,0.00249800159872102,0,0,0,0.000399680255795364,0,0,0.000199840127897682,0.000899280575539568,0,0,0,0,9.99200639488409e-05,0.000499600319744205,0.0082933653077538,0,0.00269784172661871,0,0.00469624300559552,0,0,0,0,0,0,0,0.00139888089528377,0,0,0,0.00119904076738609,0.0354716227018385,0,0,0,0,0,0,0,0.0268784972022382,0,0,0,0,0,0,0,0,0,0,0,0,0,0,0.000199840127897682,0,0,0,0,0,0,0,9.99200639488409e-05,0,9.99200639488409e-05,0,0,0.666266986410871,0,0,0.00539568345323741,0,0.000299760191846523,0,0,0,0.000799360511590727,0.000299760191846523,9.99200639488409e-05,0,0.0060951239008793,0,0,0,0,0,0,0,0,0,0,0,0.00949240607513989,0,0.000399680255795364,0,0,0.00109912070343725,0
0,0,0,0.000399880035989203,0,0,0,0,0,0,0,0.000299910026991902,0,0,0.0308907327801659,0.000399880035989203,0,0,0,0,0,0,0,0.000299910026991902,0.000399880035989203,0.167249825052484,0,0,0.0220933719884035,0.00489853044086774,0.00609817054883535,9.99700089973008e-05,0.00229931020693792,0.00799760071978406,0,0,0,0.00499850044986504,0,0,0,0.000799760071978406,0,0,0.00219934019794062,0.00599820053983805,0,9.99700089973008e-05,0,0,0,0,0.000199940017994602,0,0.000699790062981106,0.000199940017994602,0,0,9.99700089973008e-05,9.99700089973008e-05,0,0,0,9.99700089973008e-05,0,0,0.0116964910526842,0.00159952014395681,0,0,0,0,0,0,0,0,0,0,0,0.000699790062981106,0,0.000199940017994602,0.0260921723482955,0,0,0,0,0,0.000299910026991902,0.000899730080975707,0,0.000499850044986504,0.0266919924022793,0,0,0.0146955913226032,0,0.000299910026991902,0.00269919024292712,0,0.00109967009897031,0,0,0,0.000199940017994602,0,0.00159952014395681,0.0370888733379986,0,0.00199940017994602,0.0114965510346896,0,0,0.00179946016195141,0,0,0,9.99700089973008e-05,0,0,0,0,0,0.000199940017994602,0.00389883035089473,0,0,0,0,0,0.0119964010796761,0.0139958012596221,0,9.99700089973008e-05,0,0,0.0260921723482955,0,0,0,0.000799760071978406,0.000299910026991902,0.000899730080975707,0,0,0,0.00139958012596221,0.00159952014395681,0,0,0.00129961011696491,0,0,0.000199940017994602,0,0,0,0,0.00939718084574628,0.00449865040487854,0,0,0.000899730080975707,0.00159952014395681,0,0,0.000399880035989203,0,0,0.0130960711786464,0,0,0.000299910026991902,0,0,0.000499850044986504,0.000699790062981106,0.00609817054883535,0.00549835049485154,9.99700089973008e-05,0,0,0,0,0,9.99700089973008e-05,0,0,0.000399880035989203,0,0,9.99700089973008e-05,0.000199940017994602,0,0.00149955013495951,0,0,0,0,0,0,0.0126961911426572,0,0.0257922623213036,9.99700089973008e-05,9.99700089973008e-05,0,0,0,0.00189943017094872,0,0,0.00189943017094872,0,0,0.00209937018894332,0.00289913026092172,0,0,0,0.0347895631310607,0.00109967009897031,0,0,0,0,0,0.000399880035989203,0.00459862041387584,0,0.00589823053084075,0,0,0.0401879436169149,0,0,0.000899730080975707,0,0.00159952014395681,9.99700089973008e-05,0,0.0300909727081875,0,9.99700089973008e-05,0,0,0,0.00499850044986504,0,0,0,0.000299910026991902,0.00189943017094872,0,0,0,0,0,0,0,0.000499850044986504,0,0,0.000199940017994602,0,0,0.00139958012596221,0,0,0.26851944416675,0.00639808057582725,0,0.0196940917724683,0,0.000599820053983805,0,0,0,0,0.00109967009897031,0,0,0.0104968509447166,0,0,0,0,0,0.000299910026991902,0.00199940017994602,0,0,0,0.000299910026991902,0.000499850044986504,0,0.000699790062981106,0.00259922023392982,0,0.00139958012596221,0
0,0,0,0.000199940017994602,0,0,0,0,0,0,9.99700089973008e-05,0.000499850044986504,0,0,0.000999700089973008,0.00419874037788663,0.00159952014395681,0,0.00439868039588124,9.99700089973008e-05,0,0.00389883035089473,0,9.99700089973008e-05,0.000399880035989203,0.0519844046785964,0,0,0.000599820053983805,9.99700089973008e-05,0,0,0,0.00709787063880836,0.000999700089973008,0,0.000799760071978406,0.0161951414575627,0.000299910026991902,0,9.99700089973008e-05,0.00189943017094872,0.0947715685294412,0,0,0.00199940017994602,0,0.000399880035989203,0,9.99700089973008e-05,9.99700089973008e-05,0.000999700089973008,0.000699790062981106,0,0.00759772068379486,0.000899730080975707,0,9.99700089973008e-05,0,0.0100969709087274,0,0.000399880035989203,0,0.00909727081875437,0,0,0.0229931020693792,0,0,0,0.00169949015295411,0,0,0.00159952014395681,0,0,0,0,0,0.00529841047685694,0,0.00599820053983805,0.00339898030590823,0,0.00989703089073278,0,0.0154953513945816,0,0.00189943017094872,0.00189943017094872,0,0.00179946016195141,0.0100969709087274,0,0.00569829051284615,0,0,0.00319904028791363,0.00359892032390283,0.000699790062981106,0.00229931020693792,0,0,0.00739778066580026,0.000599820053983805,0,0,0.0263920823752874,0.000499850044986504,0.00249925022493252,0.00399880035989203,0.0170948715385384,0,0,0,0,0,0.000299910026991902,0.00109967009897031,0.00509847045886234,0,0.00579826052184345,0,0,0.00199940017994602,0.000199940017994602,0.000199940017994602,0.00129961011696491,0,0,0.00309907027891633,0,0.0124962511246626,0.00119964010796761,0,0,0.000199940017994602,0.000299910026991902,0,0,0.000699790062981106,0.00119964010796761,0.00369889033290013,0,0.00119964010796761,0,0,0,0,0,0.000999700089973008,0,0,0,9.99700089973008e-05,0,0,0.000699790062981106,0.000799760071978406,0,0,0.00139958012596221,0.00169949015295411,0,0,9.99700089973008e-05,0.00659802059382185,0,0,0.0259922023392982,0.000399880035989203,0,0,0.00369889033290013,0,0,0.00129961011696491,0.00189943017094872,0.00509847045886234,0,0,0,0,0,0,0.00399880035989203,0,0.000199940017994602,0,0,0,0.0268919324202739,0.000199940017994602,0,0,0.000399880035989203,0,0,0,0,0.0133959812056383,0,0,0.051184644606618,0,0.00239928021593522,0,0,0,9.99700089973008e-05,0,0,0.00259922023392982,0.00119964010796761,0.00109967009897031,0.00119964010796761,0.0120963710886734,0.026592022393282,0.00529841047685694,0,0,0,0,0,0.000299910026991902,0,0.000299910026991902,0,0.00589823053084075,9.99700089973008e-05,0.0131960411876437,0.00159952014395681,0.00139958012596221,0.015295411376587,0.00179946016195141,0,0,0,0.00219934019794062,0,0,0.00169949015295411,0,0.000399880035989203,0,0,0,0,0,0,0,0.000199940017994602,0.00169949015295411,0,0.000999700089973008,0.000299910026991902,0.000199940017994602,0,0.000499850044986504,0.000499850044986504,0,0,0,0,0,0,0.00109967009897031,0,0,0.00189943017094872,0.00179946016195141,0.00599820053983805,0.0115965210436869,0,0,0,0,0,0.000499850044986504,0.237328801359592,0,0.0544836549035289,0.00669799060281915,0,0,0,0,0,0.00169949015295411,0,0,0,0,0,0,0,0.000299910026991902,0,0,0.00839748075577327,0
0,0,0,0.0016998300169983,0,0,0,0,0,0,0,0,0,0,0.0071992800719928,0,0,0,0,0,0,0.0032996700329967,0,0,0,0,0,0,0.0114988501149885,0.0287971202879712,0,0,0,0,0,0,0.0058994100589941,0,0,0,0,0,0,0,0,0,0,0,0.0030996900309969,0,0,0,0,0,0,0,0,0,0,0,0,0,0,0,0,0,0,0,0,0,0,0,0,0,0,0,0,0,0,0,0,0,0,0,0,0.0014998500149985,0.115188481151885,0,0,0,0,0.0016998300169983,0.00999900009999,0,0,0.183081691830817,0,0,0,0,0,0.0231976802319768,0,0,0,0,0,0,0,0,0,0,0,0.0003999600039996,0,0,0,0,0,0,0,0,0,0.0004999500049995,0,0,0.002999700029997,0,0,0,0,0,0,0,0,0,0.0588941105889411,0,0,0,0.0138986101389861,0,0,0,0,0,0,0,0,0,0,0,0,0.0021997800219978,0.0005999400059994,0,0,0.000999900009999,0,0,0,0,0,0,0,0.0005999400059994,0,0.0003999600039996,0,0,0,0,0,0,0,0.0045995400459954,0,0,0.0060993900609939,0,0,0,0,0,0,0,0,0,0,0,0,0,0,0,0,0,0,0,0,0,0,0,0,0.0010998900109989,0.106489351064894,0,0,0,0,0,0,0,0,0,0,0,0,0,0,0,0,0.0135986401359864,0,0,0,0,0,0,0,0,0,0,0,0.0080991900809919,0,0,0,0,0,0,0,0,0.0820917908209179,0,0,0.021997800219978,0,0,0,0,0,0.0071992800719928,0,0,0,0,0.0004999500049995,0,0,0,0,0,0,0,0,0,0,0,0,0.0935906409359064,0,0,0.102289771022898,0,0.0048995100489951,0,0,0,0,0,0,0,0,0,0,0,0,0.0004999500049995,0,0,0,0,0,0,0,0,0,0.0692930706929307,0,0,0
4e-04,0,0,0,0,0,9e-04,0,0,0,0,0,0,4e-04,2e-04,0,0,0,0,0,0,0.0016,0,6e-04,0,0.1882,0,0,2e-04,0,0.0061,0,0,0.0017,0,0,1e-04,0.0025,2e-04,0,0,0,2e-04,0,0,0,0,0,2e-04,0,0,0,0,0,0,0,2e-04,0,0,0.0291,0,0,0,0,0,0,0,9e-04,0,0,0,0,1e-04,0,0,0,0,1e-04,0,0.0125,0,0,0.0027,0,0,1e-04,8e-04,0,3e-04,0.0015,0,0.0036,0.0042,0,0,2e-04,0,0,0.0016,0,0,0.0015,0,0,1e-04,0,0,0.4082,0,0,0,0,0.0059,0,0,0,0,4e-04,0.0084,0,0,0,4e-04,1e-04,0,0,0,0,0,0,0,0,0,0,0,0,0.0105,5e-04,0,0,0.0011,0,0.0011,0,0,0,0,0,0,0.0016,5e-04,0,0,0,0,0,0,0,0,0,0,0,0,0.0098,0,0,0,0,0,0,9e-04,0,0,0,0,0,0,0,0.0408,0,0,0,0,0,0,0,0,0,0,0,0,9e-04,1e-04,8e-04,0,0,0,0,0,0,0,0,0,0,0.0801,0.0055,0,0,0,0.001,0,0,0,0,0,6e-04,0.0046,0,0.008,0,0,0.0078,0,0,0,0,0,0,0,0,0,0,0,0.0562,0,0,0,0,0,0,0,0.0095,0,0,0.0071,0.0186,0,0,0,0,0,0,0,0,5e-04,0,0,0,0,0,3e-04,0,0,0,0,0,0,0,0,0.0136,0,0,6e-04,0,0,0,0,0,3e-04,0.0067,0,0,8e-04,0,0,0,0,0,0,0,0,0,0,0,0.0013,0,0.0192,0,0,0.0027,0
0,0,0,0,0,0.00269892043182727,0.00579768092762895,0.00449820071971212,0,0,0.000499800079968013,0.000199920031987205,0,0.00469812075169932,0.0101959216313475,0.00209916033586565,0,0,0.00079968012794882,9.99600159936026e-05,0.00269892043182727,0.00249900039984006,0,0.00039984006397441,0.000299880047980808,9.99600159936026e-05,0,0,0.00299880047980808,0.00109956017592963,0.000499800079968013,0,0,0.00459816073570572,0,0,9.99600159936026e-05,0.00039984006397441,9.99600159936026e-05,9.99600159936026e-05,0,0.00109956017592963,0.0383846461415434,0.00319872051179528,0,0.00699720111955218,0,0.000299880047980808,0,0,0.000199920031987205,0,0.000199920031987205,9.99600159936026e-05,0.000499800079968013,9.99600159936026e-05,0,0.000499800079968013,0,0.000499800079968013,0,0.000899640143942423,0,0,0,0.00909636145541783,0.0146941223510596,0,0,0,0.00279888044782087,9.99600159936026e-05,0.000199920031987205,0.00119952019192323,0,0,0,0,0,0.00859656137544982,0,0,0.00219912035185926,0,0.00279888044782087,0,0.00249900039984006,0,0.00039984006397441,0.00109956017592963,0,0.000199920031987205,0.0609756097560976,0.00219912035185926,0,0.0164934026389444,0,0,0.00289884046381447,0,0,0,0,0,0.00199920031987205,0,0,0.264394242303079,0,0.000299880047980808,0.00259896041583367,0,0,0.00239904038384646,0,0.00169932027189124,0,0,0.00429828068772491,9.99600159936026e-05,0,0,0,0.000699720111955218,0.00209916033586565,0,0,0,0,0,0.00129948020791683,0.00949620151939224,0,0.000299880047980808,0.000699720111955218,0,0.000999600159936026,0,0,0,0.0598760495801679,0.000699720111955218,0.000999600159936026,0,0.0142942822870852,0,0.00189924030387845,0.00189924030387845,0.000199920031987205,0,0.00149940023990404,0.000899640143942423,0,0.000499800079968013,0,0,0,0,0,0.0110955617752899,0,0.000699720111955218,0.000899640143942423,0.000199920031987205,0,0,0.00079968012794882,0,0,0,0.00269892043182727,0,0,0,0,0,0.00149940023990404,0.015093962415034,0.00359856057576969,0,0,0,0,0,0.000699720111955218,0,0,0,0,0,0,0.000299880047980808,0.000299880047980808,0,0,0,0,9.99600159936026e-05,0,0,0,0,0,0,0,0.00239904038384646,0,0.000199920031987205,0,0.00039984006397441,0,9.99600159936026e-05,0,0.000599760095961615,9.99600159936026e-05,0.00079968012794882,0.00689724110355858,0.000699720111955218,0.0172930827668932,0.00079968012794882,0.0202918832467013,0,0,0,0,0,0,0,0.00639744102359056,0,0.0037984806077569,0.000999600159936026,0.000899640143942423,0.022890843662535,0,0,0.000599760095961615,0,0.000599760095961615,0,0.000299880047980808,0.00159936025589764,0,0,0,0,0,0,0,0.00139944022391044,0.104858056777289,0.000199920031987205,0.00039984006397441,9.99600159936026e-05,0.000499800079968013,0.000599760095961615,0.00229908036785286,0.000199920031987205,9.99600159936026e-05,0.00169932027189124,0,0,0.00039984006397441,0.000599760095961615,0.00299880047980808,0,0,0,0,0.0776689324270292,0,0.00279888044782087,0.00079968012794882,0,0.00169932027189124,0.000199920031987205,0,0.000199920031987205,0.000199920031987205,0.0533786485405838,0,0,0.00429828068772491,0,0,0,0,0,0.00139944022391044,0.00109956017592963,0,0,0,0,0.00359856057576969,0.00219912035185926,0.00169932027189124,0,0,0.000699720111955218,0
0,0,0,0,0,0,1e-04,0,0,0,0,0,0,0,0.0083,2e-04,0,0,0,0,0,6e-04,0,8e-04,0,0.215,0,0,0.0068,0,0.0712,0.0336,0,0,0,0,0,0.0148,0,0,0,0,0,0,0,0.0025,0,0,0,0,0,0,0,0,0,0,0,0,0,0,0,0,0,0,0,0.0094,0.0039,0,0,0.0122,0,0,0,0,0,0,0,0,0,0,0,0,0,0,0,4e-04,0.0013,0,0.0015,0,0,6e-04,0.0218,0,0,0.0052,0,0,0.0058,0,0,5e-04,0,0,0,0,0,0.0758,0,0.0028,0.0171,0,0,0,0,0,1e-04,0,0.0278,0,0,0,0,0.0019,0,0,0,0,0,0,0,6e-04,0,0,0,0,0,0,0.0175,0,0.0174,0,0,0,0,0,0.0085,0,0,0,0,0,0,0,0,1e-04,0,0,0,0,0,0,0,1e-04,0,0,0,0,0,7e-04,0,0,1e-04,0,0,0,0,0.0013,0,0,0,0,0,0,0,0,0,0,0,0,0,0.0078,0,0,0,1e-04,0,0,0,0,0,0,0,0,2e-04,0.0307,0,0,0,0,0,0,0,0,0,0,0,0,0,0,0,0.0039,0,0,0,0,0,0,0,0,0,0,0.002,0.0249,0,0,0,0,0,0,0,0.0022,0,0,0,0,0,0,0,0,0,0,0,0,0,0.018,0,0,0,1e-04,0,0,0,0,0,0,0,0,0,0.2884,0,0,0.0037,0,8e-04,0,0,0,5e-04,0.0255,0,0,0,0,0,0,0,0,0,0,0,0,0,0,0.0012,0,0,0,0,0.0017,0
0,0,0,0.0021995600879824,0,0,0,0.0266946610677864,0,0,0,0,0,0.0764847030593881,0,0.000399920015996801,0,0,0,0,0.0588882223555289,0,0,0,0,0.0181963607278544,0,0,0,0.0021995600879824,0,0,0,0,0,0,0,0.165866826634673,0,0,0,0,0,0,0,0,0,0,0,0,0,0,0,0,0,0,0,0.0010997800439912,0,0.0724855028994201,0,0,0,0,0,0,0.013497300539892,0,0,0,0,0,0,0,0,0,0,0,0,0,0,0,0.114777044591082,0,0,0,0,0,0,0,0,0.00429914017196561,0,0,0,0,0.0013997200559888,0,0,0,0,0,0,0,0,0,0,0.0820835832833433,0,0,0,0,0,0,0,0,0,0,0.0615876824635073,0.0015996800639872,0,0,0,0,0.00939812037592481,0,0,0,0,0,0,0,0,0,0,0,0,0,0,0.000499900019996001,0.0013997200559888,0,0,0.000599880023995201,0,0.0027994401119776,0.00359928014397121,0,0,0,0,0,0,0,0,0,0.0028994201159768,0,0,0,0.0002999400119976,0,0,0,0,0,0,0,0,0,0,0,0.000799840031993601,0,0,0,0,0,0.0355928814237153,0,0,0,0,0.0002999400119976,0.0025994801039792,0,9.99800039992002e-05,0,0,0,0,0.0370925814837033,0,0,0,0,0,0,0,0,0,0,0,0,0,0.00719856028794241,0,0,0,0,0,0,0.000999800039992002,0,0,0,0,0,0,0,0.00849830033993201,0.00889822035592881,0,0,0,0,0,0,0,0,0,0,0,0.109878024395121,0.0021995600879824,0,0,0,0,0.001999600079984,0,0,0,0,0,0,0,0,0,0,0,0,0,0,0,0.00469906018796241,0.0017996400719856,0,0,0.0125974805038992,0.0013997200559888,0,0,0,0,0,0,0,0.00359928014397121,0.0002999400119976,0.0026994601079784,0,0.0115976804639072,0,0,0,0,0,0,0,0,0,0,0,0,0,0,0,0.0196960607878424,0,0,0,0,0,0,0,0,0,0.0001999600079984,0,0
0,0,0,0,0,0,9.99700089973008e-05,0,0,0,0,0,0,0.00229931020693792,0.000399880035989203,0.00249925022493252,0.00259922023392982,0,0,0,0,0.00389883035089473,0,0.000599820053983805,0,0.201939418174548,0,0,0.000799760071978406,0.00719784064780566,0.0502849145256423,0,0,0.0194941517544737,0,0,0.00119964010796761,0.00569829051284615,0,0,9.99700089973008e-05,0,0.000299910026991902,0,0,0.0111966410076977,0,0,0,0,0,0,0,0,0,0,0,0,0,0,0,0,9.99700089973008e-05,0,0,0,0.00159952014395681,0,0,0,0,0,0,0.00239928021593522,0,0,0,0,0,0,0,0,0.00349895031490553,0,0.00879736079176247,0,0.000999700089973008,0.00229931020693792,0.000199940017994602,0.00229931020693792,0,9.99700089973008e-05,0.00859742077376787,0,0,0.000599820053983805,0,0,0.00369889033290013,0,0,0,0,0,0.000299910026991902,0,0.02259322203339,0.0293911826452064,0,0,0.00789763071078676,0,0,0.000899730080975707,0,0,0,0,0.00759772068379486,0,0,0,0,9.99700089973008e-05,0.0203938818354494,0,0,0,0,0,0.00139958012596221,0.00369889033290013,0,0,0,0,0.0342897130860742,0,0,0,0,0.000399880035989203,0.00219934019794062,0,0,0,0,0,0,0,0.00179946016195141,0,0,0,0.00499850044986504,0,0,0,0.000999700089973008,0.00389883035089473,0,0,0,0.0167949615115465,0,0,0,0,0,0,0,0,9.99700089973008e-05,0,0,0,0,0,0.0335899230230931,0,0,0,0.00269919024292712,0,0,0.00239928021593522,0,0,0,0,0,0.000699790062981106,9.99700089973008e-05,0,0,0,0.000299910026991902,0,0,0,0,0,0,0,0,0,0,0,0,9.99700089973008e-05,0,0,0,0,0,0,0.0220933719884035,0,0,0,0,0.00239928021593522,0,0,0,9.99700089973008e-05,0,0,0.00549835049485154,0,0.0641807457762671,0,0.00149955013495951,0.118964310706788,0,0,0,0,0.00109967009897031,0,0,0.00329901029691093,0,0,0,0,0,0,0,0,0,0.000199940017994602,0,9.99700089973008e-05,0,0,0,0,0,0,0,0,0,0,0,0,0,0,0,0.0317904628611417,0,0,0.0139958012596221,0.000499850044986504,9.99700089973008e-05,0,0,0,0.00129961011696491,0.147755673298011,0,9.99700089973008e-05,0.00789763071078676,0,0,0,0,9.99700089973008e-05,0,0,0,0,0,0,0,0,0.0261921423572928,0,0,0.00539838048585424,0
0,0,0,0.00109956017592963,0,0,0.00359856057576969,0.00189924030387845,0,0,0,0,0,0.0133946421431427,0.0163934426229508,0,0,0,0,0,0,0,9.99600159936026e-05,0.000599760095961615,0,0.232906837265094,0,0,0,0,0,0,0,0.0125949620151939,0,0,0,0,0,0,9.99600159936026e-05,0,0,0.00939624150339864,0,0.210715713714514,0,9.99600159936026e-05,0,0.000199920031987205,0,0,0,0,0,0,0,0,0,9.99600159936026e-05,0,0.000299880047980808,0,0,0,0,0,0,0.000299880047980808,0,0.00129948020791683,0,0,0.000599760095961615,0,0,0,0,0,0.000999600159936026,0,0,0,0,0.00529788084766094,0,0,0,9.99600159936026e-05,0,0,0.00509796081567373,0.00309876049580168,0,0,0,0,0,0,0,0,0.000899640143942423,0,0,0,0,0.0186925229908037,0.00729708116753299,0,0,9.99600159936026e-05,0.00119952019192323,0,0,0,0,0,0,0.00229908036785286,0,0.000499800079968013,0,0,0,0,0,0.000299880047980808,0,9.99600159936026e-05,0,0,0.0121951219512195,0,0,0,0,0.0615753698520592,0,0,0,0,9.99600159936026e-05,0,0,0,0,0,0,9.99600159936026e-05,0,0,0.000199920031987205,0,0,0,0,0,0.000299880047980808,0,0.0297880847660936,0,0,0,0.0816673330667733,0.00039984006397441,0,0,0,0,0,0,0,9.99600159936026e-05,0,0,0,0,0.000999600159936026,0.0117952818872451,0,0,0,0.00299880047980808,0,0,0,0,0,0,0,0,0.00339864054378249,0,0,0,0,0,0,0,0.0314874050379848,0,0,0,0.00219912035185926,9.99600159936026e-05,0,0,0,9.99600159936026e-05,0.000599760095961615,0,0,0,0,0,0,0,0,0,0.00079968012794882,0.00339864054378249,0.00039984006397441,0,0,0.000199920031987205,9.99600159936026e-05,0,0,0.00249900039984006,0,0.00849660135945622,0,0,0.0416833266693323,0,0,0,0,0,0,0,0,0.00149940023990404,0,0,0,0,0,0,0,0.0205917632946821,0,0,0,0,0,0.00039984006397441,0,0,0,0,0,0,0,9.99600159936026e-05,0,0,0,0,9.99600159936026e-05,0,0,0.00529788084766094,0.00079968012794882,0.000499800079968013,0,0,0,0,0.112854858056777,0,0,0,0,0,0.000999600159936026,0,0,0,0,0,0,0,0,0,0,0,0,0,0.00749700119952019,0
0,0,0,0,0,0,0,0,0,0,0,0,0,0,0.00229908036785286,0.00369852059176329,0,0,0,0,0,0,0,0.00129948020791683,0,0.21031587365054,0,0,0.00189924030387845,0.00209916033586565,0.0204918032786885,0,0,0,0,0,0.0037984806077569,0,0,0,9.99600159936026e-05,0,0,0,0,0.00619752099160336,0,0,0,0,0.000599760095961615,0,0,0,0,0,0,0,0,0,0,0,0,0,0,0,0.00259896041583367,0,0.00179928028788485,0.0102958816473411,0.000699720111955218,0,0,0,0,0,0,0,0,0,0,0,0,0,0,0.00219912035185926,0,0,0.00179928028788485,0,0.122850859656138,0,0.0510795681727309,0,0,0.0447820871651339,0,0,0,0,0,0.000699720111955218,0,0,0,0,0,0.040483806477409,0,0,0.00179928028788485,0,0,0.000899640143942423,0,0,0,0,0.00109956017592963,0,0,0,0,0.000699720111955218,0.0421831267493003,0,0,0,0,0,0,0,0,0,0,0,0.00569772091163535,0,0.000999600159936026,0,0.000199920031987205,0,0.00109956017592963,0,0,0,0,0,0,0,0,0,0,9.99600159936026e-05,0,0.000499800079968013,0,0,0,0,0,0.000699720111955218,0,0,0,0,0,0,0,0.00659736105557777,0,0,9.99600159936026e-05,0,0,0,0.00189924030387845,0.00109956017592963,0.0207916833266693,0,0,0,0,0,0,0.00039984006397441,0,0,0,0,0,0.00209916033586565,0.000199920031987205,0,0,0,0,0,0,0,0,0.0250899640143942,0,0.00849660135945622,0.00419832067173131,0.00189924030387845,0,0,9.99600159936026e-05,0.000199920031987205,0,0,0,0,0,0.00109956017592963,0,0,0.0190923630547781,0,0.0079968012794882,9.99600159936026e-05,0,0,0,0,0,0,0,0,0,0,0.00269892043182727,0.0281887245101959,0,0,0,0,0.00219912035185926,0,0,0.00209916033586565,0,0,0.000199920031987205,0,0,0,0,0,0,0,0,0,0.00079968012794882,0.00519792083166733,0.00039984006397441,0,0,0,0,0,0,0,0.00539784086365454,0,0,0,0,0.0533786485405838,0,0,0.0153938424630148,0,0.00179928028788485,0,0,0,0.00139944022391044,0.15593762495002,0,0,0.0147940823670532,0,0,0,0,9.99600159936026e-05,0,0,0,0,0,0,0.0144942023190724,0,0,0,0,0.00599760095961615,0
0,0,0,0,0,0,0,0,0,0,9.99800039992002e-05,0,0,0.0556888622275545,0.000499900019996001,0.00599880023995201,0.00759848030393921,0,0,0,0,0.00739852029594081,0,0,0,0.146370725854829,0,0,0.0001999600079984,9.99800039992002e-05,0.00679864027194561,0,0,0.00779844031193761,0,0,0.000499900019996001,0,0.0002999400119976,0,0,0.000399920015996801,0.0485902819436113,0,0,0,0,0,0,0,0,0.0001999600079984,0,0,0,0,0,9.99800039992002e-05,0,0.0343931213757249,0,0,0,0,0,0,0,0.0001999600079984,0,0,0,0,0,0,0,0,0,0,0,0.0431913617276545,0,0.0020995800839832,0,0,0,0.000399920015996801,0,0,0,0,0,0,0.002999400119976,0,0,0,0,0,0,0,0,0,0,0,0,0,0,0.196960607878424,0,0,0.0023995200959808,0,0,0.0125974805038992,0,0,0,0,0.0022995400919816,0,0,0,0,0,0.018496300739852,0,0,0,0,0,0.00529894021195761,0.017996400719856,0.0010997800439912,0,0,0,0.0002999400119976,0,0.0112977404519096,0.0002999400119976,0.0131973605278944,0,0.0017996400719856,0,0,0,0.0031993601279744,0,0,0.0017996400719856,0,0,0,0,0,0,0,0,0,0.00689862027594481,0,0.000599880023995201,0,0,0,0,0.0012997400519896,9.99800039992002e-05,0,0,0.0002999400119976,0,9.99800039992002e-05,0,0,0,0.0011997600479904,0.0011997600479904,0.0286942611477704,0,0,0.0018996200759848,0,0,0,0,0,0,0,0,0.000599880023995201,0.0250949810037992,0,9.99800039992002e-05,0,0,0,0,0,0,0,0,0,0.0121975604879024,0.0160967806438712,0.00429914017196561,0,0,9.99800039992002e-05,9.99800039992002e-05,0,0,0,0,9.99800039992002e-05,0,0.00379924015196961,0,0.0012997400519896,0,0,9.99800039992002e-05,0,0,0,0,0,0,0.00409918016396721,0,0,0,0.000599880023995201,0.0211957608478304,0,0,0,0,0.0010997800439912,0.001999600079984,0,0.000799840031993601,0,0,0.000399920015996801,9.99800039992002e-05,0,0,0,0,0,0,0,0,0,0,0,0,0,0.0015996800639872,0,0,0,0.0001999600079984,0,0,0,0,0,0.00729854029194161,0,0,0.000999800039992002,0,0,0,0,0,0.0001999600079984,0.133573285342931,0,0,0.0386922615476905,0,0,0,0,0,0.00829834033193361,0.00249950009998,0,0,0,0,0,0,0.00609878024395121,0,0,0.0030993801239752,0
0,0,0,0,0,0,0.0013998600139986,0,0,0,0.0005999400059994,0,0,0,0,0,0,0,9.99900009999e-05,0,0,0.0144985501449855,0,0,0,0,0,0,0,0.0056994300569943,0.0288971102889711,0.0021997800219978,0,0,0,0,0,0.0027997200279972,0,0,0,0,0,0,0,0.0504949505049495,0,0,0,0,0.0001999800019998,0,0.0005999400059994,0,0,0.0004999500049995,0,0,0,0.004999500049995,0.0001999800019998,0,0,0,0,0,0,0,0,0,0,9.99900009999e-05,0,0,0,0.0437956204379562,0.0001999800019998,0,0,0.0002999700029997,0,0,0.0685931406859314,0,0,0,0,0,0,0,0,0,0,0,0,0,0,0,0,0,0,0,0,0,0,0,0,0,0,0,0,0.0171982801719828,0,0,0,0,0,0,0.0242975702429757,9.99900009999e-05,0,0,0,0,0.352964703529647,0,0,0,0.0004999500049995,0,0,0,0,0,0,0,0,0,0.0001999800019998,0,0.0016998300169983,9.99900009999e-05,0,0,0,0,0.0003999600039996,0,0,0,0,0,0,0,0,0,0,0,0,0,0,0,0,0,0,0,0.0001999800019998,0,0,0,0,0,0.0001999800019998,0,0,0,0.000999900009999,0,0,0.0003999600039996,0,0,0,0.0004999500049995,0.0017998200179982,0,0,0,0,0,0,0.0494950504949505,9.99900009999e-05,0,0,0,0,0,0,0.0002999700029997,0,0,0,0.0034996500349965,0,0.0143985601439856,0.0016998300169983,0,0,9.99900009999e-05,0.0010998900109989,0,0,0,0.0356964303569643,0,0,0,0.0250974902509749,0,0.0138986101389861,0,0,0,0,0,0,0,0,0,0,0,0,0,0,0,0.0005999400059994,0,0,0,0,0,0,0,0,0,0,0,0,0,0,0,0.0037996200379962,9.99900009999e-05,0,0.0077992200779922,0,0,0,0,0,0,0,0.0001999800019998,0,0,0,0,0,0.0005999400059994,0.0001999800019998,0,0,0.001999800019998,0,0,0,0,0,0,9.99900009999e-05,0,0.203479652034797,0,0,0,0,0,0,0.0073992600739926,0,0,0,0,0,0,0.0005999400059994,0,0,0,0
0,0,0,0,0,0,9.99500249875062e-05,0,0,0,9.99500249875062e-05,0.000199900049975012,0,0,0.00169915042478761,0,0.00109945027486257,0.000299850074962519,0.00079960019990005,0,0.000299850074962519,0.0015992003998001,0,0,0.000499750124937531,0.457271364317841,0,0,0,0,0,0.03968015992004,0,0.00389805097451274,0.00079960019990005,0.000299850074962519,0.000199900049975012,0.00859570214892554,0,0,0,0.00559720139930035,0.0996501749125437,0.000199900049975012,0,0.00839580209895052,0,0.000899550224887556,0,0,0,0.00939530234882559,0,0,0,0,0,0,0.00219890054972514,0.000699650174912544,0,0.0115942028985507,0,0,0.0196901549225387,0.000499750124937531,0.00189905047476262,0,0.000299850074962519,0,0.00269865067466267,0,0,0.000699650174912544,0.0031984007996002,0,0,0,0,9.99500249875062e-05,0.00119940029985007,0.00439780109945028,0,0.000499750124937531,0.00649675162418791,0,0,0,0,0.00369815092453773,0,0,0.00079960019990005,0,0.00409795102448776,0.000199900049975012,0,0,0.00139930034982509,0,0.00169915042478761,0.00309845077461269,0,0,0.000199900049975012,0.00179910044977511,0.00879560219890055,0.00149925037481259,0.000599700149925037,0.00229885057471264,0.00129935032483758,0.00259870064967516,0,0.000199900049975012,0.000199900049975012,0,0,0,0.00749625187406297,0,0,0,0.00299850074962519,0,0.00149925037481259,0.00499750124937531,0,9.99500249875062e-05,0.000199900049975012,0.00369815092453773,0.000899550224887556,0.0125937031484258,0,0,0,0,0,0,0.00109945027486257,0.000199900049975012,0.00109945027486257,0,0.000999500249875062,0,0.000399800099950025,0,0.000699650174912544,0,0,0,0.00139930034982509,0.000399800099950025,0,0,0,0,0,0,0,0.00269865067466267,0,0,0.000199900049975012,0,0,0,0,0,0,0,0,0,0.000999500249875062,0.00269865067466267,0,0,0.00149925037481259,0.00409795102448776,9.99500249875062e-05,0,0.00569715142428786,0.000299850074962519,0,0,0.000199900049975012,0.00239880059970015,0.000399800099950025,0,0.000499750124937531,0,0,0.00909545227386307,0,0,0.0139930034982509,0,0,0,0,0,0.00199900049975012,0.00139930034982509,0,0,0,0.00269865067466267,0,0,0,0,0,0.0106946526736632,0.00339830084957521,0,0.00119940029985007,0,9.99500249875062e-05,0,0,0.000399800099950025,0,9.99500249875062e-05,0,0.00919540229885057,0,9.99500249875062e-05,0.000199900049975012,0,0.000199900049975012,0.000699650174912544,0.0015992003998001,0,0,0.00499750124937531,0,0,0,0,0,0,0,0.0158920539730135,0,0.00229885057471264,0,0,0,0,0.000499750124937531,0,0.000199900049975012,0.000699650174912544,0.000299850074962519,0,0,0,0.0213893053473263,0,0.000199900049975012,0.000599700149925037,9.99500249875062e-05,0.000499750124937531,0,0.000299850074962519,0,0,0.00109945027486257,0.00549725137431284,0,0.00119940029985007,0,9.99500249875062e-05,0.00679660169915042,0,0,0,0,0,0.000499750124937531,0.0150924537731134,0,0,0.0306846576711644,0,0,0,0,0,0.00349825087456272,0.00359820089955022,0.00559720139930035,0,0,0.000699650174912544,0.000299850074962519,0.000399800099950025,0,0.0015992003998001,0,0.023488255872064,0
0,0,0,0,0,0,0.0001999600079984,0.001499700059988,0,0,0,0,0,0,0.00589882023595281,0,0,9.99800039992002e-05,0,0,0,0.00479904019196161,0,0.000599880023995201,0,0.374425114977005,0,0,0.0020995800839832,0.0021995600879824,0,0,0,0.00929814037192562,0,0,0.0013997200559888,0,0,0,0,0,0,0,0,0.0026994601079784,0,0,0,0,9.99800039992002e-05,0,0,0,0.00649870025994801,0,9.99800039992002e-05,0,0,0.00909818036392721,0,0,0,0,0,0,0.0137972405518896,0,0.000399920015996801,0,0.00679864027194561,0,0.0001999600079984,0,0,0,9.99800039992002e-05,0,0,0.0016996600679864,0,0.000899820035992801,9.99800039992002e-05,0,0,0,0.0002999400119976,0,0,0,0,0.000999800039992002,0.0002999400119976,0,0,0,0,0,0,0,0,0.0002999400119976,0,0,0,0,0,0.00819836032793441,0,0,0,0,0,0.001999600079984,0.0001999600079984,9.99800039992002e-05,0,0,0.0201959608078384,0,0,0,0,0.0001999600079984,0.00429914017196561,0,0,0,0.0001999600079984,0,0,0,0,0,0,0,0.122075584883023,0,9.99800039992002e-05,0,0.0012997400519896,0,0,0,0,0,0,0,0,0,0,0,0,9.99800039992002e-05,0,0,0,0,0,0.0030993801239752,0,0,0,0,0,0,0,0,0,0,0,0,0,0.0013997200559888,0,0,0.000499900019996001,0.0161967606478704,0,9.99800039992002e-05,0,0.000399920015996801,0,0,0,0,0,0,0,0,0,0.000699860027994401,0.0001999600079984,0,0,0,0,0,0,0,0,0,0,0,0,0.0002999400119976,0.0001999600079984,0,0.0001999600079984,0.0001999600079984,9.99800039992002e-05,0,0,0,0.000899820035992801,0,0.00729854029194161,0.016496700659868,0.0110977804439112,0,0.025994801039792,0.0023995200959808,0,0,0,0,0,0,0.00559888022395521,0,0,0,0,0.0319936012797441,0,0,0,0,0,0,0,0,0,0,9.99800039992002e-05,0.0027994401119776,0,0,0,0,0,0,0,0,0.0001999600079984,0.000699860027994401,0,0,0,0.000499900019996001,0,0,0,0.0011997600479904,0,0,0,0,0,0,0,0,0.00519896020795841,0,9.99800039992002e-05,0,0,0,0,0.218556288742252,0,0,0.00399920015996801,0,0,0,0.0012997400519896,9.99800039992002e-05,0,0,0,0,0,0,0.00719856028794241,0,0.00439912017596481,0,0,0.0223955208958208,0
0,0,0,0,0.0043004300430043,0,0,0.0082008200820082,0,0.0001000100010001,0,0,0.0005000500050005,0,0.0001000100010001,0,0,0,0,0,0.0116011601160116,0.0018001800180018,0,0.0006000600060006,0,0.122412241224122,0,0,0.001000100010001,0,0.0003000300030003,0,0,0.0032003200320032,0,0,0.0096009600960096,0.0142014201420142,0,0,0.0002000200020002,0,0,0.0126012601260126,0,0.0009000900090009,0,0,0,0,0.0026002600260026,0.0005000500050005,0,0,0.0004000400040004,0,0,0.0001000100010001,0,0.0663066306630663,0,0,0,0,0,0,0.004000400040004,0,0,0.0056005600560056,0,0,0,0,0,0,0,0,0,0,0,0.0051005100510051,0.0433043304330433,0.0001000100010001,0.0014001400140014,0,0.0004000400040004,0,0,0,0,0.001000100010001,0,0,0.0016001600160016,0,0,0,0,0,0,0,0,0,0,0.0004000400040004,0.0006000600060006,0.0723072307230723,0,0,0,0,0,0.0052005200520052,0.0006000600060006,0.0001000100010001,0,0,0.0071007100710071,0,0.0006000600060006,0.0053005300530053,0,0,0.0037003700370037,0.0032003200320032,0,0.0277027702770277,0,0,0.0018001800180018,0,0.0136013601360136,0.0012001200120012,0,0,0.0016001600160016,0,0,0,0.0001000100010001,0,0,0,0.001000100010001,0,0.0015001500150015,0.0004000400040004,0,0.0053005300530053,0.0015001500150015,0.0004000400040004,0,0.0006000600060006,0,0,0,0,0.0029002900290029,0.0121012101210121,0,0,0,0.0002000200020002,0,0,0,0.0003000300030003,0,0,0,0,0,0,0,0,0.0007000700070007,0,0.056005600560056,0.0052005200520052,0.0007000700070007,0,0,0,0.0007000700070007,0,0,0,0,0,0,0.0024002400240024,0.0001000100010001,0.0007000700070007,0,0,0,0,0,0,0,0,0.0485048504850485,0.0007000700070007,0,0.0053005300530053,0.0001000100010001,0,0,0.0001000100010001,0.0007000700070007,0,0.0024002400240024,0,0,0,0.013001300130013,0.0151015101510151,0,0.0009000900090009,0,0.0028002800280028,0,0,0,0,0.0695069506950695,0,0.0044004400440044,0.001000100010001,0.0411041104110411,0.0001000100010001,0,0.0058005800580058,0,0,0,0,0,0.0003000300030003,0,0,0,0.0032003200320032,0,0,0,0,0,0,0.0007000700070007,0.0009000900090009,0,0,0,0.0002000200020002,0,0,0,0,0.0004000400040004,0,0,0.0002000200020002,0,0,0,0,0,0.0121012101210121,0,0,0.0021002100210021,0,0.0002000200020002,0,0,0,0,0.162916291629163,0,0,0.027002700270027,0,0,0,0,0,0.0034003400340034,0.0024002400240024,0,0,0,0,0,0,0.0007000700070007,0.0097009700970097,0,0.0002000200020002,0
0,0,0,0,0,0.0024,1e-04,0.0035,0,0,0,5e-04,1e-04,0,0.0044,0,0.0037,0,0,4e-04,0,0,0,9e-04,0,0.0093,0,0,0.0059,0.009,0.2375,0,0,0.0032,0,0,7e-04,0.0051,4e-04,0,1e-04,0.0041,0,0,0,0.0118,0,0,0,1e-04,0,3e-04,0,0,0,0,0,3e-04,0,2e-04,0,0,0,0,0,0,0.0022,3e-04,0,0,0,0,0,0,0,0.0112,0,0,0,0,0,0,0.0144,0,0,0,0,0,4e-04,0.0083,0,0.0037,0.002,0,0,2e-04,0,0,0,0,0,0,0,0,0,0,0.0095,0.0808,0,0,0.0034,0,0,0.0106,0,0,0.0083,3e-04,0.0038,0,0,0,0,0.0026,0.0222,0,0,0.0016,0,0,0.0184,0.0175,0,1e-04,0,0,0.007,0,0.0011,0,3e-04,5e-04,0.0014,0,0,0,0,0,0,0.0028,2e-04,0.0079,0,0,0,0,0,0,0,0,0,0.001,0,2e-04,2e-04,0,6e-04,0,0,0,1e-04,0,0,0,0,0,0.0015,0,0.0066,0,0,0,0,0,1e-04,0.0031,0,0,0,0.0035,0,0,1e-04,0,0,0,0,0,0,0.0079,0,0,0,0,0,5e-04,1e-04,0.0012,0,0.0021,0,0,0,0,0,0,0.0018,0,2e-04,0,0.0041,0,0,0,0,0,0,0,0,0,0.0038,0,0.0021,3e-04,0,0,0,0,0.0016,0,0,0.0156,0,0,0,0,0,1e-04,4e-04,0,0,1e-04,0,0,0,1e-04,0,0,0,0,0,0,0,0,3e-04,0,0,0,0,0.0623,0,0,0.0461,0,2e-04,0,0,0,1e-04,0.2777,0,0,0,0,0,0,0,3e-04,0,0,0,0,0,0,0.0066,0,2e-04,0,0,2e-04,0
0,0,9.99600159936026e-05,9.99600159936026e-05,0,0,0,0,0,0,9.99600159936026e-05,0,0,0,0.00079968012794882,0.00219912035185926,0.00329868052778888,0,0,0,0,0.00189924030387845,0,0,0,0.122151139544182,0,0,0.00149940023990404,0,0,0,0,0,0,0,0,0,0,0,0,0,0,0,0,0,0,0,0,0,0,0,0,0,0,0,0,0,0,0,0,0,0,0.000499800079968013,0,0,0,0,0,0,0,0,0,0,0,0,0,0,0,0,0,0,0,0,0,0,0,0,0,0,0,0,0,0,0,0,0.000599760095961615,0,0,0,0,0.00949620151939224,0,0,0,0,0,0.214014394242303,0,0,0,0,0,0,0,0,0,0,0,0,0,0,0,0.00259896041583367,0.00079968012794882,0,0,0,0,0,0,0,0,0,0,0,0,0,0,0,0,9.99600159936026e-05,0,0.000199920031987205,0,0,0.00419832067173131,0,0,0,0,0,0,0,0,9.99600159936026e-05,0.00219912035185926,0,0,0,9.99600159936026e-05,0,0,0,0,0,0,0,0,0,0,0.00109956017592963,0.307077169132347,0,0,0,0,0,0,0,0,0,0,0,0,0,0,0,0,0,0,0.00569772091163535,9.99600159936026e-05,0,0,0,0,0,9.99600159936026e-05,0,0,0,0,0,0.0256897241103559,0.0154938024790084,0,0,0,0,0,0,0,0,0,0,0,0,0,0,0.00219912035185926,0,0,0,0,0,0,0,0,0,0,0,0,0.132447021191523,0,0,0,0,0,0.00489804078368653,0,0,0,0,0.00039984006397441,0,0,0,0,0,0,0,0,0,0,0,0.00109956017592963,0,0,0,0,0,0,0,9.99600159936026e-05,0,0,0,0,0.116953218712515,0,0,0,0,0,0,0,0,0,0,0,0,0.00579768092762895,0,0,0,0,0,0,0.00599760095961615,0,0,0,0,0,0,0.000499800079968013,0,0,0.00729708116753299,0
0,0,0,0,0,0,1e-04,0,0,0,0,0,0,0,0,0,1e-04,0,0,0,0.0082,4e-04,0,2e-04,0,8e-04,0,0,0.0015,0,0,0,0,9e-04,0,0,0,0,0,0,0,0,0,0,0,0.22,0,0,0,0,0,0,0,0,0,0,0,0,0,0,0,0,1e-04,0,0.0191,0.0013,0,0,0,0.0038,0,0,0,0.0027,0,0,0,0,0,0.0227,0,0,0,0,0,0,0,0,0,0.0053,0.0118,0,0,0,0,0,0,0,0,0,0,0,0,0,0,0,0,0.1031,0.0031,0,0,0,0,0,0,0,0,0,0.0132,0,0,0,0,0,0.002,0,0,0,0,0,0.0131,0.08,0,0,0,0,0,0,0,0,0,0,0,0,0,0,0,1e-04,0,1e-04,0.0053,0,0,0,0,0,0,0,0.0231,0,0,0,0,0.0708,0,0,0,0,0,0,7e-04,1e-04,0,0,0,0,0,0,0,0,4e-04,0,0,5e-04,0.0027,0,0,0,0,0,0,0.0051,0,1e-04,0,0,0,0,0,0,0,0,0,0,0,0.001,0,0,0,4e-04,0,0,0.0025,1e-04,0,0,0,0,0,0.0012,0,0,0,0,0,0,0,0,0,0,0,0,0,5e-04,0,0,0,0,0,0,0,0,0,0,0,0.0016,0,9e-04,0,0,0.0043,0,0,0,0,0,0,0,0,0,0,0,0,0,0,0,0,0,0,0,0,0.0111,0.0055,0,0,0,0,0,0,0.2667,0,0,0.0679,0,0,0,0,6e-04,0,0,0,0,0,0,5e-04,0,0,0,0,0.0038,0.0089
0,0,0,0,0,0,0,0,0,0,0,0,0,0,9e-04,0,0,1e-04,0,0,0,0.0056,0,0.0017,0,0.0741,0,0,0.0066,0,0.0878,0,0,0.0287,0,0,0,0,0,0,0,0,0,0,0,0.0251,0,0,0,0,0,0,0,0,0.0096,0,0,0,0,0.0244,0,0,0,0,1e-04,0,0,0,0,0,0.0018,0,0,0,0,0,0,0,0,0.0093,1e-04,0,0.0151,1e-04,0,0,1e-04,0,0,0.0054,0,0,0,0,9e-04,6e-04,0,0,0,0,0,0.0039,0,0,0,0,0,0.0617,0.0015,0.0031,0,0,0,0,0,0,0,0,0.0087,0,0,0,0,0,0.071,2e-04,0,0,0,0,0.0025,0,0,0,0,0,0.0022,0,0,0,0,0,0,0,0,0,0.0012,0,0,0,0.0021,0,0,1e-04,0,0,0,0,0.0132,0,0,0,0,0,0,0,0,0,0,0,6e-04,0,0,0,0,0,0,0,0.0547,0,0,0,0,0,0.0024,0,0,0,0,0,0,0,0,0,0,0,0,0,0,0,0,0,0,5e-04,0,0.0064,8e-04,0,0,0.0017,0,0,0.0015,0,0,0,0,5e-04,0,0.0026,0,0.0047,0,5e-04,0,3e-04,0,0,0.0078,1e-04,0.0207,0,0,0.0591,0,0,0,2e-04,0,0,0,0,0,0,0,1e-04,0,0,0,0,0,3e-04,0,0,0,0.0287,0,0,0,0,1e-04,0,0,4e-04,0,0,0,0,9e-04,0.1273,0,0.0046,0.0217,0,0,0,0,0,0,0.044,0,0,0.0929,0,0,0,0,0,0.0027,0.0023,0,0,0,0,0.0266,0,0,0,0,0.0128,0
0,9.99500249875062e-05,0.000199900049975012,0,0.000399800099950025,9.99500249875062e-05,0.00629685157421289,0,0,0,0.0015992003998001,0,9.99500249875062e-05,0,0.000199900049975012,0,0,0,0.000199900049975012,0.000299850074962519,0,0,0,9.99500249875062e-05,0,9.99500249875062e-05,0,0,9.99500249875062e-05,0.000699650174912544,0.122138930534733,0,0,0.00219890054972514,0,0,0,0.00609695152423788,0,9.99500249875062e-05,9.99500249875062e-05,0.000399800099950025,0,0,0,0.000199900049975012,0,0.000199900049975012,0,0.000199900049975012,9.99500249875062e-05,0,0,0,0.00769615192403798,0,0,0,0,0.0493753123438281,0.000499750124937531,0,0,0,0,0.000199900049975012,0.0303848075962019,0,0,0,0.00879560219890055,0,0,0.00179910044977511,0,0.0135932033983008,0.000199900049975012,0,0,0.0145927036481759,0.00339830084957521,9.99500249875062e-05,0.000599700149925037,9.99500249875062e-05,0,0,0.000199900049975012,0,0,0.0181909045477261,0,0.000299850074962519,0.000599700149925037,0,0.0031984007996002,9.99500249875062e-05,0,0,0,0,0,0.00289855072463768,0,0,0,0.000499750124937531,0,0,0,0,0,0.0015992003998001,0,0,0.000299850074962519,0.00229885057471264,0,0.000299850074962519,0,0,0,0.00949525237381309,0,0.000399800099950025,0,0.0221889055472264,0,0,9.99500249875062e-05,0,0.00219890054972514,0,0.000199900049975012,0,0,0,9.99500249875062e-05,0,0,0,9.99500249875062e-05,0,0,0,0.0154922538730635,0,0.000299850074962519,0,0,0,0.000199900049975012,0.00299850074962519,0.0210894552723638,0,0.00269865067466267,0,0,0,0,0,0,0,0.000899550224887556,0,0.0147926036981509,0,0,0,0,0,0,0,0,0.000199900049975012,0,0.00139930034982509,0.00079960019990005,0.0274862568715642,0,9.99500249875062e-05,0,0.000599700149925037,0,0,0.00179910044977511,0,0,0.000399800099950025,0,0,0,0.00709645177411294,0,0,0,0,0,0,0,0,0,0.00469765117441279,0,0.000299850074962519,0,0.00289855072463768,9.99500249875062e-05,0.00139930034982509,0,0.000299850074962519,9.99500249875062e-05,0,0,0.00109945027486257,0,0.000499750124937531,0,0.00969515242378811,0.000199900049975012,0.00729635182408796,0,0.00559720139930035,0,0.0206896551724138,0.000199900049975012,0,0.0146926536731634,0.0565717141429285,0.0140929535232384,0.000299850074962519,0,9.99500249875062e-05,0,0.0634682658670665,0,9.99500249875062e-05,0,0,0,0,0.000499750124937531,0,0,0.000499750124937531,0,0,0,0,0,0,0,0.000499750124937531,0.00119940029985007,0,0.000399800099950025,0.000199900049975012,0.000999500249875062,0,0.0182908545727136,0.00199900049975012,0,0,0,9.99500249875062e-05,0.000399800099950025,0,0.000199900049975012,0,0.0143928035982009,0,0.000599700149925037,0.0147926036981509,0.00579710144927536,0,9.99500249875062e-05,0.000199900049975012,0.281959020489755,0,0,0,0,0.000599700149925037,0.000599700149925037,0,0,0,9.99500249875062e-05,0,0,0.00809595202398801,0,0,0.000399800099950025,9.99500249875062e-05,0,0.00169915042478761,9.99500249875062e-05,0,0,0.00359820089955022,0
0,0,0,0,0,0,0.003999600039996,0,0,0,0,0,0,0,0.0235976402359764,0.0005999400059994,0.0033996600339966,0,0.0017998200179982,0,0,0,0,0,0,0.0003999600039996,0,0,0.0250974902509749,0.0051994800519948,0,0,0,0,0,0,0.0023997600239976,0,0,0.0001999800019998,0,0.0151984801519848,0,0,0,0.0261973802619738,0,0,0,0,0,0,0.0013998600139986,0,0,0.0006999300069993,0,0,0,0,0,0,0.0028997100289971,0,0,0.0330966903309669,0,0.0111988801119888,0,0,0,0,0,0,0,0,0,0,0,0,0,0,0.0504949505049495,0,0.014998500149985,0.0008999100089991,0.0006999300069993,0,0.0041995800419958,0,0,0.0048995100489951,0,0,0,0,0.0065993400659934,0,0,0,0,0.0006999300069993,0,0,0,0,0,0.414858514148585,0,0,0,0,0,0.0002999700029997,0,0,0,0,0.01999800019998,0.0023997600239976,0,0,0,0,0.0013998600139986,0,0,0,0,0,0.0027997200279972,0.001999800019998,0,0.0054994500549945,0,0,0.0641935806419358,0,0,0,0,0,0.0016998300169983,0,0,0,0,0,0,0,0.000999900009999,0,0,0.0042995700429957,0.0002999700029997,0,0,0,0,0,0,0,0,0,0,0,0,0,0,0.0015998400159984,0,0,0.0001999800019998,0,0,0,0,0.073992600739926,0,0,0,0,0,0,0.008999100089991,0,0,0,0,0,0,0.0013998600139986,0,0,0,0,0,0,0,0,0,0.0016998300169983,0,0,0,0.0426957304269573,0,0,0.0002999700029997,0,0,0,0,0,0,0,0,0,0,0,0,0,0,0,0,0,0,0,0,0,0,0,0,0,0.0031996800319968,0,0.0010998900109989,0,0,0,0,0,0,0,0,0,0,0,0,0,0,0,0,0,0,0,0,0,0,0.0184981501849815,0,0,0,0,0,0,0,0,0,0.0081991800819918,0.001999800019998,0,0.0387961203879612,0,9.99900009999e-05,0,0,0,0,0.0053994600539946,0,0,0,0,0,9.99900009999e-05,0,0,0,0,0,0,0,0,0.0103989601039896,0,0.0064993500649935,0,0,0.0131986801319868,0
0,0,0,0,0,0,0.000199900049975012,0.00969515242378811,0,0,0,0,0,0.0553723138430785,0.000599700149925037,0,0,0,0,0,0.00329835082458771,0.00389805097451274,0,0,0,0.000199900049975012,0,0.000499750124937531,0.00309845077461269,0,0.0147926036981509,0,0.000199900049975012,0.0110944527736132,0,0,0.0110944527736132,0.00519740129935032,9.99500249875062e-05,0,0,0,0,0.00459770114942529,9.99500249875062e-05,0.0867566216891554,0,0,0,0,0.000399800099950025,0,0,0,0,0,0,0,0,0,0,0,0,0,0,0,0.00169915042478761,0,0,0,0.00749625187406297,0,0,0.00139930034982509,0,0,0,0,0,0,0,0.00079960019990005,0,0,0,0.000399800099950025,0,9.99500249875062e-05,0,0.0175912043978011,0,0.000199900049975012,0,0,0,0,0,0,0.00579710144927536,0,0,0,9.99500249875062e-05,0,0,0,0.0136931534232884,0.0189905047476262,0,0,0.00239880059970015,0.00249875062468766,0,0.00219890054972514,0,0,0,0,0.00859570214892554,0,0,0,0,0.000399800099950025,0.0326836581709145,0,0,0,0,0,0.000999500249875062,0.0811594202898551,0,0,0.000499750124937531,0,9.99500249875062e-05,0,0.0122938530734633,0,0.000599700149925037,0.00249875062468766,0,0,0,0,0,0,0,0,0.00119940029985007,0.00259870064967516,0.000399800099950025,0,9.99500249875062e-05,0,0,0,0,0.00329835082458771,0,0,0,0,0,0,0.000699650174912544,0,0,0.000499750124937531,0,0,0,0,0,0,0,0,0.000599700149925037,0,0,0,0,0,0,0,0.000599700149925037,0.00969515242378811,0,0,0,0.023688155922039,9.99500249875062e-05,0,0,9.99500249875062e-05,0,0,0,0,0,0.0031984007996002,0,0,0,0,0,0,9.99500249875062e-05,0.00469765117441279,0,0,0,0,0.000399800099950025,0,0.00369815092453773,0,0.00619690154922539,0,0,0,0,0,0,0,0,0,0.00529735132433783,0,0,0,0.000899550224887556,0.00749625187406297,0,0,0,0,0.00129935032483758,0,0,0.0118940529735132,0,0,0,0,0.0178910544727636,0,0,0,0,0,0.00249875062468766,9.99500249875062e-05,0,0,0,0,0,0,0,0,0,0.000299850074962519,0,0,0,0,0,0.000599700149925037,0,0,0.0762618690654673,0.106446776611694,0.00399800099950025,0,0,0,0,0.223188405797101,9.99500249875062e-05,0,0.0318840579710145,0,0,0,0,0,0,0.00419790104947526,0,0.0117941029485257,0,0,0,0,0.000299850074962519,0,0,0.00529735132433783,0
0,0,0,0,0,0,0.0002000200020002,0,0,0,0,0,0,0,0,0,0,0,0,0,0,0,0,0,0,0,0,0,0,0,0,0,0,0.0193019301930193,0,0,0,0,0,0,0,0,0,0,0.0002000200020002,0,0,0,0,0,0,0,0,0,0,0,0,0,0,0,0,0,0,0,0,0,0,0,0,0.0603060306030603,0,0,0,0,0,0,0,0,0,0,0,0,0,0,0,0.0003000300030003,0,0,0,0,0,0.0047004700470047,0.0012001200120012,0,0,0,0,0,0,0.0005000500050005,0,0.0045004500450045,0,0,0,0,0,0.687668766876688,0,0,0,0,0,0,0,0.0005000500050005,0,0,0,0,0,0,0,0.0002000200020002,0,0,0,0,0,0,0,0,0.0005000500050005,0,0,0,0.001000100010001,0,0,0,0,0,0,0,0,0,0,0,0,0,0,0,0,0,0,0,0,0,0,0,0.0008000800080008,0,0,0,0,0,0,0,0,0.0005000500050005,0,0,0.0002000200020002,0,0,0,0,0,0,0,0,0,0,0,0,0,0,0,0,0,0,0,0,0.0003000300030003,0,0.0002000200020002,0,0,0,0,0,0.0215021502150215,0,0,0.0006000600060006,0,0,0.0034003400340034,0.0002000200020002,0,0,0,0,0,0,0,0,0,0,0,0,0,0,0,0,0,0,0,0,0,0,0,0,0.019001900190019,0,0,0.0026002600260026,0,0,0,0,0,0.0497049704970497,0,0.0021002100210021,0.0148014801480148,0,0,0,0,0,0,0,0.0153015301530153,0,0.0459045904590459,0,0,0,0,0,0,0,0,0,0,0,0,0.0029002900290029,0.0002000200020002,0,0,0.0387038703870387,0,0,0,0,0,0,0,0,0,0,0,0,0,0,0,0,0,0,0,0,0,0,0,0,0,0,0,0
0,0,0,0,0,0,9.99900009999e-05,0,0,0,0,0,0,0,0,0,0,0,0,0,0,0.0004999500049995,0,0,0,0.128487151284872,0,0,0,0,0,0,0,0.0048995100489951,0,0.0035996400359964,0,0,0,0,0,0,0,0,0,0,0,0,0,0,0,0,0,0,0,0,0,0,0,0,0,0,0,0,9.99900009999e-05,0,0,0,0,0,0,0,0,0,0,0,0,0,0,0,0,0,0,9.99900009999e-05,0,0,0,0,0,0.0013998600139986,0,0.0012998700129987,0,0,0,0.0018998100189981,0,0,0.0042995700429957,0,0,0.0032996700329967,0,0,0,0,0.0001999800019998,0.180781921807819,0,0,0,0,0,0,0,0,0,0,0.0140985901409859,0,0,0,0,0,0,0,0.167083291670833,0,0,0,0,0,0,0,0,0.0015998400159984,0,0,0,0,0,0,0,0,0,0,0,9.99900009999e-05,0,0,0,0,0,0,0,0,0,0,0,0.0046995300469953,0,0,0,0,0,0,0,0,0,0,0,0,0,0,0.0015998400159984,0,0,0,0.0980901909809019,0,0,0,0,0,0,0,0,0,0,0,0,0,0,0,0,0,0,0,0,0,0,0,0,0.0468953104689531,0.0555944405559444,0,0,0,0,0,0,0,0.0003999600039996,0,0.0011998800119988,0,0.0057994200579942,0,0,0,0,0,0,0.0163983601639836,0,0,0,0,0,0,0,0,0,0.0340965903409659,0,0,0,0,0,0,0,0,0.013998600139986,0,0,0,0,0.000999900009999,0,0,0,0.0008999100089991,0,0,0,0,0,0,0,0,0,0.0016998300169983,0,0,0,0,0,0.0002999700029997,0,0,0,0,0.0028997100289971,0,0,0,0,0,0.0003999600039996,0.190680931906809,0,0,0,0,0,0,0,0,0.0010998900109989,0,0,0,0,0,9.99900009999e-05,0,0,0,0,0.0082991700829917,0
0,0.000399880035989203,0.000299910026991902,0,0,0,0,0,0,0,0,0,0,0,0.00249925022493252,0,0,0,0,0,0,0,0,0,0.000399880035989203,0.248325502349295,0,0,0,0,0.0147955613316005,0,0.000399880035989203,0.0263920823752874,0.00269919024292712,0,0,0,0,0,0,0,0,0,0,0,0,0,0,0,0.000499850044986504,0,0.000399880035989203,0,0,0,0,0.000499850044986504,0,0.0175947215835249,0,0,0,0.000299910026991902,0,0.000599820053983805,0,0,0,0,0.00479856043187044,0,0,0,0,0,0,0,0,0.0115965210436869,0,0.00389883035089473,0,0,0,0.000199940017994602,0,0,0,0,0,0,0,0,0,0,0.00109967009897031,0,0,0,0,0.000499850044986504,0,0,0,0,0,0.0126961911426572,0,0,0.00449865040487854,0,0,0.0312906128161552,0,0,0,0.000299910026991902,0,0.00259922023392982,0,0,0,0,0,0,0,0,0,0,0,0,0,0.000299910026991902,0,9.99700089973008e-05,0,0,0.00139958012596221,0,0,0,0,0,0,0,0,0,0,0,0.00119964010796761,0.00179946016195141,0,0,0,0,0,0,0,0,0,0,0,0,0,0,0.000599820053983805,0,0.000199940017994602,0.00119964010796761,0,0,0,0,0,0,0,9.99700089973008e-05,0,0,0,0.00339898030590823,0,0,0,0,0,0,0,0,0,0,0,0.00109967009897031,0,0,0,0,0,0,0,0.00239928021593522,0,0.0375887233829851,0,0,0,0,0.000199940017994602,0,0,0,0,0,0,0.00139958012596221,0,0,0,0,0,0,0,0,0,0,0,0,0.0156952914125762,0,0,0.00159952014395681,0.00339898030590823,0.110266919924023,0,0,0,0,0.00419874037788663,0.0104968509447166,0,0.00629811056682995,0.0184944516645007,0,0,0,0,0,0,0,0.00829751074677597,0,0,0,0,0,0,0,0,0,0,0,0,0,0,0,0,0,0,0.108867339798061,0,0,0.0386883934819554,0,0,0,0,0,0,0.224232730180946,0,0,0,0,0,0,0,0,0,0,0,0,0,0,0,0,0,0,0,0.00689793062081376,0
0,0,0,0,0,0,0,0,0,0,0,0,0,0,0.001500300060012,0,0,0,0,0,0,0,0,0.0002000400080016,0,0.130526105221044,0,0,0.000500100020004001,0,0,0,0,0,0,0,0.0028005601120224,0,0,0,0.0001000200040008,0.00360072014402881,0,0,0,0,0,0,0,0,0,0,0,0,0,0,0.0001000200040008,0,0,0,0,0,0,0,0,0,0,0.0003000600120024,0,0,0,0,0,0,0,0,0,0,0,0,0,0,0,0,0,0.0001000200040008,0.00360072014402881,0,0.000500100020004001,0,0,0.000600120024004801,0.01750350070014,0,0,0.0366073214642929,0,0,0,0,0,0,0,0,0,0,0,0.188237647529506,0,0,0,0,0,0,0,0,0,0,0,0,0,0,0,0,0,0,0,0,0,0,0,0,0,0.0003000600120024,0,0,0.000400080016003201,0,0,0,0,0,0,0,0,0,0,0,0,0,0,0,0,0,0.0001000200040008,0,0,0.0671134226845369,0,0,0,0,0,0,0,0,0,0,0,0.0003000600120024,0,0,0,0,0,0,0,0,0,0,0,0,0,0,0,0.0002000400080016,0,0,0,0,0,0,0.0002000400080016,0,0,0,0,0,0,0,0,0.0016003200640128,0,0,0,0,0,0,0,0.000500100020004001,0,0,0,0,0,0,0,0,0.0182036407281456,0,0,0,0,0,0,0,0,0,0,0.0001000200040008,0,0,0.0022004400880176,0.0327065413082617,0,0,0,0,0.0018003600720144,0,0,0.00970194038807762,0,0,0,0,0,0,0,0,0,0,0,0,0,0.000500100020004001,0,0,0,0,0,0,0,0,0,0,0,0,0,0.0031006201240248,0,0,0.00620124024804961,0,0,0,0,0,0,0.467893578715743,0,0,0,0,0,0,0,0.0001000200040008,0,0,0,0,0,0,0,0,0,0,0,0,0
0,0,0,0,0,0,9.99000999000999e-05,0,0,0,0,0.0014985014985015,0,0,0.0003996003996004,0,0,0,0,0,0,0.0001998001998002,0,0,0,0.0413586413586414,0,0,9.99000999000999e-05,0,0.0116883116883117,0,0,0.011988011988012,0,0,0,0.00559440559440559,0.000999000999000999,0,0,0,0,0.00809190809190809,0,0.0228771228771229,0,0,9.99000999000999e-05,0,0.0001998001998002,0,0,0,0,0,0,0,0,0,0,0,0,9.99000999000999e-05,0,0,0.000899100899100899,0,0.00859140859140859,0.000599400599400599,0.00589410589410589,0,0,0,0,0,0,0,0,0,0,0.000599400599400599,0.00709290709290709,0,0,9.99000999000999e-05,0,0,0,0.0222777222777223,0,9.99000999000999e-05,0.0103896103896104,0,0,0,0,0,0.0681318681318681,0,0,9.99000999000999e-05,0,0,0.0002997002997003,0,0.00939060939060939,0.284815184815185,0,0,0.000899100899100899,0,0.0003996003996004,0.0728271728271728,0,0,0,0.0110889110889111,0.00799200799200799,9.99000999000999e-05,0,0,0,9.99000999000999e-05,0.004995004995005,0,0,0,0,0,0,0,0,0,0,0,9.99000999000999e-05,0,0,0,9.99000999000999e-05,0,0.000599400599400599,0,0,0,0,0,0,0,0.0024975024975025,0,0,0,9.99000999000999e-05,0,0,0,0,0,0,9.99000999000999e-05,0,0,0,0,0.0001998001998002,0,0,0.0003996003996004,0,0,9.99000999000999e-05,0,0,0,0.0012987012987013,0.0028971028971029,0.00569430569430569,0,0,0,0,0,0,0,0.0001998001998002,0,0,0,0,0.0036963036963037,0,0,0,0,0,0,0,0,0.00629370629370629,0.0027972027972028,0,0,0,9.99000999000999e-05,9.99000999000999e-05,0,0.0001998001998002,9.99000999000999e-05,0,0,0,0,0.0001998001998002,0.000699300699300699,0,0,0.000799200799200799,0,0,0.0004995004995005,0,0,0,0,0,0,0,0,0,0,0,0.00559440559440559,0,0,0,0,0.000899100899100899,0,0,0.00939060939060939,0,0,9.99000999000999e-05,0,0,0,0,0,0,0,0,0,0,9.99000999000999e-05,0,0,0,0,0,0,0,9.99000999000999e-05,0,0,0,0,0,0.0017982017982018,0,0,0.00679320679320679,0,0,0,0,0,0,0.305194805194805,0,9.99000999000999e-05,0.0027972027972028,0,0,0,0,0,0,0,0,0.0001998001998002,0,0,0.0124875124875125,0,0.000599400599400599,0,0,0.0010989010989011,0
0,0,0,0.000299820107935239,0,0,9.9940035978413e-05,0.000199880071956826,0.0107935238856686,0,0,0,0.000199880071956826,0.0127923246052369,0.00299820107935239,0,0,0,0,0,0.00109934039576254,0.00329802118728763,0,0.000499700179892065,0,9.9940035978413e-05,0,0,0.000199880071956826,0,0.0104937037777334,0,0,0,0,0.00219868079152508,0.000199880071956826,0.000599640215870478,0,0,9.9940035978413e-05,0,0,0.00319808115130921,0.000499700179892065,0.00179892064761143,0,0.000499700179892065,0,0.000599640215870478,0.000299820107935239,0,0,0,0,0,0,0,0,0.00529682190685589,0,0.00179892064761143,9.9940035978413e-05,9.9940035978413e-05,0.0146911852888267,0,0.00269838097141715,0,0.00969418348990606,0,0.00259844093543874,0,0,0.000399760143913652,0,0,0,0,0,0.00199880071956826,0,0,0,0,9.9940035978413e-05,0,0,9.9940035978413e-05,0,0.00399760143913652,9.9940035978413e-05,0.000299820107935239,0.0178892664401359,0,0,0.00119928043174096,0,0,0,0,0.000299820107935239,0.000699580251848891,0,0,0.00279832100739556,0,0.000899460323805717,0.298121127323606,0,0.00209874075554667,0.00199880071956826,0,0,9.9940035978413e-05,0,0,0,0,0.00289826104337398,0,0,0,0,9.9940035978413e-05,0.0030981411153308,0,0.094143513891665,0,9.9940035978413e-05,0,0,0.00399760143913652,0,9.9940035978413e-05,0,0.00119928043174096,0.000499700179892065,0,0.00419748151109334,0,0,9.9940035978413e-05,0,0,0,0,0,0,0,0,0.000599640215870478,0.000999400359784129,0.00499700179892065,0,0,0,0,0.000299820107935239,0.000499700179892065,0.00479712172696382,9.9940035978413e-05,0.000299820107935239,9.9940035978413e-05,0,0,0,0.000199880071956826,0.000199880071956826,0,0,0,0,9.9940035978413e-05,0,0,0,0,0.00349790125924445,0.000799520287827304,0,0,0,0,0,0,0.000999400359784129,0,0,0.00359784129522287,0,0,0.000899460323805717,0,0,0,0.000399760143913652,0,0,0,0,0,0,0,0,9.9940035978413e-05,0.00119928043174096,0,0,0,9.9940035978413e-05,0,0,0.000199880071956826,0,0,0,0.0277833300019988,0,0,0.000299820107935239,0,0.000199880071956826,0,0,0.000299820107935239,0,0,0.000499700179892065,0.00399760143913652,0,0.000899460323805717,0,0.000599640215870478,0.00689586248251049,0.00119928043174096,0,0,0,0.00119928043174096,0,0,0,0.00399760143913652,0,0,0,0,0,0,0,0.000399760143913652,0.000199880071956826,0.00119928043174096,0,0,0,0.000299820107935239,0,0,0,0,0.000399760143913652,0,0,0.000399760143913652,0,0,0.00269838097141715,0,0.238456925844493,0.000399760143913652,0,0,0,9.9940035978413e-05,0,0,9.9940035978413e-05,0.000199880071956826,0.130521686987807,0,0,0,0,0.00119928043174096,0,0,9.9940035978413e-05,0.00169898061163302,0.00179892064761143,0,0,0,0,0.00729562262642415,0,0,0,9.9940035978413e-05,0.00599640215870478,0
0,0,0,0,0.0012002400480096,0,0.0003000600120024,0.0012002400480096,0,0,0.000400080016003201,0,0,0.0001000200040008,0,0,0,0,0,0,0.0024004800960192,0.0113022604520904,0,0,0,0.0228045609121824,0.0014002800560112,0,0.001000200040008,0,0.0367073414682937,0,0,0.019003800760152,0,0,0.00490098019603921,0.016003200640128,0.000400080016003201,0,0,0.00430086017203441,0.0266053210642128,0.0132026405281056,0,0.0758151630326065,0,0,0,0,0,0,0,0,0,0.0003000600120024,0,0.0002000400080016,0,0.000400080016003201,0.0003000600120024,0,0,0,0.0023004600920184,0,0.0018003600720144,0,0.0019003800760152,0.00420084016803361,0.0011002200440088,0,0,0,0,0,0,0.000400080016003201,0,0.00430086017203441,0,0.000600120024004801,0,0,0.00430086017203441,0,0,0,0,0.0029005801160232,0,0,0.00780156031206241,0,0,0,0,0,0.00390078015603121,0,0,0,0,0,0,0,0,0.0725145029005801,0,0,0.00350070014002801,0,0,0.000500100020004001,0,0,0,0,0.0214042808561712,0,0,0,0,0.000500100020004001,0.135527105421084,0,0,0,0,0,0,0,0,0,0,0,0.0002000400080016,0,0.00700140028005601,0,0.0001000200040008,0.00370074014802961,0.0028005601120224,0.001000200040008,0,0,0.000500100020004001,0.0029005801160232,0,0,0.002000400080016,0.00360072014402881,0,0.0001000200040008,0,0,0,0,0,0.0158031606321264,0,0.0014002800560112,0,0.000700140028005601,0,0,0,0,0,0,0.000600120024004801,0,0,0,0,0,0.000900180036007201,0.00450090018003601,0.0297059411882376,0.000600120024004801,0,0,0,0.0003000600120024,0.00330066013202641,0,0.000600120024004801,0,0,0,0,0.002000400080016,0.0001000200040008,0.0001000200040008,0,0,0,0,0,0,0.0107021404280856,0,0,0.001500300060012,0.0003000600120024,0,0,0,0.0001000200040008,0,0,0,0,0,0.0014002800560112,0.0011002200440088,0.00420084016803361,0.0018003600720144,0.0002000400080016,0,0.00790158031606321,0,0,0,0,0,0.00360072014402881,0,0.00460092018403681,0,0,0,0.0016003200640128,0.0375075015003001,0,0,0,0,0,0,0,0.00950190038007601,0,0,0,0.000900180036007201,0,0,0,0,0,0,0.0023004600920184,0,0.0031006201240248,0,0,0,0,0.00320064012802561,0.0001000200040008,0,0,0.0002000400080016,0,0,0,0,0,0.024504900980196,0,0.00370074014802961,0.0344068813762753,0,0,0,0,0,0.00630126025205041,0.158431686337267,0,0,0.0581116223244649,0,0,0,0,0,0.0028005601120224,0.00390078015603121,0,0,0,0,0,0.000400080016003201,0.0002000400080016,0,0,0.0172034406881376,0
0,0,9.99800039992002e-05,0,0,0,0,0,0,0,0,0,0,0.0002999400119976,0.0011997600479904,0.0001999600079984,0.0017996400719856,0,0,0,0,0.0030993801239752,0,0,0,0.0351929614077185,0,0,0.0013997200559888,0.000899820035992801,0.143371325734853,0,0,0.00349930013997201,0,0,0.000699860027994401,0,0.0001999600079984,0,9.99800039992002e-05,0.00329934013197361,0,0,0,0,0,0,0,0,0,0,9.99800039992002e-05,0,0,0,0,0,0,0,0,0,0,9.99800039992002e-05,0,0,0,0,0,0,0,0,9.99800039992002e-05,0,0,0,0,0,0,0,0,0.000899820035992801,0,0,0,9.99800039992002e-05,9.99800039992002e-05,0,0.0001999600079984,0.0108978204359128,0.0342931413717257,9.99800039992002e-05,0.000699860027994401,0,0,0.0022995400919816,0.0001999600079984,0,0,0,0.0010997800439912,0.000399920015996801,0,0,0,0,0,0.0140971805638872,0,0,0.0105978804239152,0,0,0.0191961607678464,0,0,0,0.0002999400119976,0.00789842031593681,0,0,0,0,0,0,0,0,0,0,0,0,0,0,0.000999800039992002,0,0,9.99800039992002e-05,0.0001999600079984,0,0,9.99800039992002e-05,0.0002999400119976,0,0,0,0,0,0,0,0,0,0,0,0,9.99800039992002e-05,0,0,0,0,0,0,0.000599880023995201,9.99800039992002e-05,0.287142571485703,0,0,0.0002999400119976,0,0,0,0,0,9.99800039992002e-05,0,0,0,0,0,0.0296940611877624,0,0,0,0,0,0.000899820035992801,0.0015996800639872,0,0,0,0,0,0.0025994801039792,0.0001999600079984,0,0,0,0,0,0,0,0,0,0,0,0,0.000599880023995201,0,0,9.99800039992002e-05,0.0103979204159168,0,0,0,0,0.0028994201159768,0,0.0022995400919816,0,0,0,0.0025994801039792,0,0,0,0,0,0,0,0.00549890021995601,0,0,0,0.0012997400519896,0.125374925014997,0,0,0,0,0.000399920015996801,0.000999800039992002,0,0.0101979604079184,0,0,0.0001999600079984,0,0,0,0,0,0,0,0.0012997400519896,0,0.0002999400119976,9.99800039992002e-05,9.99800039992002e-05,0,0.0002999400119976,0,0,0,9.99800039992002e-05,9.99800039992002e-05,9.99800039992002e-05,0,0,0,0,0.00469906018796241,0,0,0.010497900419916,0,0,0,0,0.0001999600079984,0,0.174065186962607,0,0,0.0125974805038992,0,0,9.99800039992002e-05,0,0,0,0,0,0,0,0,0,0,0.0002999400119976,0,0,0.00819836032793441,0
0.0002999400119976,9.99800039992002e-05,0,0,0,0,0,0,0,0,0,0.0027994401119776,0.000399920015996801,0,0.000899820035992801,0,0,0,0,0,0,0.00669866026794641,0,0,0,0.0667866426714657,0,0,0.0011997600479904,0.0017996400719856,0.00689862027594481,0,0.000499900019996001,0,0,0,9.99800039992002e-05,0.0404919016196761,0,0,0,0,0.0602879424115177,0.0160967806438712,0,0.0388922215556889,0,0,0,0,0,9.99800039992002e-05,0,9.99800039992002e-05,0,0,0,0,0,0,0,0,9.99800039992002e-05,0,0,0,0,0.0002999400119976,0.0001999600079984,0,0,0,0,0,0,0,0,0,0,0.0271945610877824,0,0,0.000599880023995201,0,0,0,0,0,0,0,0,0.00759848030393921,0,0,0,0,0,0,0.128874225154969,0,0,0.00379924015196961,0,0,0,0,0,0.0227954409118176,0,0.0012997400519896,0.0015996800639872,0,0.000799840031993601,0.00979804039192162,0.000699860027994401,0,0,0.011497700459908,0.011497700459908,0,0,0,0,0.0001999600079984,0,0,0,0,0,0,0.00909818036392721,0.00749850029994001,0,0,0,0,0.00429914017196561,0.0010997800439912,0,0,0.0509898020395921,0,0.0011997600479904,0,0,0,0.000699860027994401,0,0,0,0,0,0.000499900019996001,0,9.99800039992002e-05,0,0.000599880023995201,0,0,0,0.0020995800839832,0,0,0,0,0,0.000399920015996801,0,0,0,0,0,0,0,0,0,0,0.0588882223555289,0,0,0,0,0,0,0,0,0,0,0,0,0,0,9.99800039992002e-05,0.000499900019996001,0,0,0,0,0,0,0,0.00519896020795841,0,0,0.00379924015196961,0.000599880023995201,0,0,0.0001999600079984,0.000699860027994401,0,0,0,0,0,0.000999800039992002,0.0282943411317736,0,0,0,0.0611877624475105,0,0,0,0,0,0,0,0,0,0,0.0012997400519896,0.0026994601079784,0.00759848030393921,0,0,0,0,0,9.99800039992002e-05,0,0.00249950009998,0,0,9.99800039992002e-05,0.0001999600079984,0,0,0,0,0,0,0,0,0.0130973805238952,0.000599880023995201,0,0,0,0.002999400119976,0,0,0,0.0001999600079984,0.000599880023995201,0.0001999600079984,0,0,0.00349930013997201,0.0001999600079984,0,0,0.0117976404719056,0,0.000599880023995201,0,0,0,0,0.166566686662667,0,0,0.0621875624875025,0.0002999400119976,0,0,0,0,0,0,0,0,0,0,0,0,0.0028994201159768,0,0,0.00739852029594081,0
0,0,0,0,0,0,9.99100809271655e-05,0.00249775202317914,0,9.99100809271655e-05,0,0,0,0,9.99100809271655e-05,0,0.000799280647417324,0,9.99100809271655e-05,0,0,0.000999100809271655,0,0.000299730242781497,0,0.254171245878709,9.99100809271655e-05,0,0,0.00369667299430513,0,0,0,0,0,0,0,0.00339694275152363,0,0,0,0,0,0,0,0.0223798581276851,0,0,0,0,9.99100809271655e-05,0,9.99100809271655e-05,0,0.000199820161854331,0.000299730242781497,0,0,0,0.0154860625437107,0.000199820161854331,0,0,0.000299730242781497,0,0.000299730242781497,0.00359676291337796,0,0,0,0.000999100809271655,0,0,0,0,0,0,0,0,0.00329703267059646,0,0,0.0130882206014587,0,0.00459586372264962,0,0.000199820161854331,0,0,0.00139874113298032,0.0334698771106005,0.000399640323708662,0.000299730242781497,0.00309721250874213,0,0,0,0,0,0,0,0,0,0,9.99100809271655e-05,0,0,0,0,0,0,0,0,0.0149865121390748,0,0,0,0,0.00429613347986812,0,0,0,0,9.99100809271655e-05,0,0,0,0,0,0,0,0.061544609851134,0,0,0,0,0.000299730242781497,0,0.000199820161854331,0,0.000799280647417324,0,0,0,0,0,0.000699370566490159,0,0,0,0.00119892097112599,0.000199820161854331,0,0.00269757218503347,0,0,0.000699370566490159,0,0,0,0,0,0,0.292137076631032,0,0,0,0,0,0,0.000599460485562993,0,0.000499550404635828,0,0,0,0,9.99100809271655e-05,0,0.000299730242781497,0,0,0,0,0.000699370566490159,0,0,0,0,0,0,0.00339694275152363,0,9.99100809271655e-05,0,0,0,9.99100809271655e-05,0,0,0,0,0,0,0,0.00249775202317914,0,0,0,0,0,0,0,0,0.000599460485562993,0,0,0.00199820161854331,0,0,0.000799280647417324,0.000199820161854331,0,0,0,0.00109901089019882,0,0,0.00409631331801379,0,0.00959136776900789,0,0,0.0345688880007993,0,0,0.000299730242781497,0,0,0.000299730242781497,0,0,0,0,0,0,0,0,0,0,0,0.00479568388450395,0,0,0.00209811169947048,0.000399640323708662,0.00109901089019882,0,0,0.00159856129483465,0.000299730242781497,0,0,0.000499550404635828,0,0,0,0,0,9.99100809271655e-05,0,0,0.00689379558397442,0,0.000499550404635828,0,9.99100809271655e-05,9.99100809271655e-05,0,0.146867818962933,0,0,0.014486961734439,0,0,0,0.000399640323708662,0,0,0.000499550404635828,0,0,0,0,0.000999100809271655,0,9.99100809271655e-05,0,0.000399640323708662,0.00449595364172245,0.00129883105205315
0.0017003400680136,0,0,0,0,0,0,0,0,0,0,0,0,0,0.00460092018403681,0,0,0,0,0,0,0,0.0003000600120024,0.000800160032006401,0,0.0263052610522104,0,0.0001000200040008,0.000500100020004001,0,0,0,0,0.00250050010002,0,0,0,0,0,0,0,0,0.0563112622524505,0,0,0,0,0,0.0002000400080016,0.0002000400080016,0,0.00380076015203041,0,0,0,0,0,0,0.0003000600120024,0,0,0,0,0,0,0,0.00940188037607522,0,0,0,0,0,0,0,0,0,0,0.0016003200640128,0.000600120024004801,0.00390078015603121,0,0,0,0,0,0,0,0,0,0,0,0,0.003000600120024,0,0.00960192038407682,0.00420084016803361,0,0,0,0,0,0,0,0,0.000600120024004801,0,0,0.295259051810362,0,0,0.0113022604520904,0,0.092118423684737,0,0,0,0,0.0017003400680136,0,0.000900180036007201,0.002000400080016,0,0,0.000500100020004001,0.0012002400480096,0,0,0,0,0,0,0,0,0,0,0,0.019003800760152,0,0.0021004200840168,0,0.0436087217443489,0,0.00590118023604721,0,0,0,0,0,0,0,0.000700140028005601,0,0,0,0,0,0,0,0,0,0,0,0,0,0,0,0.00330066013202641,0.012002400480096,0,0.00390078015603121,0,0,0.0001000200040008,0,0,0,0.0031006201240248,0,0,0,0,0,0,0,0,0.00660132026405281,0,0,0,0,0,0,0.0001000200040008,0.00550110022004401,0,0,0,0,0,0,0,0.0276055211042208,0,0,0,0.001000200040008,0,0,0.000400080016003201,0,0,0,0,0,0,0,0,0,0.0022004400880176,0,0,0,0,0,0,0,0,0,0,0,0.0031006201240248,0,0.00460092018403681,0.00690138027605521,0,0,0,0,0.0018003600720144,0,0,0.00500100020004001,0,0,0,0,0,0.0001000200040008,0,0,0.0027005401080216,0,0,0.0001000200040008,0,0,0,0,0,0,0,0,0,0,0,0,0,0,0,0.269653930786157,0,0,0.0168033606721344,0.0001000200040008,0,0,0,0,0,0,0,0.0001000200040008,0,0,0,0,0,0,0,0,0,0,0,0,0,0,0.0164032806561312,0,0,0,0
0,0,0,0,0,0,0,0.000199840127897682,0,0,0,0,0,9.99200639488409e-05,0.0314748201438849,0,9.99200639488409e-05,9.99200639488409e-05,0,0,0,0.00159872102318145,0,0,0,0.277078337330136,0,0,0,0,0.00969224620303757,0,0,0.0304756195043965,0,0,0,0.0153876898481215,0,0,0,0,0.0289768185451639,0,0,0.0147881694644285,0,0,0,0,0,0,0,0,0,0,0,0,9.99200639488409e-05,9.99200639488409e-05,0,9.99200639488409e-05,0.000199840127897682,0,0.00619504396482814,0,0.00939248601119105,0,0,0.00359712230215827,0.000399680255795364,0,0,0,0,0,0,0,0,0.000199840127897682,0,0,0,9.99200639488409e-05,0.000699440447641887,0,0.0229816147082334,0,0,0.00309752198241407,0,0.000699440447641887,0,0,9.99200639488409e-05,0,0,0,0.0060951239008793,0,0,0.000999200639488409,0,0,0.000299760191846523,0,0,0.0885291766586731,0,0,0,0,0,0.00179856115107914,0,9.99200639488409e-05,0,0,0.00179856115107914,9.99200639488409e-05,9.99200639488409e-05,0,0,0,0.0317745803357314,0.000299760191846523,0,0,0.00249800159872102,0,0.00579536370903277,0.000699440447641887,0,0,0,0,0.0338729016786571,0,0,0,0.00539568345323741,0,0,0,0.00139888089528377,0,9.99200639488409e-05,0,0,0,0.000399680255795364,0,0,9.99200639488409e-05,0,0,0,0,0.0103916866506795,0.00619504396482814,0,0,0,0.0240807354116707,0,0,9.99200639488409e-05,0,0,0,9.99200639488409e-05,0,0,0,0,0,0,0.000499600319744205,0.00799360511590727,0,0,0,0,0,9.99200639488409e-05,0,0,0,0,0,0,0.000199840127897682,0,9.99200639488409e-05,0,0,0,0,0,0,0,0.000399680255795364,0,9.99200639488409e-05,0,0.000199840127897682,0,0,0.000199840127897682,0,0,0,0.0016986410871303,0,0.000299760191846523,0,0.0016986410871303,0,0,0.000299760191846523,0,0,0,0,0,0.00469624300559552,0,0,0.00379696243005596,0,0.00149880095923261,0,0,0.0484612310151879,0,0,0,0,0,0,0,0,0,0,0,9.99200639488409e-05,0,0,0,0,0,0,0,0,0,0,0,0,0,0.000399680255795364,0.000399680255795364,0,0,9.99200639488409e-05,0,0,0,0,9.99200639488409e-05,0.0505595523581135,0,0,0.00589528377298161,0,0,0,0,0,0,0.166866506794564,0,0,0.0168864908073541,0,0,0,0,0,0,0.000299760191846523,0,0,0,9.99200639488409e-05,0.00139888089528377,0,0.000299760191846523,0,0,0.00339728217426059,0
0,0,0,0.00119940029985007,0,0,0.00109945027486257,0.00139930034982509,0,0,0,0,0.000299850074962519,0.0586706646676662,0.00139930034982509,9.99500249875062e-05,0,0,0,0,0,0,0,0,0,0,0,0,0.000599700149925037,0.00079960019990005,0,0.0015992003998001,0,0,0,0,0.000599700149925037,0.00939530234882559,0,0,9.99500249875062e-05,0,0,0,0,0.120039980009995,0,0,0,0,0,0,0,0,0.00119940029985007,0,9.99500249875062e-05,0,0,9.99500249875062e-05,0,0.000399800099950025,0,0,0,0,0.0015992003998001,0,0,0,0.000499750124937531,0,0,0,9.99500249875062e-05,0,0,0,0,0,0.000399800099950025,0,0.000199900049975012,0,0,0.000299850074962519,0,0,9.99500249875062e-05,0.0173913043478261,0.0422788605697151,0.0031984007996002,0.000399800099950025,0,0,0.00209895052473763,0,0,0.00459770114942529,0,0,0,0,0,0,0,0,0,0,0,0,0,0,0.000599700149925037,0,0,0,0,0.00569715142428786,0.000699650174912544,0.000199900049975012,0,0.000299850074962519,0,0.00809595202398801,0,0,0,0,0.000699650174912544,0,0.00349825087456272,0,0,0,0,0.00169915042478761,0,0,0,0,0,0,0,0,0,0,0,0,0.000399800099950025,0.000299850074962519,0,0,0,0,0,0,0,0,0.00109945027486257,0,0,0,0,0,0,0,0,0,0.000199900049975012,0.000399800099950025,0,0.322838580709645,0,0,0,0,0.0118940529735132,0.000699650174912544,0,0,0,0,0,0,9.99500249875062e-05,0,0,0.0079960019990005,0,0,0.00609695152423788,9.99500249875062e-05,0,0,9.99500249875062e-05,0.000699650174912544,0.000199900049975012,0,0,0,9.99500249875062e-05,0,0.0015992003998001,0.0144927536231884,0,0,0,0,0,0,0,0,0,9.99500249875062e-05,0,0.00439780109945028,0,0,0,0,0,0,0,0.000199900049975012,0,0,0,0,9.99500249875062e-05,0,0,0,0,0,0,9.99500249875062e-05,0,0,0,0,0,0,0,0,0,0,0,0,0,0,0,0,0,0,9.99500249875062e-05,0,0,0.000199900049975012,9.99500249875062e-05,0,0,0,0,0.000199900049975012,0,0,0,0,0.0766616691654173,0,0,0.023888055972014,9.99500249875062e-05,0,0,0,0,9.99500249875062e-05,0.216091954022989,0,0,0.000999500249875062,0,0,0,0,0,0.000199900049975012,0.000699650174912544,0,0,0,0.00439780109945028,0.00369815092453773,0,0.000399800099950025,0,0,0.00419790104947526,0
0,0,0,0,0,0,0.0044,0,0,0,0,0,0,0,1e-04,0,0,0,0,0,0,0,0,3e-04,0,0.5769,0,0,0.0025,0.004,0.118,0,0,0,0,0,0.0034,0,0,0,3e-04,0,0,0,0,0,0,0,0,0,0,0,0,0,0,0,0,0,0,0,0,0,0,0,0,0,0.0038,0,0,0,0,0,0,0,0,0,0,0,0,0,0,0,0,0,0,0,0,0,0,0,0,0.0053,0,0,0,5e-04,0,0,0,0,0,1e-04,0,0,1e-04,0,0,5e-04,0,0,0,0,7e-04,0,0,0,0,0,0,3e-04,0,0,0,0,0,0,0,0,0,0,0,0,0,0,0,0,2e-04,3e-04,0,0,2e-04,0,0,0,0,0,0,0,0,0,0,0,0,0,0.017,0,0,0,0,0,0,0,0,0,0,0,0,2e-04,0,0,0,0,0,2e-04,0,0,0,0,0.0121,0,0,0,0,0,0,0,0,0,0,0,0,0,2e-04,0,0,0,0,0,0,0,0,0,0,0.1074,0,5e-04,0,0,1e-04,9e-04,0,0,0,0,0,0,0,0,0.0035,0,0,0,0,0,0,0,0,0,0,0,0,0,0,0.0591,0,0,0,0,0,1e-04,0,0,0,0,2e-04,0,0,0,0,0,0,0,0,0,0,0,0,0,0,0,0,0,0,0,0,0,0,0,0,0.0018,0,0,0.0396,0,0,0,0,0,0,0.0195,0,0,0,0,0,0,0,1e-04,0,0,0,0,0,0,0.015,0,6e-04,0,0,0,0
0,0,0,0,0,0,0.016,0,0.016,0,0,0.001,0,0,0.0018,1e-04,0.0037,0,0,0,0.0178,0.0084,0,0,0,0.0834,0,0,0.0023,0,0,0,1e-04,0.005,4e-04,0,6e-04,0.0624,0,0,0,0,0,0,0,0.0337,0,0,0,0,0,0,0,0,0,0,0,0,0,0.0427,0,0,0,0.0045,0.0335,0,0.0022,0,0,0,0,0,0,0.0019,0,0,0,0,0,0.0175,0,0,8e-04,0,0.0169,2e-04,0.0182,0,0,0.0055,0,0.0041,0,0,0.0017,0,0,0,0.0055,0,0,0,0,0,0.0014,0,0.0442,6e-04,0,0,0,0.0219,0,0.0132,0,0,0,0,0.0049,0,0,0,0,0.0016,0.0141,0,0,0,3e-04,7e-04,0.0059,0.0047,1e-04,0,0,0,0.0036,0,0,0,0.0012,0,0,0,0,0,2e-04,0,0,0,4e-04,0,0,0,0,0,0,0,0,0.0048,0,0,0,0,0,0,0,0,0,0,0,0,0,0,0,0,0,0.0145,0,0,0,0,0,0,0,0,0,0,0,0,0,0.0194,0,0,0,0,0,0,0,0,0,0,0,0,0,8e-04,0.0018,0,1e-04,0,0,0,0,0,0.0045,0,0,0.0302,0,0,0.0019,0.0134,0,0.0014,0,0,0,0,0.0051,0,0.0268,0,0,0,0,0,0,0,0,0.002,0,0,0,3e-04,0,2e-04,0,0,0,0,0,2e-04,0.0049,0,0.0012,0.0114,2e-04,0,0.0031,0.0239,0,0,0,0.0017,0,2e-04,0,0,0.0101,0.0012,0,0,0.0158,0,0,0,0,0,6e-04,0.2283,0,0,0.0137,0,0,0,0,0,0.0021,0.0087,0,0.0021,0,0,0.005,0,0.0026,0.0089,0,0,0
0,0,9.99600159936026e-05,0,0,0,9.99600159936026e-05,0.00489804078368653,0,0,0,0,0,0,9.99600159936026e-05,0,0,0,0,0.00749700119952019,0.00149940023990404,0.00129948020791683,0,0.00449820071971212,0,9.99600159936026e-05,0,0,0.000599760095961615,0.00159936025589764,0.0688724510195922,0,0,0.00829668132746901,0,0,0.000299880047980808,0.00419832067173131,0.00039984006397441,0,0,0.0038984406237505,0,0,0,0.0178928428628549,0,0,0,0,0.00979608156737305,0,0.00079968012794882,0,0,0.000299880047980808,0,0,0.00109956017592963,0.0208916433426629,0,0,0,0.00329868052778888,0,0,0.00659736105557777,0,0,0,0.00929628148740504,0,0,0,0,0,0,0,0,0,0,0.00659736105557777,0,0,0,0.000499800079968013,0,0,0,0.00259896041583367,0,0.000499800079968013,0,0,0,0,0,0,0.0511795281887245,0,0.000599760095961615,0,0,0,0,0,0,0.0132946821271491,0,0,0.00319872051179528,0,0,0,0,0.000199920031987205,0,0,0.000699720111955218,9.99600159936026e-05,0,0,0,0.00329868052778888,0.0120951619352259,0.00079968012794882,0,0,0.000499800079968013,0,0,0.00459816073570572,0.00899640143942423,0.000699720111955218,0,0,9.99600159936026e-05,0.000499800079968013,0.01609356257497,0,0.0636745301879248,0,0.00079968012794882,0,0,0,0,0,0,0,0.00139944022391044,0.00279888044782087,0,0.000599760095961615,0,0,0,0.000499800079968013,0,0.0120951619352259,0,0,0,0,0,0,0.00039984006397441,0,0,0.00169932027189124,0,0,0.000499800079968013,0,0,0,0.00409836065573771,0.0553778488604558,0.00259896041583367,0,0,0,0,0.00119952019192323,0,0,0,0.0130947620951619,0,0,0,0.0101959216313475,9.99600159936026e-05,0,0,0,0,0,0,0,0,0,0,0,0,0.00299880047980808,0.00109956017592963,9.99600159936026e-05,0.00039984006397441,0.000699720111955218,0.000199920031987205,0,0.000999600159936026,0.00119952019192323,0.00039984006397441,0,0,0.00279888044782087,0.00529788084766094,9.99600159936026e-05,0,0,0,0,0,0,0,0,0.00489804078368653,0,0.00849660135945622,0,0.00219912035185926,0.00209916033586565,0,0,0,0,0.00519792083166733,0,0,0.00149940023990404,0.0282886845261895,0,0,0,0,0,0,0,0,0.000199920031987205,0,0,0,0.000899640143942423,0.00199920031987205,0,0.000499800079968013,0.000299880047980808,0,0,0.000499800079968013,0.000199920031987205,0.0395841663334666,0,0,0,0,0.00199920031987205,0,0,0.0776689324270292,0.000499800079968013,0.00039984006397441,0,0,0,0,0.184826069572171,0,0.000299880047980808,0.0208916433426629,0,0.0981607357057177,0,0,0,0.0134946021591363,0.00349860055977609,0,0,0,0,0.00759696121551379,0,0.000599760095961615,0,0,0.00039984006397441,0
0,9.99800039992002e-05,0,0,0,0.0017996400719856,9.99800039992002e-05,0,0,0,0.000699860027994401,0.0013997200559888,0,0,0,0.000499900019996001,0.000399920015996801,0,0.000699860027994401,0.000499900019996001,0.00729854029194161,0.0015996800639872,0,9.99800039992002e-05,0.000599880023995201,0.0110977804439112,0,0,0.000899820035992801,0,0.0110977804439112,0,0,0.00839832033593281,0,0,0,0.0120975804839032,0,0,9.99800039992002e-05,0.000899820035992801,0.024495100979804,0,0,0.0438912217556489,0,0.000399920015996801,0,9.99800039992002e-05,0,0,0,0,0,0.0021995600879824,0,0,0.000699860027994401,0.0310937812437512,0,0.00739852029594081,0,0.0191961607678464,0,0,0.00719856028794241,0,0,0,0,9.99800039992002e-05,0,0.0111977604479104,0,0,0,0,0,0.031493701259748,0,0.00609878024395121,0.0352929414117177,0,0.0667866426714657,0,0,0,0,0.000999800039992002,0,0,0,0,0.011497700459908,0,0,0,0.0023995200959808,0,0,0,0,0,9.99800039992002e-05,0,0.00329934013197361,0.0352929414117177,0,0.0017996400719856,0.000899820035992801,0,0,0.00519896020795841,0,0,0.0016996600679864,0.0010997800439912,0.00699860027994401,9.99800039992002e-05,0,0,0,0.0001999600079984,0.00439912017596481,0.020995800839832,0,0,9.99800039992002e-05,0,0.0031993601279744,0.0240951809638072,0,0,0,0,0,0,0.0102979404119176,0,0.0028994201159768,0,0.0011997600479904,0,0.0343931213757249,0,0.0031993601279744,0.00779844031193761,0,0,0.0028994201159768,0.0017996400719856,0,0.00559888022395521,9.99800039992002e-05,0,0,0,0,0.0015996800639872,0,0.0012997400519896,0.000499900019996001,0.0317936412717457,0,9.99800039992002e-05,0.000499900019996001,0,0,0.0031993601279744,0.000399920015996801,0,0,0,0,0,0.001499700059988,0.001999600079984,0.0227954409118176,0.0001999600079984,0,0,0,0,0.00689862027594481,9.99800039992002e-05,0,0,0,0,0,0.0186962607478504,0.0001999600079984,0,0,0,0,0,0,0.000399920015996801,0,0,0.00849830033993201,0.0002999400119976,0,0.0145970805838832,0.0022995400919816,0.0001999600079984,0,0.0001999600079984,0,0,0,0,0.000399920015996801,0,0,0.0018996200759848,0.0160967806438712,0.000399920015996801,0,0.0011997600479904,0,0,0,0,0,0,0,0,0.0155968806238752,0,0.0013997200559888,9.99800039992002e-05,0,0,0,0,0.000899820035992801,0,0,0.00989802039592082,0,0,0,0.001999600079984,0,0,0,0,0,9.99800039992002e-05,0.0011997600479904,9.99800039992002e-05,0.000399920015996801,0.000399920015996801,0.0013997200559888,0,0.0011997600479904,0,0,0,0,9.99800039992002e-05,0.0001999600079984,0,0,0,0.000899820035992801,9.99800039992002e-05,0,0.000999800039992002,0.00619876024795041,0,0,0,0,0,0,0.244651069786043,0,0,0.0122975404919016,0,0,0,0,0,0,0.0030993801239752,0,0.0100979804039192,0,0,0.0001999600079984,0,0.001499700059988,0,0,0.0011997600479904,0.0028994201159768
0,0,0,0,0,0.0028973923468878,9.99100809271655e-05,0,0,0,0,0.000499550404635828,0,0,9.99100809271655e-05,0.000199820161854331,0,0,0,0,0.00239784194225197,0,9.99100809271655e-05,0.000499550404635828,0,0.217304426016585,0,0,0.00439604356079528,9.99100809271655e-05,0,0,0,0,0,0,9.99100809271655e-05,0,0,0,0.00119892097112599,0.000599460485562993,0.0225796782895394,0.00339694275152363,0.00249775202317914,0,0,0,0,0,0,0.00129883105205315,0,0,0,0,0,9.99100809271655e-05,0.00169847137576181,0,0,0,9.99100809271655e-05,0,0,0,0,0,0,0,0,9.99100809271655e-05,0,0,0,0.00449595364172245,0,0,0,0,0,0,0,0,0.000199820161854331,0.000299730242781497,0,0,0.000199820161854331,0.000599460485562993,0,0.000199820161854331,0,0,0,0,0,0,0.00149865121390748,0,0,0,0.000999100809271655,0,0.00159856129483465,0,0,0.223798581276851,0,0.0384653811569587,0.013288040763313,0,0,0,0,0,0,0.00129883105205315,0,0,0,0,0,0.000999100809271655,0.000399640323708662,0,0,0,0,0,0,0.030172844440004,0,0,0.000499550404635828,0,9.99100809271655e-05,0,0.00509541412728544,0,0.00309721250874213,0.000399640323708662,0.000799280647417324,0,0.0117893895494055,0,0,0.0104905584973524,0,0,0.00209811169947048,0,0,0,9.99100809271655e-05,0,0,0.000299730242781497,0,0.00329703267059646,0,0.000799280647417324,0,0,0,0,0.000199820161854331,9.99100809271655e-05,0,0,0,0.00309721250874213,9.99100809271655e-05,0,0,0,0,0,0,0,0,0,0,0,0,0.000199820161854331,0,0,0,0,0,0.0028973923468878,9.99100809271655e-05,9.99100809271655e-05,0,9.99100809271655e-05,0,0,0,0,0.033170146867819,0,0,0,0,0.00109901089019882,9.99100809271655e-05,0,0,9.99100809271655e-05,0,0,0,0,0,0.000799280647417324,0.00739334598861025,0,0,0,0,0,0,0,9.99100809271655e-05,0,9.99100809271655e-05,0,0,0,0.00109901089019882,0.00109901089019882,0.000699370566490159,0.0164851633529823,0,0,0,0,0.00109901089019882,0,0,0.0314716754920571,0,0,0,0,0,0,0,0,0,0,0,9.99100809271655e-05,0,0.000499550404635828,0,0,0,0,0,0,0,9.99100809271655e-05,0,9.99100809271655e-05,0,0,0,0.00209811169947048,0,0,0.170746328304526,0,0,0,0,0,9.99100809271655e-05,0.104406034568888,0,0,0,0,0,0,0,9.99100809271655e-05,0,0,0,0,0,0,9.99100809271655e-05,0,0.000299730242781497,0,0,0,0
0.0103989601039896,0.0010998900109989,0,0,0.0001999800019998,0,0,0,0,0,0,0.0006999300069993,0,0,0.0111988801119888,0,0,0,0,0,0,0,0,9.99900009999e-05,0,0.441855814418558,0,0,0.0003999600039996,0.0022997700229977,0.0135986401359864,0,0,0.0012998700129987,0,0,0.0005999400059994,0,0.0002999700029997,0,0,0.0005999400059994,0,0.0036996300369963,0.0004999500049995,0,0,0,0,0,0,0,0.0002999700029997,0.0005999400059994,0,0,0,0,0,0,0,0,0,0.0001999800019998,0,0,0.0017998200179982,0.0078992100789921,0,0,0.0004999500049995,0,0,0,0,0.0702929707029297,9.99900009999e-05,0,0,9.99900009999e-05,0,0,0,0,0,0,0.0170982901709829,0,0.0003999600039996,0.0018998100189981,0,0.0006999300069993,0.0066993300669933,0,0,0.0016998300169983,0,0,0,0,0,0.0115988401159884,0,0,9.99900009999e-05,0,0,0.0034996500349965,0,0,0.0087991200879912,0,0,0,0,0,0,0.0001999800019998,0,0,0,0,0,0.0002999700029997,0.0145985401459854,0,0,0.0015998400159984,0,0,0,0,0,9.99900009999e-05,0,0,0.066993300669933,0.0006999300069993,0,0,0,0,0.0010998900109989,0,0.0007999200079992,0.0364963503649635,0,0,0,0,0,0,0,0,9.99900009999e-05,0,0,0,0,0.0012998700129987,0,0,0,0,0,0,0.0008999100089991,0,0,0.0170982901709829,0.0001999800019998,0,0,0,0,0,0.0008999100089991,9.99900009999e-05,0,0,0,0,0,0,0,0,0,0,0,0,0,0,0.0002999700029997,0,0,0,0,9.99900009999e-05,0,0,0,0,0,9.99900009999e-05,0,0,9.99900009999e-05,0.0026997300269973,0,9.99900009999e-05,0,0,0,0,0,0,0,0,9.99900009999e-05,0,0.0032996700329967,0.0003999600039996,0,0,0,0,0,9.99900009999e-05,0.0120987901209879,0,0,0,0,0.0401959804019598,0,0,0,0,0,9.99900009999e-05,0,0.0077992200779922,0,0,0.0106989301069893,0.0001999800019998,0,0,0,0,0,0,0,0,0,0.0006999300069993,0,0,0,0,0,0,0,9.99900009999e-05,9.99900009999e-05,0,0,0,0,0.0013998600139986,0,0,0.0064993500649935,0,0,0,0,0,0,0.123787621237876,0,0,0.0076992300769923,0,0,0,0,0,0,0.0002999700029997,0,0,0,0,0.0086991300869913,0,0.0046995300469953,0,0,0.000999900009999,0
0,0.000299910026991902,0,0,0.00359892032390283,0,9.99700089973008e-05,0,0,0,0,0,0,0,0,0,0,0,0,0,0,0.00349895031490553,0.000199940017994602,0.000399880035989203,0,0,0,0,0.00119964010796761,0,0,0,0,0.0254923522943117,0.000199940017994602,0,0,0.00689793062081376,0,0,0,0,0,0,0,0.00279916025192442,0,0,0,0,0,0,0,0,0.0187943616914926,0,0,0,0,0.0120963710886734,0,0,0.00129961011696491,0,0,0,0.000999700089973008,0,0.000199940017994602,0.000499850044986504,0,0,0,0,0,0,0,0,0,9.99700089973008e-05,0,0.00129961011696491,0.00629811056682995,0,0,0,0.0341897430770769,0,0,0,0,0.000299910026991902,0,0,0,0,0,0,0,0,0,0.0322903129061282,0,0,0,0,0.0146955913226032,0.20183944816555,0,0.00629811056682995,0,0,0,0,0,0,0,0,0,0,0,0,0,0,0,0,0.000499850044986504,0,0,0,0,0,0,0,0,0,0.0381885434369689,0,0,0,0.11296611016695,0,0,0,0,0.0100969709087274,0.00359892032390283,0,0,0,0.000999700089973008,0,0,0,9.99700089973008e-05,0,0,0,0,0,0,0,0,0.0504848545436369,0,0,0,0.000699790062981106,0,0.00189943017094872,0.000299910026991902,0,0,9.99700089973008e-05,0,0,0,0,0.00779766070178946,0,0,0,0,0,0,0,0,0,0,0,0,0,0.000199940017994602,0,0,9.99700089973008e-05,0,0,0,0.000399880035989203,0,0,0,0.0223932820153954,0,0.00539838048585424,0,0,0,0.00159952014395681,0,0,0,0,0,0,0.00659802059382185,0.0259922023392982,0,0,0.0380885734279716,0,0,0,0,0,0,0,0,9.99700089973008e-05,0,0,0,0.00459862041387584,0,0,0,0,0,0,0,0,0,0,0,0,0,0,0,0,0,0,0.00319904028791363,0,0,0,0,0,0,0,0,0,0,0.00249925022493252,0,0,0,0.00429871038688393,0.00359892032390283,0.000699790062981106,0,0,0,0,0.000799760071978406,0,0,0,0.000299910026991902,0.216435069479156,0,0,0.0589823053084075,0,0,0,0,0,9.99700089973008e-05,0,0,0,0,0,0,0,0,0,0,0,0
0,0.00319872051179528,0,0,0,0,0.00579768092762895,0,0,0,0,0,9.99600159936026e-05,0,9.99600159936026e-05,0.000599760095961615,0.00429828068772491,0,0,0,0,0.00219912035185926,0,0,0,9.99600159936026e-05,0,0,0.00139944022391044,0,0,0,0,0.0216913234706118,0,0,0,0.0125949620151939,0,0,9.99600159936026e-05,0,0.0490803678528589,0,0,0.00449820071971212,0,0,0,0,0,0,0,0,0,0.000599760095961615,0,0,0,0.0342862854858057,9.99600159936026e-05,0,0,0.000199920031987205,0,0.000899640143942423,0.0078968412634946,0,0.0039984006397441,0,0,0,0,0,0,0,0,0,0,0.000999600159936026,0,0.00119952019192323,0.0909636145541783,0,0,9.99600159936026e-05,0,0,0.000299880047980808,0.00309876049580168,0,9.99600159936026e-05,0.00129948020791683,0,0,0.0325869652139144,0,0.00039984006397441,0,0,0,0.00039984006397441,0,0,0,0,0,0.277389044382247,0,0,0.00129948020791683,0,0,0.00759696121551379,0,0,0,0,0.00889644142343063,0.00079968012794882,0,0,0,9.99600159936026e-05,0.00039984006397441,0,0,0,0,0,0,0.00609756097560976,0,9.99600159936026e-05,0,0,9.99600159936026e-05,0,0,0,0.00039984006397441,0.00039984006397441,0.000999600159936026,0,0,0,0.0168932427029188,0,0.000199920031987205,0,0.000699720111955218,0,0,0,9.99600159936026e-05,0,0,0,0,0.00969612155137945,0,0,0,0,9.99600159936026e-05,0,0.000499800079968013,0,0,0,0,0,9.99600159936026e-05,0,0,0,0.00139944022391044,0.00119952019192323,0.0174930027988804,0,0,0,0,0,0,0,0,0,0,0,0.000199920031987205,0.00889644142343063,9.99600159936026e-05,0,0,0,0,0,0,0.000899640143942423,0,0,0,0.00109956017592963,0,0.00359856057576969,0,0,9.99600159936026e-05,0.000299880047980808,0,0,0,0,0.000199920031987205,0.00269892043182727,0,0,9.99600159936026e-05,0,0,0,0,0,0,0,0,0,0.00039984006397441,0,9.99600159936026e-05,0,0.000899640143942423,0.00809676129548181,0,0,0,0,0.000699720111955218,0.000299880047980808,0,0.00119952019192323,0,0,0.000299880047980808,0,9.99600159936026e-05,9.99600159936026e-05,0,0,0,0,0,0,0,9.99600159936026e-05,9.99600159936026e-05,0,0,0,9.99600159936026e-05,0,0,0.000299880047980808,0,0,0,0,0,0.0220911635345862,0,0,0.101659336265494,0,0.00129948020791683,0,9.99600159936026e-05,0,9.99600159936026e-05,0.171131547381048,0,0,0.0251899240303878,0,0,0,0,0,0,0.000899640143942423,0,0,0,0,0.00159936025589764,0,0.00299880047980808,0,0,0.0037984806077569,0
0,0,0,0,0,0,0,0.000499600319744205,0,0,0,9.99200639488409e-05,0,9.99200639488409e-05,0,0,0,0,0,0,0.000199840127897682,0.000299760191846523,0,0.000499600319744205,0,0.399580335731415,9.99200639488409e-05,0,0.000299760191846523,0,0.00599520383693046,0,0,0.00539568345323741,0,0,0,0.00369704236610711,0.000599520383693046,0,0,0.00199840127897682,0.023880895283773,0.00249800159872102,0,0.0179856115107914,0,0,0,0,0,0.00209832134292566,0,0,9.99200639488409e-05,0,0,0,9.99200639488409e-05,0.00209832134292566,0,0.000899280575539568,0,0,0.000199840127897682,0,0.00419664268585132,0,0,0.0119904076738609,0.00129896083133493,0,0,0.000199840127897682,0,0,0,0.000199840127897682,0,0.000599520383693046,0,0.000299760191846523,0.000899280575539568,0.000299760191846523,0,0,0.0117905675459632,0,0,0.0016986410871303,0,0.00109912070343725,0.0154876099120703,0,0,0.00929256594724221,0,0,0.0021982414068745,0,0.000499600319744205,0,0,0,9.99200639488409e-05,0,0,0.00799360511590727,0,0.000599520383693046,0.00679456434852118,0,0,0.00109912070343725,9.99200639488409e-05,0,0,0,0.000999200639488409,0,0,0.000699440447641887,0,0.000199840127897682,0.0317745803357314,0,0,0,0,0,9.99200639488409e-05,0.000599520383693046,0,0,0,0,9.99200639488409e-05,0,0,0,0.000399680255795364,0,0.000799360511590727,0,0.00509592326139089,0,0.000199840127897682,0.00109912070343725,0,0.000199840127897682,0.000399680255795364,0,0,9.99200639488409e-05,9.99200639488409e-05,0,0,0,9.99200639488409e-05,0.00279776179056755,0,0,0.000499600319744205,0.000399680255795364,0,9.99200639488409e-05,0.000299760191846523,0,0,0,0.000299760191846523,0,0,0,0,0,0,9.99200639488409e-05,0.0038968824940048,0,0,0,0,0,0,0,0,0,0,0,0,0.00339728217426059,0,9.99200639488409e-05,0,0,0,9.99200639488409e-05,0,0,0,0,9.99200639488409e-05,0.000299760191846523,0,9.99200639488409e-05,0.000299760191846523,0,0,0,0,0.0021982414068745,0.00129896083133493,0,0.00149880095923261,0.0016986410871303,0.00449640287769784,9.99200639488409e-05,0.00729416466826539,0.000499600319744205,0,9.99200639488409e-05,0,0,9.99200639488409e-05,0,0,0,0.00449640287769784,0.000399680255795364,0.00619504396482814,0,0,0.26378896882494,0,0,9.99200639488409e-05,0,0,0,9.99200639488409e-05,0.00539568345323741,0,0.00109912070343725,0.000599520383693046,0.000999200639488409,0,0,0,0,0,9.99200639488409e-05,0,0,9.99200639488409e-05,0.00139888089528377,0.000199840127897682,0,0.000199840127897682,0.000799360511590727,0,0,0,9.99200639488409e-05,0,0,0,0,9.99200639488409e-05,0.0109912070343725,0,0.000599520383693046,0.00649480415667466,0,0,9.99200639488409e-05,0,0,0.000199840127897682,0.0412669864108713,0,0.00189848121502798,0.0191846522781775,0,0,0,0,0,0.000499600319744205,0.000399680255795364,0,0,0,0,0.00269784172661871,0.000599520383693046,0,0,0,0.00559552358113509,0.000299760191846523
0,0,0,0,0,0,9.9930048965724e-05,0.00949335465174378,0,0,0,0,0,0,0,0,0,0,0,0,0.00559608274208054,0,0,9.9930048965724e-05,0,0,0,0,9.9930048965724e-05,0.000199860097931448,0,0,0,0.00589587288897772,0,0,0.00669531328070351,0.00269811132207455,0,0,0,0,0,0.00939342460277806,0.000799440391725792,0.0324772659138603,0,0,0,0,0,0,0,0,0.0143899270510643,0,0,0,0,0.0049965024482862,0,0.0078944738682922,9.9930048965724e-05,0,0,0,0.00889377435794944,0,0,0.0070950334765664,0,0,9.9930048965724e-05,0.01448985710003,0,0,0,0,0,0.0360747476766264,0,0,0,0,0,0,0,0,0.000299790146897172,0.00769461377036075,0,0.000699510342760068,0.00049965024482862,0,0,0,0,0,0.0131907664634756,9.9930048965724e-05,0,0.00099930048965724,0,0,0,0,0,0.0199860097931448,0,9.9930048965724e-05,0,0,0,0.0704506845208354,0,0,0,0,0.000599580293794344,9.9930048965724e-05,0,0,0,9.9930048965724e-05,0.164384930548616,0,0,0,0,0,0,0.0353752373338663,0,0,0,0,0.000199860097931448,0,0,0,0.00159888078345158,0,9.9930048965724e-05,0,0,0,0.000299790146897172,0.000199860097931448,0,0,0.000599580293794344,0,0,0.000599580293794344,9.9930048965724e-05,0,0,0,0,0,0,0,0,0,0,0,0,0.000299790146897172,0,0,0,0,0,0,0.00149895073448586,0,0,0,0.0281802738083342,0,0,0,0,0,0.00049965024482862,0,0,0,0,0,0,0,9.9930048965724e-05,9.9930048965724e-05,0,0,0,0,0,0,0.00049965024482862,0,0,0,0,0,0,0,0,9.9930048965724e-05,0,0,0,0,0,9.9930048965724e-05,0.00379734186069751,0,0.00169881083241731,0.00099930048965724,0.00049965024482862,0,0,0,0,0.0049965024482862,0,0,0,0,0.0466673328669931,0,0,0.0669531328070351,0,0,0,0,0,0,0,0,0,0,0,0,0,0,0,0,0,0,0,0,0.000299790146897172,0,0,0,0,0,0,0,0,0,0,0,0,0,0.00149895073448586,0.00389727190966324,0,0,0.0166883181772759,0,9.9930048965724e-05,0,0.00349755171380034,0,0.00049965024482862,0.290396722294394,0,0,0.0286799240531628,0,0,0,0,0,0,0,0,0,0,0,0.00679524332966923,0,9.9930048965724e-05,0,0,0.00469671230138903,0
0,0,0,0,0,0,0.0001000200040008,0,0,0,0.0003000600120024,0.0001000200040008,0,0,0.0002000400080016,0,0,0,0.0001000200040008,0,0,0.000800160032006401,0,0,0,0.106721344268854,0,0,0,0,0,0,0.00430086017203441,0.013002600520104,0,0,0,0.0943188637727546,0,0,0,0,0,0,0,0,0,0,0,0,0.0109021804360872,0,0,0,0.000700140028005601,0.0016003200640128,0,0,0,0.0510102020404081,0,0,0,0,0,0.00800160032006401,0.00350070014002801,0,0.000600120024004801,0,0.0023004600920184,0,0,0,0.000400080016003201,0,0,0,0,0.0108021604320864,0,0.001500300060012,0,0.0002000400080016,0,0.0001000200040008,0,0.000400080016003201,0,0.00830166033206641,0,0.191338267653531,0,0,0,0,0,0,0,0,0,0,0,0.0018003600720144,0.000500100020004001,0,0.0022004400880176,0,0,0,0.0001000200040008,0.00340068013602721,0,0.0237047409481896,0,0.000400080016003201,0,0,0.0158031606321264,0,0,0,0,0,0.0201040208041608,0,0,0.002000400080016,0.00350070014002801,0.0162032406481296,0.0017003400680136,0,0,0,0,0.0001000200040008,0,0,0,0,0,0,0,0,0,0,0.0023004600920184,0,0,0,0,0,0,0,0,0,0,0,0,0.00500100020004001,0,0,0,0,0,0,0,0,0,0,0,0,0,0.0002000400080016,0,0,0.000500100020004001,0,0.114022804560912,0,0,0.000400080016003201,0,0,0.00880176035207041,0,0,0,0,0,0,0.0194038807761552,0,0,0.00770154030806161,0,0,0,0,0,0,0,0,0,0,0.00930186037207442,0,0,0,0,0,0.0177035407081416,0.0002000400080016,0,0,0.0001000200040008,0.0490098019603921,0.0121024204840968,0,0,0,0,0,0,0,0,0,0,0.0466093218643729,0,0,0,0,0,0,0,0,0,0,0.0002000400080016,0.000600120024004801,0,0,0,0,0,0.0016003200640128,0,0,0,0,0,0.012002400480096,0,0,0,0,0.000500100020004001,0.00710142028405681,0,0.00250050010002,0,0,0.0001000200040008,0,0,0,0,0,0.0002000400080016,0.0375075015003001,0,0.0024004800960192,0,0,0,0,0,0.0017003400680136,0,0,0,0.026505301060212,0,0,0,0,0,0,0.00400080016003201,0,0,0.000800160032006401,0,0,0,0,0,0,0.00580116023204641,0
0,0,0,0,0,0,0,0,0,0,0,0,0,0,9.99900009999e-05,0,0,0,0,0,0,0.0043995600439956,0,0,0,0.397160283971603,0,0,0,0,0,0,0.0006999300069993,0.0146985301469853,0,0,0,0,0,0,0,0,0,0,0,0.12028797120288,0,0,0,0,0,0,0,0,0,0,0,0,0,0.0396960303969603,0,0,0,0,0,0,0.0152984701529847,0,0,0,0.0034996500349965,0,0,0,0.13008699130087,0,0,0,0,0.0531946805319468,0,0.0003999600039996,0,0,0,9.99900009999e-05,0,0,0,0,0,0.0001999800019998,0,0,0,0,0,0.0003999600039996,0.0047995200479952,0,0.0004999500049995,0,0,0,0.0001999800019998,0,0,0.0106989301069893,0,0,0,0,0,0,0,0,0,0,0.0141985801419858,0,0,0,0,0,0.012998700129987,0,0.0024997500249975,0,0,0,0,0,0,9.99900009999e-05,0,0,0,9.99900009999e-05,0,0,0,0,0,0,0,0,0,0,0,0,0,0,0.0001999800019998,0,0,0,0,0,0,0.0083991600839916,0,0,0,0,0,0,0,0,0,0,0,0,0,0.0001999800019998,0,0,0,0.03999600039996,0,0,0,0,0,0,0,0,0,0,0,0,0,0.0267973202679732,0,0,0,0,0,0,0,0,0,0,0,0,0,0.0010998900109989,0,0,0,0,0,0,0,0,0,0,0,0,0.0001999800019998,0,0,0,0,0.0007999200079992,0,0,0,0,0,0,0,0,0,0.0055994400559944,0,0,0.0006999300069993,0,9.99900009999e-05,9.99900009999e-05,0,0,0.0123987601239876,0,9.99900009999e-05,0,0,0,0,0,0,0,0,0,0,0.0005999400059994,0.0013998600139986,0,0,0,0,0,0,0,0,0,0,0.0144985501449855,0,0.0032996700329967,0,0,0.0020997900209979,0,0,0,0,0,0,0,0,0,0.0412958704129587,0,0,0,0,0,0.0096990300969903,0,0,0,0,0,0,0,0.0001999800019998,0,0,0.0038996100389961,0
0.00710497348143701,0,0,0,0,0,0.000700490343240268,0.00220154107875513,0,0,0,0,0,0,0.000800560392274592,0,0.00050035024517162,0.000300210147102972,0,0.000700490343240268,0.00860602421695187,0.00140098068648054,0,0.01481036725708,0.000600420294205944,0,0,0,0.00360252176523566,0.00360252176523566,0,0,0,0.0161112778945262,0,0,0.00950665465826078,0,0,0,0,0,0,0,0,0.00280196137296107,0,0,0,0,0,0,0,0,0,0,0,0,0,0.0573401380966677,0,0,0,0,0,0,0.00280196137296107,0,0.00120084058841189,0.0112078454918443,0,0,0,0,0,0,0,0,0,0.00920644451115781,0.00160112078454918,0,0.00380266186330431,0,0.000300210147102972,0,0,0,0,0.00410287201040728,0.102771940358251,0.00150105073551486,0.0029020314219954,0,0,0.00320224156909837,0,0.000200140098068648,0.00640448313819674,0,0,0,0,0,0,0.000700490343240268,0,0.215751025718003,0,0,0,0,0,0.00270189132392675,0,0,0.000400280196137296,0,0.00430301210847593,0,0.00130091063744621,0,0.00870609426598619,0,0.0241168818172721,0.00710497348143701,0,0,0,0,0.00140098068648054,0.00100070049034324,0,0,0,0,0.103872710897628,0.000100070049034324,0.000800560392274592,0,0.00220154107875513,0.000200140098068648,0,0,0,0,0.00240168117682378,0,0,0.00370259181426999,0,0,0,0.000200140098068648,0,0,0,0,0.00280196137296107,0.00370259181426999,0,0,0,0,0,0,0,0,0,0,0.000400280196137296,0,0,0,0,0,0,0.000200140098068648,0.149004303012108,0,0,0,0,0,0,0,0,0,0,0,0,0,0.00150105073551486,0.00420294205944161,0,0,0.0212148503952767,0,0,0,0,0,0,0.000300210147102972,0.0544381066746723,0.0079055338737116,0,0,0,0.00130091063744621,0,0,0,0.00240168117682378,0.000600420294205944,0,0.0107074952466727,0,0,0.00610427299109377,0.00580406284399079,0,0,0,0,0.00050035024517162,0,0,0.00520364254978485,0,0.00190133093165216,0,0,0.0134093865705994,0,0,0,0,0,0.00870609426598619,0,0,0,0,0.000100070049034324,0,0,0,0,0,0,0,0,0.000200140098068648,0.000400280196137296,0,0.00120084058841189,0,0.0050035024517162,0,0.000300210147102972,0,0.00360252176523566,0.000800560392274592,0,0,0,0,0,0,0,0,0,0,0,0,0,0,0.00150105073551486,0,0,0,0.0144100870609427,0,0,0,0,0,0,0.00240168117682378,0,0,0,0,0,0,0.000400280196137296,0,0,0.00450315220654458,0
0,0,0,0,0,0,0,0.000798961350244682,0,0,0,0.000699091181464097,0,0.00479376810146809,0.00109857185658644,0.000299610506341756,0,0,0,0,0.000699091181464097,0.000299610506341756,0,0,0,0.0400479376810147,0,0,0.00319584540097873,0.000998701687805852,0,0,0,0.00359532607610107,0.000499350843902926,0,0.010586237890742,0,0.000299610506341756,0,0,0.000998701687805852,0.00529311894537102,0.0126835114351343,0,0.0221711774692899,0,0,0,0,0.000299610506341756,0.00229701388195346,0,0,0.00179766303805053,0,0,0,9.98701687805852e-05,9.98701687805852e-05,0,0.00279636472585639,0,9.98701687805852e-05,0,0,0,0,0,0,0.000798961350244682,0,0.00019974033756117,0,0,0,0,0.00019974033756117,0,9.98701687805852e-05,0.000399480675122341,0.000599221012683511,0,0,0.0632178168381105,9.98701687805852e-05,0,0,0,0.00189753320683112,0.0615200239688405,0,0.0106861080595226,0,0,0,0,0,0.00189753320683112,0,0,0,0,0.000399480675122341,0.000399480675122341,0,0.0120842904224508,0.00998701687805852,0,0,0,0.000798961350244682,0,0.00019974033756117,0,0,9.98701687805852e-05,0.000299610506341756,0.00119844202536702,0.00769000299610506,0,0,0,0.000499350843902926,0.0349545590732048,0,0,0,0,0,0.00129831219414761,0.000599221012683511,0,0,0,0,0.00019974033756117,0,0.000399480675122341,0,9.98701687805852e-05,0.000399480675122341,0.00189753320683112,0,0,0,9.98701687805852e-05,0.0033955857385399,9.98701687805852e-05,0,0.00019974033756117,0.00299610506341756,0,0,9.98701687805852e-05,0,0,0,0,0,0,0.000798961350244682,0,9.98701687805852e-05,0,0,0,0,0,9.98701687805852e-05,0,0,0.175172276041147,0,0,0,0.000699091181464097,0.00019974033756117,0.00429441725756517,0,0,0,0,0,0,0,0,0,0,0,0,0.0103864975531809,0,0,0,0,0,9.98701687805852e-05,9.98701687805852e-05,0,0.0283631279336862,0,0,0,0,9.98701687805852e-05,0.00019974033756117,0,9.98701687805852e-05,0,0,0,0,0,0.000299610506341756,0,9.98701687805852e-05,0.000299610506341756,0.00888844502147209,0.00129831219414761,0.000299610506341756,9.98701687805852e-05,0,0,0,0,0.00019974033756117,0,0.00179766303805053,0,0.00139818236292819,0,0.00149805253170878,0.0145810446419654,0,0.000699091181464097,0,0,0,9.98701687805852e-05,0,0.00589233995805453,0,0.00019974033756117,0,0,9.98701687805852e-05,0,0,0,0,0,0.000299610506341756,0,9.98701687805852e-05,0.000399480675122341,9.98701687805852e-05,9.98701687805852e-05,9.98701687805852e-05,0,0,0,0.000299610506341756,9.98701687805852e-05,0.00159792270048936,0,0,0,0.0137820832917208,0.00189753320683112,0,0,0.145710576250874,0,0,0,0.0935783481474084,0,0.00109857185658644,0.119844202536702,0,9.98701687805852e-05,0.0131828622790373,0,0,0,9.98701687805852e-05,0,9.98701687805852e-05,0.00139818236292819,0,0,0,0,0.00149805253170878,0,9.98701687805852e-05,0,0,0.00749026265854389,0
0,0,0,0.000199880071956826,0,0,0,0.000699580251848891,0,0,0,0.000299820107935239,0,0,0.000199880071956826,0,0.00199880071956826,0,0.00259844093543874,0,0,0.012092744353388,0,0,0.00239856086348191,0.180791525084949,0,0.00189886068358985,0.00129922046771937,0.000699580251848891,0.00799520287827304,0.000499700179892065,0.000199880071956826,0.010893463921647,0,0,0,0,0,9.9940035978413e-05,0,0.0022986208275035,0.000199880071956826,0.0152908255046972,0,0.0341794923046172,0,0.000999400359784129,0,0,0,0,0.000199880071956826,0,0.00179892064761143,0,9.9940035978413e-05,0,0.000599640215870478,0.0201878872676394,0.000399760143913652,0.0022986208275035,0,0.000199880071956826,0,0.00529682190685589,0.000599640215870478,0,0,0,0.00349790125924445,0.000199880071956826,0,0.00109934039576254,0,0,0,0.000699580251848891,0,0.00489706176294223,0,0.0022986208275035,0.0175894463322007,0,0.0195882470517689,9.9940035978413e-05,0.000699580251848891,9.9940035978413e-05,0.000299820107935239,0,0,0,0,0.000399760143913652,0,0,0,0,0.00249850089946032,0,0,0,0,0,0,0,0,0.0084949030581651,0,0,0.000799520287827304,0,0,0.00169898061163302,0,0,0,0.000399760143913652,0.00919448331001399,0,0,0,0,9.9940035978413e-05,0.00939436338197082,0,0,0.000599640215870478,0.000499700179892065,0,0.0121926843893664,0.000299820107935239,0.000199880071956826,0,0,0,9.9940035978413e-05,0.000199880071956826,0,0,0.000199880071956826,0.00199880071956826,0.000699580251848891,0,0,0,0.0022986208275035,0,0.000299820107935239,0.000699580251848891,0.000799520287827304,0,0,0.00179892064761143,9.9940035978413e-05,0,0,0,9.9940035978413e-05,0.0208874675194883,0,0.000599640215870478,0.00149910053967619,0,0,0,0.000999400359784129,0,0,0,0,0,0,0,0,0.00239856086348191,0,0.0133919648211073,0.0488706775934439,0,0,0,0,0.000299820107935239,0.00629622226664002,0,0,0.000299820107935239,0,0,0.00139916050369778,0.00179892064761143,0,0,0,0,0,0,0,0,0,0,0.118628822706376,0,0,0.000399760143913652,0,9.9940035978413e-05,0,0,0.0100939436338197,0,0,0.000799520287827304,0,0.00409754147511493,0.00129922046771937,0,0.044773136118329,0,0,0.00169898061163302,0,0,0,0,0.00659604237457526,0,0.00669598241055367,0,0.0214871077353588,0,0.00109934039576254,0.00679592244653208,0,0,0,0,0.000899460323805717,9.9940035978413e-05,0,0.000699580251848891,0,0,9.9940035978413e-05,0,0.00109934039576254,0,0,0,0,0,0,0,0.000199880071956826,0.000999400359784129,0.000299820107935239,0,0.000699580251848891,0.0214871077353588,0.000399760143913652,0,0,0.000299820107935239,0,0,0,0,0.000799520287827304,0.000699580251848891,0,0.00529682190685589,0.00959424345392764,0,0,0,0,0,0.000899460323805717,0.126424145512692,9.9940035978413e-05,0,0.0584649210473716,0,0,0,0,0,0.000199880071956826,0.0126923845692584,0,0,0,0,0.00129922046771937,0,0.000499700179892065,0,0,0.0157905256845892,0
0,0,0,0,0,0,0.000599820053983805,0.000399880035989203,0,0,0,0.000199940017994602,0,0,0,0,0,0,0,0,0,0,0,0,0.000299910026991902,0,0,0,0,0,0,0,0,0,0,0,0,0,0,0,0,0,0,0,0,0.0618814355693292,0,0,0,0,0,0,0,0,0,0,0,0,0,0.0539838048585424,0,0.00109967009897031,0,0.0330900729781066,0,0.00149955013495951,0.00739778066580026,0,0,0,0.00269919024292712,0,0.000699790062981106,0,0,0.145956213136059,0,0,0.000999700089973008,0.00519844046785964,0,0,0.000199940017994602,0,0,0,0,0.00669799060281915,0,0,0,0.0290912726182145,0,0.0176946915925222,0,0,0,0.000199940017994602,0,0,0,0.00999700089973008,0.00429871038688393,0,0.000799760071978406,0,0,0,0,0.00509847045886234,0,0,0,0.00759772068379486,0,0,0,0,0.00599820053983805,0,0,0,0,0,0.0149955013495951,0,0,0,0,0.000199940017994602,0,0,0,0,0,0,0.000199940017994602,0.000199940017994602,0,0,0.00809757072878137,0,0,0,0,0,0,0.000199940017994602,0,0,0.00239928021593522,0,0,0.000999700089973008,0,0,0,0,0,0,0,0,0.00149955013495951,0,0,0,0,0,0,0,0.00939718084574628,0.000199940017994602,0.029591122663201,0,0,0,0,0.000699790062981106,0.000299910026991902,0,0,0,0,0,0,0,0,0,0,0,0,0,0,0,0,0,0,0,0,0,0,0,0,0,0,0.0579826052184345,0,0,0,0.000199940017994602,0,0,0,0,0,0,0.0209937018894332,0,0,0,9.99700089973008e-05,0.0111966410076977,0,0,0,0,0,0,0.00919724082775168,0,0,0,0,0.285214435669299,0.000199940017994602,0,0,0,0,0,0,0,0,0,0,0,0,0,0.00129961011696491,0,0.00199940017994602,0,0,0.000199940017994602,0.00429871038688393,0.0460861741477557,0,0,0,0.000799760071978406,0,0.00199940017994602,0,0,0,0,0,0,0,0.00569829051284615,0.00229931020693792,0,0.0583824852544237,0,0,0,0.000299910026991902,0,0,0,0,0,0,0,0,0.0135959212236329,0,0.00209937018894332,0,0,0,0.00319904028791363,0,0,0,0,0,0,0,0,0
0,0,9.99700089973008e-05,9.99700089973008e-05,0,0,0,0,9.99700089973008e-05,0,9.99700089973008e-05,0,0,0,0.00349895031490553,0,0.00159952014395681,9.99700089973008e-05,9.99700089973008e-05,0,0.000599820053983805,0.000699790062981106,0,0,0,0.399580125962211,0,0,0,0.00229931020693792,0.00249925022493252,0,0,0.0329901029691093,0.000299910026991902,0,0.00129961011696491,0.00569829051284615,0,0,0,0,0,0,0,0.0127961611516545,0,0.000199940017994602,0,0,9.99700089973008e-05,0,0,0,0.00119964010796761,9.99700089973008e-05,0,0,0,0.00139958012596221,0,0,0,9.99700089973008e-05,0,0,0.00189943017094872,0,0,0,0.000199940017994602,0,0,9.99700089973008e-05,0.00329901029691093,0,0,0,0,9.99700089973008e-05,0,0.000199940017994602,0.0207937618714386,0,0.000199940017994602,0.00869739078276517,0,0,0,0.00529841047685694,0,0,0,0,0,0,0,0,0.00299910026991902,0,0,0,0,0.00149955013495951,9.99700089973008e-05,9.99700089973008e-05,0.00299910026991902,0.110066979906028,0,0.00299910026991902,0,0,0,0.00309907027891633,0,0,0,0,0.014295711286614,0,0,0,0,9.99700089973008e-05,0.0389883035089473,0.00339898030590823,0,0,0.000499850044986504,9.99700089973008e-05,0,0.000199940017994602,0,0,0,0,0,0,0,0,0.0137958612416275,0,0,0,0,0,0.000199940017994602,9.99700089973008e-05,0,0,9.99700089973008e-05,0.000299910026991902,0,9.99700089973008e-05,0,0,0.00409877036888933,0,0.000299910026991902,0.00619814055783265,0,0,0,0,0,0,0.000499850044986504,0,0,0,9.99700089973008e-05,0,0,0,0,0,0,9.99700089973008e-05,0.00489853044086774,9.99700089973008e-05,0,0,0,0.000299910026991902,0.000399880035989203,0,0,0,0,0,0.000499850044986504,0.00489853044086774,0,0,9.99700089973008e-05,0,0,0.000399880035989203,0,0,0,0,0,9.99700089973008e-05,0,0.00399880035989203,0,0,0,0,0,0,0.000199940017994602,0,0.00269919024292712,0,0.00459862041387584,0.000999700089973008,0.0321903428971309,0,0.000699790062981106,0,0,0.00119964010796761,0,9.99700089973008e-05,0,0,0.000699790062981106,9.99700089973008e-05,0.000899730080975707,0,0,0.0709787063880836,0,0,9.99700089973008e-05,0,0.000199940017994602,0.00179946016195141,0,0,0,0,0.000399880035989203,0.000499850044986504,0,0,0,0,0,0,0.000299910026991902,0,0.00129961011696491,0.0281915425372388,0.000299910026991902,0,0.000999700089973008,0.000699790062981106,9.99700089973008e-05,0,0,0.000299910026991902,0,0,0,0,0.000699790062981106,0.0121963410976707,0,0.000299910026991902,0.0350894731580526,0,0,0,0,0.000199940017994602,0.00349895031490553,0.020593821853444,9.99700089973008e-05,0,0.018594421673498,0,0,0,0,0,9.99700089973008e-05,0.000199940017994602,0,0,0,0,0.00429871038688393,0.000599820053983805,0.00869739078276517,0.00189943017094872,0,0.0109967009897031,0
0,0,0,0.00139930034982509,0,0.000199900049975012,0,0,0,0,0,0,0,0,9.99500249875062e-05,0,0,0,0,0,0,0,0,0,0,9.99500249875062e-05,0,0,0.000599700149925037,0.00139930034982509,0,0.00379810094952524,0,0.00839580209895052,0,0,0,0,0,0,0,0,0,0.0015992003998001,9.99500249875062e-05,0.000499750124937531,0,0,0,0,0,0,0,0,0,0,0,0,0,0,0,0,0,0,0,0,0,0,0,0,0,0,0,0,0,0,0,0,0,0,0,0.000999500249875062,0,0,0,0,9.99500249875062e-05,9.99500249875062e-05,0,0,0,0,0.000999500249875062,0,0,0,0,0,0,0,0,9.99500249875062e-05,0,0,0,0,0,0.263868065967017,0,0.00189905047476262,0,0,0,0,0.000199900049975012,0,0,9.99500249875062e-05,0,0,0,0,0.000299850074962519,0.000199900049975012,0.00389805097451274,0,0,0,0,0,0,0,0,0,0,0,0,0,0,0,0.0989505247376312,0,0,0,0,0,0.00869565217391304,0,0,0,0,0,0,0,9.99500249875062e-05,0,0,0,0,0.0117941029485257,0.00169915042478761,0,0,0,0,0,0,0,0,0,0,0,9.99500249875062e-05,0,0,0,0,0,0,0,0,0,0,0,0.0015992003998001,0,0,0,0,0,0.00109945027486257,0,0,0,0,0,0,0,0,0,0,0,0,0,0,0.0160919540229885,0,0.000299850074962519,0,0.000399800099950025,0,0,0,0,0,0,0,0,0,0,0,0,0,0,0,0,0,0,0,0,0,0,0,0.000599700149925037,0,0,0,0,0,0.00379810094952524,0,0,0,0,0.000499750124937531,0,0,0,0,0,0,0,0.0106946526736632,0,0,0,0.00149925037481259,0,0,0,0,0,0,0.00109945027486257,0,0,0,0,0,0.000399800099950025,0,0,0.508545727136432,0,0,0,0,0.000399800099950025,0,0,0,0,0.0401799100449775,0,0,0,0,0,0,0.000499750124937531,0,0,0,0,0,0,0,0,0,0,0
0,0,0,0,0,0,0,0,0,0,0,0,0,0,0.0004000400040004,0.0128012801280128,0,0,0,0,0,0.0013001300130013,0,0.0002000200020002,0.0017001700170017,0.205120512051205,0,0,0.0016001600160016,0,0,0,0,0.0054005400540054,0,0,0,0,0,0,0,0.0096009600960096,0,0,0,0.0209020902090209,0,0,0,0,0,0.0031003100310031,0,0,0,0.0023002300230023,0,0,0,0.0206020602060206,0,0,0,0.0016001600160016,0,0,0,0,0,0,0.0001000100010001,0,0,0,0,0,0,0,0,0,0,0,0,0,0,0,0,0,0,0.0008000800080008,0,0.0012001200120012,0.003000300030003,0,0,0,0.0015001500150015,0,0,0,0,0.0001000100010001,0,0,0,0,0,0.12011201120112,0,0,0.0026002600260026,0,0,0.0032003200320032,0,0,0.0001000100010001,0,0.108010801080108,0.0002000200020002,0,0,0,0.0003000300030003,0,0,0,0,0,0,0,0,0,0,0,0,0,0,0,0,0,0,0.0024002400240024,0,0,0,0,0.0076007600760076,0,0,0.001000100010001,0,0,0.0012001200120012,0,0,0,0,0.0375037503750375,0,0,0,0,0.0001000100010001,0,0.0003000300030003,0.0027002700270027,0,0,0,0,0.0001000100010001,0,0,0,0,0,0,0.0015001500150015,0,0,0,0,0,0,0,0,0,0,0,0,0.0311031103110311,0.0001000100010001,0,0,0,0,0,0,0,0,0,0,0,0,0.0454045404540454,0,0,0.0001000100010001,0,0,0,0,0,0,0,0,0,0.0836083608360836,0,0,0,0,0,0,0,0,0,0.0001000100010001,0,0.0064006400640064,0,0.0019001900190019,0.0054005400540054,0,0,0,0,0,0,0,0.0302030203020302,0,0,0,0.0001000100010001,0,0,0,0,0.0001000100010001,0,0,0,0,0,0,0,0,0,0,0,0,0,0,0,0,0,0,0.0026002600260026,0,0,0.0209020902090209,0,0.0002000200020002,0,0,0,0,0.172317231723172,0,0,0.0113011301130113,0,0,0,0,0,0,0,0,0,0,0,0,0,0.0013001300130013,0,0,0.0046004600460046,0
0,0,0,9.98901208670463e-05,0,0,9.98901208670463e-05,0,0,0,9.98901208670463e-05,0,0,0,0.000199780241734093,0,0,0,0,0,0,0.00289681350514434,0,0,0.000199780241734093,0.0702227549695335,0,0,9.98901208670463e-05,0,0.103885725701728,0,0,0.00889022075716712,0,0,0.00079912096693637,0.0188792328438717,0,9.98901208670463e-05,0,0,0,0.0025971431425432,0,0.0212765957446809,0,0,0,0,0,0,0,0,0,9.98901208670463e-05,0,0,0,0,0,0,0,0,0,0,0.00968934172410349,0,0,0,0.0027969233842773,0,0,0,0,0,0,0,0,0.036659674358206,0,9.98901208670463e-05,0,0,0.00309659374687843,0,0,9.98901208670463e-05,0,0.00909000099890121,0,0,0,0.0012985715712716,0,0,0,0,0.00509439616421936,0,0,9.98901208670463e-05,0,9.98901208670463e-05,9.98901208670463e-05,0,0.00479472580161822,0.0122864848666467,0,0,0.000599340725202278,0,0,0.0421536310058935,0,0,0,0,0,0.000499450604335231,0,0,0,9.98901208670463e-05,0.0101887923284387,0,0,0,0,0,0,0.0926980321646189,0,9.98901208670463e-05,0,0,9.98901208670463e-05,9.98901208670463e-05,0,0,0,9.98901208670463e-05,9.98901208670463e-05,0,0,0,0.00109879132953751,0.00429527519728299,9.98901208670463e-05,0,0.00079912096693637,0.00179802217560683,0,0,0,0.000499450604335231,0,0,0,0,0,0.000399560483468185,0.000299670362601139,0.192987713515133,0,0,0.000399560483468185,0,0,0,0,0,0,0,0,0,0,0.00139846169213865,0.00659274797722505,9.98901208670463e-05,0,0,0,0,0,0,0,0,0,0,0,0.0153830786135251,9.98901208670463e-05,0,0,0,0,0,0,0,0,0,0,0,0.00879033063630007,0.000299670362601139,0,0,0,9.98901208670463e-05,0,0,0,0,0.00759164918589551,0,0,0,0.000599340725202278,9.98901208670463e-05,0,0,0,0,0,0,0,0,0.00509439616421936,0,0.0383578064129458,0,0.000399560483468185,0.0289681350514434,0,0,0,0,0,9.98901208670463e-05,0,0.00179802217560683,0,0,0,0,0,9.98901208670463e-05,0,0,0,0.000299670362601139,0.00149835181300569,0,0,0,9.98901208670463e-05,0,0,0,0,0,0,0,9.98901208670463e-05,0,0,0,0,9.98901208670463e-05,0,0,0.00219758265907502,0,0.000199780241734093,0,0,0,9.98901208670463e-05,0.175307162121666,9.98901208670463e-05,0,0.0202776945360104,0,0,0,0,9.98901208670463e-05,0,0.00269703326341025,0,0,0.000299670362601139,0,0.0092897812406353,0,0.00139846169213865,0,0,0.00489461592248527,0
0,0,0.000999800039992002,0.000399920015996801,0,0,0.000899820035992801,0,0.0270945810837832,0,0,0,0,0,0.000899820035992801,0,0.00459908018396321,0,0,0,0,0.000499900019996001,0,0,0,0.258948210357928,0,0.0010997800439912,0.018496300739852,9.99800039992002e-05,0,0,0,0.0002999400119976,0,0,0,0.011497700459908,0,0,0,0,0,0,0,9.99800039992002e-05,0,0,0,0,0.000499900019996001,0,0,0,0,0,0,9.99800039992002e-05,0,0,0,0,0,0,0,0,0.00839832033593281,0,0,0,0,0,0,0,0,0,0,0,0,0,0,0,0,0,0,0.0001999600079984,0,0,0,0,0.104079184163167,0,0,0,0,0,0,0,0.000999800039992002,0,0,9.99800039992002e-05,0,0,0,0,0,0,0,0,0,0,0,0,0,0,0,0,0.00399920015996801,0.0001999600079984,0,0,0,0.00979804039192162,0,0,0,0,0,0,0,0,0,0,0,0,0,0,0,0,0.0001999600079984,0,0,0,0,0,0.0002999400119976,0,0,0,0,0,0,0,9.99800039992002e-05,0,0.00449910017996401,0,0,0,0,0,0,0,0,0,0,0,0,0,0,0,0.000399920015996801,0,0,0,0,0,0,0,0,0,0,0,0,0,0,0,0,0,0,0.0281943611277744,0.0002999400119976,0,0,0,0,0,0,0,0,0,0,0.0002999400119976,0.0001999600079984,0.0012997400519896,0,0.000799840031993601,0,0.00469906018796241,0,0,0,0,0,0,0,0,0,0,0,0,0,0,0,0,0,0,0,0,0,0,0,0.0160967806438712,0,0,0,0,0,0.000499900019996001,0,0,0.0001999600079984,0,9.99800039992002e-05,0,0,0,0,0,0,0,0,0,0,9.99800039992002e-05,0.0001999600079984,0,0,0,0,0,0,0,9.99800039992002e-05,0,0,0,0,0.00679864027194561,0,0,0.0026994601079784,0,0,0,0.00609878024395121,0,0,0.465406918616277,0,0,9.99800039992002e-05,0,0,9.99800039992002e-05,0,0,0,0.000599880023995201,0,0,0,0,0.00509898020395921,0,0.0001999600079984,0,0,0,0
0,0,0,0,0,0.00299790146897172,9.9930048965724e-05,0,0,0,9.9930048965724e-05,0.00049965024482862,0,0,0,0.000699510342760068,0,0,0.00049965024482862,0,0.00549615269311482,0.00189867093034876,9.9930048965724e-05,0.000199860097931448,0.000399720195862896,0.261317078045368,9.9930048965724e-05,0,0.00119916058758869,0.00119916058758869,0.0136904167083042,0,0,0,0,0.00259818127310882,0.000599580293794344,0.00309783151793744,0,0,0,0.000599580293794344,0,0.00509643249725192,0,0.0149895073448586,0.000199860097931448,0.000599580293794344,0,0,0.00099930048965724,0,0.000399720195862896,0,0,0.00199860097931448,0,0,0,0,0,0,0,0.000199860097931448,0,0.00049965024482862,0.00549615269311482,0.00339762166483462,0,0,0,0,0,0.00109923053862296,0.134206055760967,0,0,0,0,0,0,0,0.00419706205656041,0.000799440391725792,0.00329769161586889,0.00129909063655441,0,9.9930048965724e-05,0,0.00349755171380034,0,0.000599580293794344,0.00229839112621165,0.000599580293794344,0,0,0.000199860097931448,0,0,0,0.00219846107724593,0,0,0.00159888078345158,0,0.00429699210552613,0.0295792944938543,0.0049965024482862,0,0,0,0,0,0.0210852403317678,0,0,0,0,0.00489657239932048,0.000699510342760068,0,0,0,0.000299790146897172,0.0160887378834816,0,0.0165883881283102,0,0,0.019186569401419,0.00479664235035475,0.0122913960227841,0,0,0,9.9930048965724e-05,0.0204856600379734,0,0,0,0,0,0,0,0,0,9.9930048965724e-05,0.000199860097931448,0,0,0.00139902068552014,0,0,0,9.9930048965724e-05,0,0,0,0,0.0102927950434696,9.9930048965724e-05,0,9.9930048965724e-05,0,0,0,0,0,0,0.000299790146897172,0,0,9.9930048965724e-05,0,0,0,0,0.00139902068552014,0.0207854501848706,0,0,0,0,0,0.000599580293794344,0,0,0,0,0,0,0.0102927950434696,0,0,0.00349755171380034,0,0,0,0,0,0,0,0,0,0,0.000399720195862896,0,0,0,0,0,0.0107924452882982,0.000199860097931448,0,0,0,0.000899370440691516,0.00129909063655441,0.00729489357449785,0,0.00049965024482862,9.9930048965724e-05,0,0,0,0,0,0,0,0,0.0141900669531328,9.9930048965724e-05,0,0.00739482362346358,0,0,9.9930048965724e-05,0,0,0,0,0,0.0492655141401019,0,0,0,0.00099930048965724,0,0,0,0,9.9930048965724e-05,0.00109923053862296,0,0,0,0.00189867093034876,0.000199860097931448,0,0,0,0,0,0,0,0,9.9930048965724e-05,0,0,0.00139902068552014,0.00239832117517738,0.000899370440691516,0.0348755870890377,0,0.000199860097931448,0,0,0,9.9930048965724e-05,0.156390526631358,0,0,0,0,0,0,0,0.000399720195862896,0.00439692215449186,0.00259818127310882,0,0,0,0,0.00569601279104627,0,0,0,0,0.00179874088138303,0
0,0,0,0,0,0,0,0,0,0,0,0,0,0,0.00430129038711613,0,0.000500150045013504,0,0,0,0,0,0,0,0,0.187156146844053,0,0,0.00310093027908373,0,0.0339101730519156,0,0,0,0,0,0.000300090027008102,0,0,0,0,0,0,0,0,0,0,0,0,0,0,0,0,0,0,0,0,0.000300090027008102,0,0.0250075022506752,0,0,0,0,0,0,0,0,0,0.010703210963289,0,0,0,0,0,0,0,0,0,0,0,0,0,0,0,0,0.0406121836550965,0,0,0,0,0,0,0,0,0,0,0,0.00240072021606482,0,0,0,0,0,0,0,0,0.0894268280484145,0,0,0,0,0,0,0,0,0,0.00180054016204861,0.00100030009002701,0,0,0,0.00230069020706212,0.000300090027008102,0,0,0,0,0,0,0,0.0613183955186556,0,0,0,0,0,0,0,0,0.0212063619085726,0,0,0,0,0,0,0,0,0,0,0,0,0,0,0,0,0,0,0.0160048014404321,0,0,0,0,0,0,0,0,0,0.000500150045013504,0,0,0.000100030009002701,0,0,0,0,0,0.0187056116835051,0,0,0,0,0,0,0,0,0,0,0,0,0.00200060018005402,0,0,0,0,0,0,0,0,0,0,0,0,0,0.0269080724217265,0,0,0.00160048014404321,0,0,0,0,0,0,0,0,0,0,0,0.00120036010803241,0,0,0,0,0,0,0,0,0,0.0348104431329399,0,0,0.207362208662599,0,0,0,0,0,0,0,0,0,0,0,0.0273081924577373,0,0,0,0,0,0,0,0,0,0,0.00520156046814044,0,0,0,0,0,0,0.00600180054016205,0,0,0,0,0,0.00820246073822147,0,0,0.0198059417825348,0,0,0,0,0,0.00110033009902971,0.0963288986696009,0,0,0.0190057017105132,0,0,0,0,0,0.0152045613684105,0,0,0,0,0,0,0,0.00140042012603781,0,0,0.00560168050415125,0
0,0.0028994201159768,9.99800039992002e-05,0,0,0,0.0012997400519896,0.0016996600679864,0,0,0,0.000899820035992801,0,0,0.000499900019996001,0.00249950009998,0,0,0.002999400119976,0,0.0027994401119776,0,9.99800039992002e-05,0,0.000799840031993601,0.0153969206158768,0,0,0.0182963407318536,0.00819836032793441,0,0,0.0002999400119976,0.000799840031993601,0.000499900019996001,0,0.0002999400119976,0,0,0,0,0.001499700059988,0,0,0,0,0,0,0,0,0.0001999600079984,0.0001999600079984,0.000399920015996801,0,0,0.0001999600079984,0,9.99800039992002e-05,0,0.0012997400519896,0.000499900019996001,0.0030993801239752,0,0.000799840031993601,0,0.0002999400119976,0.001999600079984,0,0,0.00969806038792242,0,0.000499900019996001,0.0012997400519896,0,0,0,0,0,0,0.0012997400519896,0,0.0023995200959808,0.0012997400519896,0,0.00999800039992002,9.99800039992002e-05,0,9.99800039992002e-05,0,0.0115976804639072,0,0.00549890021995601,0,0,0,0,0.001499700059988,0,0,0,0.000599880023995201,0.000799840031993601,0,0,0.000399920015996801,0,0.0168966206758648,0.144671065786843,0,0,0.0012997400519896,0,0.0026994601079784,0.0022995400919816,0,0,0,0.0730853829234153,0.001499700059988,0.0017996400719856,0,0,0,0,0.0028994201159768,0,0,0.0013997200559888,0,0,0.0001999600079984,0,0,0.000799840031993601,0.000599880023995201,0,0,0,0,0,0.00559888022395521,0.000399920015996801,0.0011997600479904,0,0,0,0.0026994601079784,0.00639872025594881,0,0,0.000699860027994401,0,0,0.0027994401119776,0.00559888022395521,0,0,0,9.99800039992002e-05,0,0,0.000999800039992002,0.0001999600079984,0,0,0,0.000699860027994401,0,0,0.000499900019996001,0,9.99800039992002e-05,9.99800039992002e-05,0,0,0.000399920015996801,0.000799840031993601,0.0023995200959808,0.000799840031993601,0.0001999600079984,0,0,0,0,0,0.00619876024795041,0,0,0,0,0,0.00369926014797041,0,0,0,0,0,0.0002999400119976,0,0,0,0,0,0,0,0.00479904019196161,0,0,9.99800039992002e-05,0,0,0,0,0,0,0.00249950009998,0.0253949210157968,0.001499700059988,0,0,0,0.000399920015996801,0,0,0,0,0,0,0,0,0.001999600079984,0,0.0017996400719856,0.131573685262947,0,0.0002999400119976,0,0,0.000599880023995201,0.0027994401119776,0,0,0,0,0.010997800439912,0,0,0,0,0,0.00499900019996001,0,0,0,0.0010997800439912,0.000899820035992801,0,0,0,0,0.000399920015996801,0,0,0.000399920015996801,0.0178964207158568,0.0001999600079984,0,0,0.018496300739852,9.99800039992002e-05,0.0108978204359128,0,0.0120975804839032,0,0,0,0,0,0,0.275744851029794,0,0,0.000599880023995201,0,0,0.0146970605878824,0,0,0,0,0,0,0,0,0.0352929414117177,0,0.0031993601279744,0,0,0.00709858028394321,0
0,0,0,0,0,0,9.99800039992002e-05,0,0,0,0,0,0,0,0,0,0,0,0,0,0,0,0,0,0,0.0699860027994401,0,0,0,0,0,0,0,0,0,0,0.013497300539892,0.0398920215956809,0,0,0,0,0,0,0,0.0017996400719856,0,0,0,0,0,0,0,0,0,0,0,0,0,0,0,0,0,0,0,0,0.00969806038792242,0,0.0200959808038392,0.000399920015996801,0,0,0,0,0,0.0582883423315337,0,0,0,0,0,0,0,0,0.0316936612677464,0,0,0.0026994601079784,0,0,0,0,0,0,0,0,0.001499700059988,0,0,0,0,0.000499900019996001,0,0,0,0,0,0.225554889022196,0,0,0,0,0,0,0,0,0,0,0.0103979204159168,9.99800039992002e-05,0,0,0,9.99800039992002e-05,0,0,0,0,0,0,0,0,0,0,0,0,0,0,0,0,0.0011997600479904,0,0,0,0,0,0,0,0,0,0,0,0,0,0,0,0,0,0,0.00929814037192562,0,0,0,0,0,0,0,0,0,0,0,0,0,0,0,0,0,0,0,0,0,0,0,0,0.0016996600679864,0,0,0,0,0,0,0.00559888022395521,0,0,0,0,0,0,0,0,0,0,0,0,9.99800039992002e-05,9.99800039992002e-05,0,0,0,0,0,0,0,0,0,0,0,0,0,0,0,0.00339932013597281,0,0,0,0,0,0,0,0,0,0,0,0.00459908018396321,0,0,0,0,0,0.0012997400519896,0,0,0,0,0.000699860027994401,0,0,0,0,0,0,0,0,0,0,0,9.99800039992002e-05,0,0,0,0,0,0,0.0001999600079984,0,0,0,0,0,0.000899820035992801,0,0,0.00769846030793841,0,0,0,0,0,0,0.437912417516497,0,0,0.0281943611277744,0,0,0.0017996400719856,0,0,0,0,0.00889822035592881,0,0,0,0,0,0,0,0,0,0
0,0,0,0.000800240072021606,0,0,0.00370111033309993,0,0,0,0,0,0,0,0.0165049514854456,0.00100030009002701,0,0,0,0,0,0,0,0.000200060018005402,0,0.153245973792138,0,0,0.00110033009902971,0.00310093027908373,0.00200060018005402,0,0,0.00320096028808643,0.00100030009002701,0,0.000700210063018906,0,0,0,0,0.00660198059417825,0,0,0,0.00800240072021607,0,0,0,0,0,0,0.000900270081024307,0,0,0.000400120036010803,0.000400120036010803,0,0,0.00450135040512154,0,0,0,0.000700210063018906,0,0,0.0376112833850155,0,0,0,0.00400120036010803,0,0.000400120036010803,0.000200060018005402,0,0,0,0,0,0.00320096028808643,0,0.00170051015304591,0.00350105031509453,0,0,0.00490147044113234,0.0191057317195159,0,0.000300090027008102,0.00130039011703511,0,0.00520156046814044,0.00290087026107832,0,0,0,0,0,0.00240072021606482,0,0,0.0152045613684105,0,0.0119035710713214,0.000500150045013504,0,0.00140042012603781,0.0789236771031309,0,0,0.00400120036010803,0,0,0.000100030009002701,0,0,0,0.00130039011703511,0.0111033309992998,0.000800240072021606,0,0,0,0.000700210063018906,0.000600180054016205,0,0,0,0,0,0,0,0,0.000100030009002701,0,0,0.00130039011703511,0,0,0,0,0,0.00150045013504051,0,0,0,0.00720216064819446,0,0,0,0.000400120036010803,0,0,0.00530159047714314,0,0,0,0,0,0.00180054016204861,0,0.000400120036010803,0.00150045013504051,0,0,0.000100030009002701,0.00570171051315395,0,0,0,0.000400120036010803,0,0.0154046213864159,0.000100030009002701,0,0,0.00200060018005402,0,0.00370111033309993,0,0,0,0,0,0.00430129038711613,0.00120036010803241,0,0,0,0,0,0.00480144043212964,0,0.000700210063018906,0,0,0,0,0,0,0,0.00190057017105132,0,0.224567370211063,0,0.00300090027008102,0.000500150045013504,0,0.000100030009002701,0.00230069020706212,0.00510153045913774,0,0,0,0.000300090027008102,0.00130039011703511,0,0.0365109532859858,0,0,0,0.00470141042312694,0,0,0,0.00290087026107832,0,0,0.000500150045013504,0,0.00550165049514854,0,0,0.0276082824847454,0,0,0,0.000100030009002701,0.00170051015304591,0,0,0.00140042012603781,0,0,0,0.00190057017105132,0,0,0,0,0,0,0,0,0,0,0.00410123036911073,0,0,0.00130039011703511,0,0,0,0,0.00880264079223767,0,0,0,0,0.0139041712513754,0,0,0.0270081024307292,0,0,0,0,0.000400120036010803,0,0.118935680704211,0,0,0.00410123036911073,0,0,0,0,0,0,0.0108032409722917,0,0,0,0,0.000100030009002701,0,0.000400120036010803,0,0,0.00900270081024307,0
0,0,0,0,0,0,0.0031996800319968,0.0028997100289971,0,0,0,0.0008999100089991,0.0001999800019998,0,0.0004999500049995,0.0001999800019998,0,0,0,0,0.0011998800119988,0.0035996400359964,0,0.0002999700029997,0.0004999500049995,0.0707929207079292,0,0,0.0053994600539946,0.0005999400059994,0.0021997800219978,0.0017998200179982,0.0004999500049995,0.0052994700529947,0,0,0.0016998300169983,0.0151984801519848,9.99900009999e-05,0,0,0,0.0070992900709929,0.010998900109989,0,0.004999500049995,0,0,0,0,0.0002999700029997,0.0005999400059994,0,0,0.0082991700829917,0.0001999800019998,0,0,0,0.0060993900609939,0.0002999700029997,0.0135986401359864,0,0.0274972502749725,0,0.0002999700029997,0.0047995200479952,0,0,0.0007999200079992,0.0082991700829917,0,0.0048995100489951,0.0007999200079992,0,0,0,0,0,0.0173982601739826,0,0,0,0,0.0252974702529747,9.99900009999e-05,0,0,0,0.0030996900309969,0,0.0003999600039996,0.0002999700029997,0,0,0,0,0,0.0041995800419958,0,0,0,0.0011998800119988,0.0037996200379962,0.0016998300169983,0,0,0.0003999600039996,0,0,0.0011998800119988,0,0,0.0016998300169983,0.0001999800019998,0,0,0.0001999800019998,0.0140985901409859,0,0,0.0001999800019998,0,0,0.0018998100189981,0,0,0,0,0,0.0158984101589841,0.186981301869813,0,0,0,0,0.0005999400059994,0.0007999200079992,0.0007999200079992,0,9.99900009999e-05,0.0003999600039996,0.0016998300169983,0,0,0,0.0064993500649935,0,0.0001999800019998,0.0015998400159984,0.0041995800419958,0.0038996100389961,0,0,9.99900009999e-05,0,0,0,0,0.0325967403259674,0.0007999200079992,0.0011998800119988,0.0010998900109989,0.0150984901509849,0,0,0.0004999500049995,0,0.0002999700029997,0.0171982801719828,0,0.0003999600039996,0,0,0,0,0.0015998400159984,0.0462953704629537,0.0005999400059994,0,0,0,0,0,0.0014998500149985,0,0,0,0.0147985201479852,0,0,0.0024997500249975,9.99900009999e-05,0,0,0,0,0,0,0,0,0,0,0,0,0.004999500049995,0,0,9.99900009999e-05,0.0001999800019998,9.99900009999e-05,0,0.0024997500249975,0,0.0014998500149985,0.0024997500249975,0.0032996700329967,0,0.0006999300069993,0,0,0.0036996300369963,0,0,0,0.0004999500049995,0.0028997100289971,0,0.0036996300369963,0,0.033996600339966,0,0.0044995500449955,0.0451954804519548,0,0.0002999700029997,0.000999900009999,0,0.0012998700129987,9.99900009999e-05,0,0.0010998900109989,0,9.99900009999e-05,0,0,0,0,0,0,0,0.0002999700029997,0.0040995900409959,0,0.0060993900609939,0.0013998600139986,9.99900009999e-05,0.0012998700129987,0.001999800019998,0.0025997400259974,0.0001999800019998,0,0,0.000999900009999,0.0176982301769823,0.0004999500049995,0,0,0,0.0008999100089991,0.0011998800119988,0,0.0087991200879912,0,0,0,9.99900009999e-05,0,0.006999300069993,0.118888111188881,9.99900009999e-05,0,0.0428957104289571,0,0,0,0,0,0.0022997700229977,0,0,0,0,0,0.0051994800519948,0,0.0007999200079992,0,0,0.0054994500549945,0
0.0014,0,0,0,0,0,1e-04,0,0,0,0,0.003,0,0,9e-04,0,0,0,0,0,0,3e-04,0,1e-04,0,0.1541,0,0,4e-04,0.0071,0.0083,0,0,0.0017,0,0,7e-04,0.0064,0.0019,0,0,0.0018,0,0.0119,0,0.043,0,0,0,0,7e-04,0,4e-04,0,0,0,1e-04,0,0,0,0,0,0,0,0,0,0.0019,8e-04,0,0,0,0,0,0,0,0,0,0,0,0,0,0,9e-04,0,0,3e-04,1e-04,0,0.0024,0.005,0,2e-04,0.0016,0,0,1e-04,0,0,0,0,0,0,0,0,4e-04,0,0,0.1681,0,0,0.0018,0,0,0.0012,0,0,0,0,0.0113,0,0,0,0,2e-04,0.0046,0,0,0,0,0,0,0,0,1e-04,0,0,2e-04,0,0.0014,0,0,0,0.0018,0,0,0,0,0,0,3e-04,0,0,0,0,0,0,0,0,0,0,0,0,9e-04,0,0,3e-04,0,0,0,0,0,0,0.0161,0,9e-04,0,0,0,0.0075,0,0,0,0,0,0,0,0,0,0,0,0,0.0053,2e-04,0,0,0,0,0,0,0,0,0,0,0,0,3e-04,0.0011,0.0055,0,1e-04,0.0057,0,0,0,0,0.0013,0.0027,0,0.0175,0,0,0,0,0,0,0,0,0,0,0,0,0,0.0026,0.0047,0,0,0,0,0,0,0,0.0028,0,0,0,0,0,0,0,0,0,0,0,0,0,4e-04,0,0,0,8e-04,0,0,0,0,0,0,0,0,0,0.2368,0,0.0013,0.0575,0,1e-04,0,0,0,0,0.1717,0,0,0.0018,0,0,0,0,0,0,0,0,0,0,4e-04,0,0,0.0034,0,0,0.0013,0
0,0,0,0,0,0,0.000299850074962519,0.000899550224887556,0,0,0,0,0,0.0166916541729135,9.99500249875062e-05,0,0,0,0,0,0,0.00419790104947526,0,9.99500249875062e-05,0,0.360219890054973,9.99500249875062e-05,0,0.000599700149925037,0.000299850074962519,0.000899550224887556,0,0,0.0156921539230385,0,0,0.00119940029985007,0.00349825087456272,0.000199900049975012,0,9.99500249875062e-05,0,0,0.0171914042978511,0,0.0225887056471764,0,0,0,0,0,0,0,0,0.00079960019990005,0,0,0,0,0.016391804097951,0,0.00329835082458771,0,0,0.000199900049975012,0,0.00919540229885057,9.99500249875062e-05,0.000399800099950025,0,0.00299850074962519,0,0,0.00139930034982509,0,0,0,0,0,0,0,0,0.000699650174912544,0,0.00569715142428786,0,0,0,0,0.00189905047476262,0,0.00269865067466267,0.000399800099950025,0,0,0,0,0,0.00719640179910045,0,0,0.00739630184907546,0,0.00139930034982509,0,0,0,0.024487756121939,0,0,9.99500249875062e-05,0,0,0.000899550224887556,0,0,0,0.000299850074962519,0.00609695152423788,9.99500249875062e-05,0,0,0,0,0.00719640179910045,0,0,0,0,0,0,0.00199900049975012,0,0.00199900049975012,0,0,0.000599700149925037,0,0,0,0,0,0,0,0,0,0.000299850074962519,0,0,9.99500249875062e-05,0.000199900049975012,0,0,0,9.99500249875062e-05,0,0,0,0,0.0138930534732634,0,0,0,0,0,0,0,0,0,0,0,9.99500249875062e-05,0,0,0.00259870064967516,0,0,0,0.00459770114942529,0,0,0,0,0,0.00199900049975012,0,0,0,0,0,0,0.0031984007996002,9.99500249875062e-05,0,0.00179910044977511,0,0,0,0,0,0,0,0,9.99500249875062e-05,0.0137931034482759,0,0,0,0,9.99500249875062e-05,0,0,0,0,0.00169915042478761,0,0.0425787106446777,0,0.0197901049475262,0.000199900049975012,0,0,0,0,0,0,0,0,0.00529735132433783,0.000299850074962519,0.00619690154922539,9.99500249875062e-05,0,0.0512743628185907,0,0,0,0,0,0,0,0,0.0353823088455772,0,0,0,0,0.000199900049975012,0.000199900049975012,0,0,0.000399800099950025,0,0,0,0.00119940029985007,0,0,0,0.000899550224887556,0,0,0.000299850074962519,0,0,0,0,0,0.000599700149925037,9.99500249875062e-05,0,0,0.0503748125937031,0,9.99500249875062e-05,0,0,0,0.00409795102448776,0.12263868065967,0,0,0.0285857071464268,0,0,0,0,0,0.00399800099950025,0.000599700149925037,0,0,0,0,0.00499750124937531,0,0,0,0,0.024087956021989,0
0,0,0,0,0,0,9.9940035978413e-05,0,0,0,0,0.000399760143913652,9.9940035978413e-05,0,0.000399760143913652,0,0,0,0,0,0,0.00609634219468319,0,0.000499700179892065,0,0.0597641415150909,0,0,0.01259244453328,0.0107935238856686,0.0400759544273436,0,0,0.00409754147511493,0,0,0.000699580251848891,0.0287827303617829,0,0,0,0.000999400359784129,0,0,0,0.0172896262242654,0,0,0.000499700179892065,0,0.000199880071956826,9.9940035978413e-05,0,0,0,0,0,0,0,0,0,0,9.9940035978413e-05,0,0,0,0.0299820107935239,0,0.000199880071956826,0,0,0,0,0,0,0,0,0,0,0.0144913052168699,0,0,0.0549670197881271,0,0,9.9940035978413e-05,0,0,0.00109934039576254,0.00379772136717969,0.00689586248251049,0.0113931641015391,0.00149910053967619,0,0,0.00109934039576254,0,0,0.00609634219468319,0,0.000999400359784129,0,0,0,0,0,0.0030981411153308,0.0705576654007595,0,0,0,0,0,0.0127923246052369,0,0,0,0.000399760143913652,0.00639616230261843,0,0.000399760143913652,0.00279832100739556,0,9.9940035978413e-05,0,0,0,0,0,0,0.00639616230261843,0,9.9940035978413e-05,0,0,9.9940035978413e-05,0.0105936438137118,0.000499700179892065,0.0101938836697981,0,0.000299820107935239,0,0,0,0,0,0.00529682190685589,0.00739556266240256,0,0,0.000199880071956826,0,0,0,0,0,0.000299820107935239,0.000299820107935239,0,0,0.000499700179892065,0,0.000699580251848891,0.24495302818309,0,0,0.000199880071956826,0,0,0,0,0,9.9940035978413e-05,0,0,0,0.00109934039576254,0.000799520287827304,0.0574655206875874,0,0,0,0,0,0,0.00399760143913652,0,0,0,0,0,0,0.000299820107935239,0,0,9.9940035978413e-05,0,0,0,0,0,0.00249850089946032,0,0,0,0.00159904057565461,0,0,0,0.00109934039576254,0,0,0.0100939436338197,0,0,0.000699580251848891,0,0.0112932240655607,9.9940035978413e-05,0,0,0.00409754147511493,0,0,0,0,9.9940035978413e-05,0,0.0203877673395962,0.00199880071956826,0,0,0.000599640215870478,0.0223865680591645,0,0,0,0,0.000499700179892065,0,0,0.00129922046771937,0,0,0,0,0,0,0,0,0,0,0.000699580251848891,0,0.00319808115130921,0.000599640215870478,0,0,0,0.00469718169098541,0,0,0,0.000499700179892065,0,9.9940035978413e-05,0,0,0,0.0061962822306616,0,0,0.00629622226664002,0,0,0,0,0,0,0.129622226664002,0,0,0,0,0,0,0,0,0.00159904057565461,0,0,0,0,0,0.000799520287827304,0,0,0,0,0.0022986208275035,0
0,0,9.99600159936026e-05,0,0,0,0,0.00269892043182727,0,0,0,0,0,0.00909636145541783,0,0.000199920031987205,0.00129948020791683,0,0,0,0.00149940023990404,0.00549780087964814,0,0,0,0.134446221511395,0,0,0,0,0,0.0380847660935626,0,0.00239904038384646,0,0,0.00429828068772491,9.99600159936026e-05,0,0,0,0,0.053078768492603,0.00129948020791683,0,0.0360855657736905,0,0,0,0,0.000599760095961615,0,0,0,0.0130947620951619,0,0,0,0,0.0353858456617353,0,0.00269892043182727,0,0,0,0,0.016593362654938,0,0,0.00429828068772491,0.00429828068772491,0,0,0.00109956017592963,0,0,0,0,0,0,0,0.00139944022391044,0.0122950819672131,0,0.0116953218712515,0,0,0.0125949620151939,0,0.000599760095961615,9.99600159936026e-05,0.00129948020791683,0,0,0,0,0,9.99600159936026e-05,0,0,0,0,0,0,0,0.000299880047980808,0.0166933226709316,0.0167932826869252,0,0,0,0,0.0128948420631747,0.0039984006397441,0,0,0,0,0.00879648140743703,0.000899640143942423,0,0,0.00179928028788485,9.99600159936026e-05,0.00959616153538585,0,0,0,0,0.00259896041583367,0.00249900039984006,0,0.0310875649740104,0,0,0,0,0,0,0,0.00289884046381447,0,0,0,0,0,0.0038984406237505,0,0,9.99600159936026e-05,0,0,0,0,9.99600159936026e-05,0,0,0,0.00239904038384646,0.00729708116753299,0,0,0,0.000199920031987205,0,0,0,0,9.99600159936026e-05,0,0,0,0,0,0,0,0,0.0741703318672531,0.022391043582567,0,0,0,0,0,0.00299880047980808,0,0,0,0,0,0.0187924830067973,0.0128948420631747,0,0,0,0,0,0,0,0,0,0,0,0,0,0,0,0,0,0,0,0,0,0,0.00159936025589764,0,0.0106957217113155,0,0.0617752898840464,0,0.0132946821271491,0,0,0,0,0,0,0,0.0112954818072771,0.00259896041583367,0.00619752099160336,0,0,0.0137944822071172,0,0,0,0,0,0.00139944022391044,0,0,0,0,0.000499800079968013,0,0.00219912035185926,0,0,0,0.00109956017592963,0,0,0,0,0.0175929628148741,0.00329868052778888,0,0,0.00609756097560976,0,0,0,0.000699720111955218,0,0,0,0,0,0.0039984006397441,0,0,0,0,0,0,0,0.000299880047980808,0,0.0913634546181527,0,0.0038984406237505,0.0465813674530188,0,0.000899640143942423,0.00139944022391044,0,0,0.00529788084766094,0.0127948820471811,0,0,0,0,0.00159936025589764,0,0.000299880047980808,0,9.99600159936026e-05,0.0126949220311875,0
0,0,0,0,0,0,9.99700089973008e-05,0,0,0,0,0.00209937018894332,0,0,0.000499850044986504,0,0,0,0,0,0,0.00159952014395681,0.000499850044986504,0.00309907027891633,0.000799760071978406,0.0686793961811457,0,0,0.0198940317904629,0,0,0,0,0.000999700089973008,0,0,0.00239928021593522,0,0,0,0,0,0.0179946016195141,0,0,0.0129961011696491,0,0,0,0,0,0,0,0,0,0.00209937018894332,0,0,0,0,0,0,9.99700089973008e-05,0,0,0,0.00829751074677597,0,0.000499850044986504,0.0188943317004899,0,0,0.00329901029691093,0,0,0,0,0,0.000399880035989203,0,0,0.00309907027891633,0,0,0,0,0,0,0.00129961011696491,0.00359892032390283,0,0.00559832050384884,0.0148955313405978,0,0,0.0200939718084575,0,0,0.00349895031490553,0,0.00159952014395681,0,0,0,0,0,0,0.0555833250024993,0,0,0.0156952914125762,0,0,0.0282915125462361,0,0,0,0.010296910926722,0.00939718084574628,0,0,0,0.000599820053983805,0,0.00359892032390283,0,0,0.0197940617814656,0,0,0.00129961011696491,0,0,0,9.99700089973008e-05,0,0.00329901029691093,0,0,0,9.99700089973008e-05,0.000299910026991902,0.00119964010796761,0,0.00849745076477057,0,0,0,0,0,0.00139958012596221,0,9.99700089973008e-05,0,9.99700089973008e-05,0,0,0,0.0228931320603819,0,0,0.000899730080975707,0.000199940017994602,0,0,0,0,0,0,0,0,0.00949715085474358,9.99700089973008e-05,0.000299910026991902,0.00109967009897031,0,0,0,0.0402879136259122,0,0,0,0,0,0,0.00279916025192442,0.000699790062981106,0,0,0,0,0.00379886034189743,0.00129961011696491,0,0,0,0,0,0,0,0,0,0,0,0,0.000399880035989203,0,0.00109967009897031,0,0,0,0,0.00319904028791363,0,0.000399880035989203,0.00969709087273818,0.00829751074677597,0,0,0,0,0,0,0,0,0,0,0,0,0,0,0,0.00189943017094872,0.0158952314305708,0,0,0,0,0,0,0,0.0371888433469959,0,0,0,0,0,0,0,0,0,0,0,0,0,0,0,0,9.99700089973008e-05,0.000599820053983805,0,0,0,0,0,0,0,0,0,0.000799760071978406,0,0.00139958012596221,0.00699790062981106,0,0,0,0,0,0.000299910026991902,0.424172748175547,0,0,0.00539838048585424,9.99700089973008e-05,0,0,0,0,0,0,0,0.000399880035989203,0,0,0.0145956213136059,0,0,0,0,0.00459862041387584,0
0,0,0,0,0,0,0,0.00459862041387584,0,0,0,9.99700089973008e-05,0,0.00239928021593522,0.0111966410076977,0,0,0,0,9.99700089973008e-05,0.00509847045886234,0.00409877036888933,0,0.00289913026092172,0.00139958012596221,0.0906727981605518,0,0,0.00159952014395681,0.00139958012596221,0.026592022393282,0,0,0.0113965810256923,0,0,0.000799760071978406,0.00319904028791363,9.99700089973008e-05,0,0,9.99700089973008e-05,0,0.00429871038688393,0,0.0458862341297611,0,0,0,0,0,0,0,0,0.000499850044986504,0,0,0,0,0.00779766070178946,0,0,0.000299910026991902,0,0,0,0.0158952314305708,0,0,0,0.00309907027891633,0,0,0,0,0.00859742077376787,0,0,0,0.00279916025192442,0,0,0,0,0.00179946016195141,0,0,0,0,0.00309907027891633,0,0.00219934019794062,0,0.00169949015295411,0.000199940017994602,0,0,9.99700089973008e-05,0.00439868039588124,0,0.00149955013495951,0,0,0,0.00179946016195141,0,0.00149955013495951,0.192442267319804,0,0,0.0118964310706788,0,0,0.00449865040487854,0.000199940017994602,0,0,0,0.017294811556533,0,0,0,0,9.99700089973008e-05,0.0377886634009797,0,0,0.0131960411876437,0,0,0.00139958012596221,0.000299910026991902,0,0,0,0,0.00429871038688393,0.000499850044986504,0.000699790062981106,0,0,0.000399880035989203,0,0,0.0380885734279716,0,0,0,0,0.000399880035989203,0.000799760071978406,0.00299910026991902,0,0,0,0,0,0,0.0213935819254224,0.0106967909627112,0,0.000699790062981106,0.000499850044986504,9.99700089973008e-05,0,0,0,0,0,0,0,0,0,0.00189943017094872,0,0,0.000699790062981106,0.0549835049485154,0.00899730080975707,0,9.99700089973008e-05,0,0,0,0,0,0,0.00869739078276517,0,0,0,0.00749775067479756,0,0,0.0143956812956113,0,0,0,0,0,0,0,0,9.99700089973008e-05,0,0.01629511146656,9.99700089973008e-05,0,0,9.99700089973008e-05,0,0,0.000499850044986504,0,0.000599820053983805,0,0.0192942117364791,0.00129961011696491,0,0,0.00539838048585424,0,0,0,0,0.000999700089973008,0.0107967609717085,0,0.0127961611516545,0.000199940017994602,0.00769769069279216,0,0.000999700089973008,0.0150954713585924,0,0,0,0,0,0.000799760071978406,0,0.0113965810256923,0,0.00159952014395681,0,0,0,0,0.000199940017994602,0,0.0226931920423873,9.99700089973008e-05,0,0,0,0,0,0.000499850044986504,0.00179946016195141,0.000899730080975707,0,0,0.000399880035989203,0,0,0,0,0,0,0.00829751074677597,0,0.00109967009897031,0.000899730080975707,0,0,0,0,0,0,0.081075677296811,0,0,0.0277916625012496,0,0,0,0,0,0.000599820053983805,0,0,0,0.000499850044986504,0,0.0108967309807058,0.000299910026991902,0,0.00269919024292712,0,0,0
0,0,0,0,0,0,0,0,0,0,0,0,9.99500249875062e-05,0,9.99500249875062e-05,0.00549725137431284,9.99500249875062e-05,0,0,0,0,0.00579710144927536,0,0.000599700149925037,0,0.134532733633183,0,9.99500249875062e-05,0.00139930034982509,9.99500249875062e-05,0,0,0,0.00539730134932534,0,0,0,0,0,0,0,0,0,0,0,0,0,0,0,0,0,0,0,0,0,0.000599700149925037,0,0,0,0,0,0,0,9.99500249875062e-05,0,0,0.00449775112443778,0,0,0,0,9.99500249875062e-05,0,0,0,0,0,0.00109945027486257,0,0.000899550224887556,0,9.99500249875062e-05,0.00369815092453773,0,0,9.99500249875062e-05,0.0619690154922539,0,0,0,0,0,0.00129935032483758,0,0,0.00119940029985007,0.000499750124937531,0,0,0,0,0,0,0,0,0,0,0.409395302348826,0,0,0,0,0.000399800099950025,0,0,0,0,0.00119940029985007,0.000599700149925037,0,0,0,9.99500249875062e-05,0.000199900049975012,0,0,0,9.99500249875062e-05,0,0,0,0.0687656171914043,0,0,0,0,9.99500249875062e-05,0,9.99500249875062e-05,0,0.00179910044977511,0,0,0,0,0,0.00229885057471264,0,0,0,0,0,0,0.0119940029985007,9.99500249875062e-05,0,0,0.0388805597201399,0,0,0,0.000299850074962519,0,0.0277861069465267,0,0,0.000499750124937531,0,0,9.99500249875062e-05,0,0,9.99500249875062e-05,0,0,0,0.000499750124937531,0,0,0,0,0,0,0,0,0,0,0,0,0,9.99500249875062e-05,0,0.000299850074962519,0,0,0,0,0,0,0,0,0,0,0,0,0.00119940029985007,0,0,0,0,9.99500249875062e-05,0,0,0,0,0.000599700149925037,0,0,0.000599700149925037,0,0.00109945027486257,0,0,0,0,0,0,0,0,0,0,0,0.000599700149925037,0.0280859570214893,0,0,0,0,0.000899550224887556,9.99500249875062e-05,0,0,0,0,0.000299850074962519,0,0,0,0,0,0,0,0,0,0,0.000199900049975012,0.00369815092453773,0,0,0,0,0,0,0.000199900049975012,0,0,0,0,0.000199900049975012,9.99500249875062e-05,0,0,0.000599700149925037,0,0,0,0,0,0,0.111244377811094,0,0.0256871564217891,0.0176911544227886,0,0,9.99500249875062e-05,0,0,0,0,0,0,0,0,0.00699650174912544,0,0.000199900049975012,0,0,0.00389805097451274,0
0,0,0,0,0,9.99700089973008e-05,0,0,0,0,0,0,9.99700089973008e-05,0,9.99700089973008e-05,0,0,9.99700089973008e-05,0,0,0.00619814055783265,0.00309907027891633,0,0,0,0.289213236029191,0,0,0.00109967009897031,0,0,0,0,0.00949715085474358,0,0,0,0,9.99700089973008e-05,9.99700089973008e-05,0,0,0,0.00989703089073278,0,0.0297910626811956,0,0,0,0,0.000199940017994602,0,0,0,0.0158952314305708,0,0,0,0,0,0,0,0,0.00149955013495951,0,0,0.00329901029691093,0,0,0,0,9.99700089973008e-05,0,0,0,0.000299910026991902,0,0,0,0.00229931020693792,0,0,0,0,0,9.99700089973008e-05,0.0155953214035789,0,0,0.00249925022493252,0,0.000199940017994602,9.99700089973008e-05,0,0,0,0,0,0,0,0,0,0,0,0,0,0,0.0577826652004399,0,0,0,0.000499850044986504,0,0.0387883634909527,0,0.00129961011696491,0,0,0.0128961311606518,0,0,0,0,9.99700089973008e-05,0.00449865040487854,0,0,0,0.000199940017994602,0,0,0.0158952314305708,0,0,0,0,0.000199940017994602,0,0,0,0.00169949015295411,0,0,0,0,0,0.00149955013495951,0,0,0.000399880035989203,0.00269919024292712,0,0,0,0,0,0,0,0,0,0,0,0,0,0,0,0,0,0,0,0,0,9.99700089973008e-05,0,0,0,0,0,0.00539838048585424,0,0,0,0,0,0.00279916025192442,0,0,0,0,0,0,0.0155953214035789,9.99700089973008e-05,0.000199940017994602,0,0,0,0,0,0,0,0,0,0.00809757072878137,0,0.000599820053983805,0.000399880035989203,0,0,0.00169949015295411,0,0,0,0,0,0,0.00609817054883535,0,0.00849745076477057,0,0.00859742077376787,0,0,0,0,0,0,0,0.0137958612416275,0,0.0101969409177247,0,0,0.00289913026092172,0,0,9.99700089973008e-05,0,0,9.99700089973008e-05,0,0,0,0,0,0,0,0,0,0,0,0,0.00139958012596221,0,0,0.000399880035989203,0,0,0.000999700089973008,0,0.000199940017994602,0,0,0.000499850044986504,0,0,0,0,0,9.99700089973008e-05,0,0,0.0137958612416275,0.000399880035989203,0,0,0,0,0.000199940017994602,0.287613715885234,0,0,0.0673797860641807,0,0,0,0,0,0,0.00999700089973008,0,0,0,0,0,0,0.000299910026991902,0,0,0.00149955013495951,0
0,0,0,0,0,0.00159856129483465,0.00429613347986812,0,0,0,0.000299730242781497,0.000199820161854331,0.000199820161854331,0,0.00159856129483465,0.00179838145668898,0.00469577380357678,9.99100809271655e-05,0,0,0,0.000299730242781497,0,9.99100809271655e-05,0,0.0773304026376261,9.99100809271655e-05,0,0.000799280647417324,0.000599460485562993,9.99100809271655e-05,0,0,0.00469577380357678,0.000399640323708662,0,0.000399640323708662,9.99100809271655e-05,0.00149865121390748,9.99100809271655e-05,0.000199820161854331,0,0,0,0,9.99100809271655e-05,0,0,0,0,0,0,0,0,0,0,0,9.99100809271655e-05,0,0.000799280647417324,0,0,9.99100809271655e-05,0.000799280647417324,0,0.00639424517933859,0,0.000799280647417324,0,0,0.000599460485562993,0,0,0,0,0,0,0,0,0.000499550404635828,0,0.00089919072834449,0,0,0,0.000299730242781497,0,0,0.000399640323708662,0.00249775202317914,0.00819262663602758,0.000399640323708662,0.00409631331801379,0,0,0,0,0,0.00229793186132481,0,0,0,0,0,9.99100809271655e-05,0,0,0.000499550404635828,0,0,0.00629433509841143,0,0,0.00139874113298032,0.000399640323708662,0,0,0.00089919072834449,0.000399640323708662,0,0,0,0,0.000299730242781497,0.00379658307523229,0,0,0,0,0,0,0.000799280647417324,0,0.000599460485562993,0,0,0.000499550404635828,0,0,0,9.99100809271655e-05,0,0,0,0,0,0.000199820161854331,0,0.000199820161854331,0.00159856129483465,0,0,0,0,0,0,0,0,0,0,9.99100809271655e-05,0,0,0.0230792286941752,0,9.99100809271655e-05,0.000299730242781497,0,0,0,0.00089919072834449,0,9.99100809271655e-05,0.00109901089019882,0,0,0,9.99100809271655e-05,0,0,0,0,0,0,9.99100809271655e-05,0.00139874113298032,0,0,0,0,0,0.00109901089019882,9.99100809271655e-05,0,0,0,0,0,0,0,0,0,0,0,0,0.00249775202317914,0,0.000399640323708662,9.99100809271655e-05,0.00109901089019882,0,0,0,9.99100809271655e-05,0.000499550404635828,0.000499550404635828,0.000199820161854331,0,9.99100809271655e-05,0,0,0,0,0,0,0.000299730242781497,0,0,0,0,0.00279748226596064,0.000599460485562993,0.000499550404635828,0.109101808372465,0,0,0,0,0.000399640323708662,0,0,0.00089919072834449,0,0,0.000199820161854331,0.000799280647417324,0.000799280647417324,9.99100809271655e-05,0,0,0,9.99100809271655e-05,9.99100809271655e-05,0,9.99100809271655e-05,9.99100809271655e-05,9.99100809271655e-05,0,9.99100809271655e-05,0.000499550404635828,0.000199820161854331,0,0,0.000599460485562993,9.99100809271655e-05,9.99100809271655e-05,0,0,0,0.64082325906684,0,0,0.0523528824058348,0,9.99100809271655e-05,0,0,0.000399640323708662,9.99100809271655e-05,0.000199820161854331,0,0,0.00249775202317914,0,0,0,0,0.000999100809271655,0,0,0,0,0,0,9.99100809271655e-05,0,0.000399640323708662,0,0,0.000599460485562993,0
0,0,0,0,0,0,0,0,0,0,0,0,0,0,0.00429914017196561,0,0,0,0,0,0,0.0002999400119976,0,0,0,0.353029394121176,0,0,0.0016996600679864,0,0.000699860027994401,0,0,0.00719856028794241,0,0,0.0001999600079984,0.001499700059988,0,0,0,0,0,9.99800039992002e-05,0,0,0,0,0.0010997800439912,0,0,0,0,9.99800039992002e-05,0,0,0,0,0,0.000799840031993601,0,0,0,0,0.017996400719856,0,0.0011997600479904,0,0,0,0.000399920015996801,0,0,0,0,0,9.99800039992002e-05,0,0,0.000399920015996801,0,0,0,0,0,0,0,0,0,0,0,0,0.000599880023995201,0,0,9.99800039992002e-05,0,0,0,0,0,0,0,0,0,0,0,0.220455908818236,0,0,0,0,0,0,0,0.000699860027994401,0,0.0001999600079984,0.000799840031993601,0,9.99800039992002e-05,0,0,0,0,0,0,0,0,0,0,0,0,0,0,0,0.00579884023195361,0,0,0,0.0013997200559888,0,0,0,0,0,9.99800039992002e-05,0,0,0.000499900019996001,0.000399920015996801,0,0,0.001999600079984,0,0,0,0,0,0,0,0,0,0,0,0,0,0,0,0,9.99800039992002e-05,0,0,0,0,0,0,9.99800039992002e-05,0.00379924015196961,0,0,0,0,0,0.000999800039992002,0,0,0,0,0,0,0,0,0,0,0,0,0,0,0,0,0,0.167166566686663,0.00789842031593681,0,0.000599880023995201,0,9.99800039992002e-05,0,0,0,0,0,0,0,0,0.00459908018396321,0.000399920015996801,9.99800039992002e-05,0,0.0012997400519896,0,0,0,0,0,0,0,0.000699860027994401,0,0,0,0,0.0420915816836633,0,0,0.0002999400119976,0.000399920015996801,0,0,0,0,0,0.0015996800639872,0,0.0022995400919816,0,0,0,0,0,9.99800039992002e-05,0,0,0.000599880023995201,0.000399920015996801,0,0,0,0,0.0010997800439912,0,0,9.99800039992002e-05,0,0,0,0,0.0001999600079984,0.000999800039992002,0,0,0.0010997800439912,0,0,0,0,0,0,0.13127374525095,0,0,0,0,0,9.99800039992002e-05,0,0,0.000599880023995201,0,0,0,0,0,0,0,0.0013997200559888,0,0,0.0031993601279744,0
0,0,0,0,0,0,0.000300120048019208,0,0,0,0,0,0,0,0.0102040816326531,0,0,0,0,0,0,0.000800320128051221,0,0.00270108043217287,0,0.000700280112044818,0,0,0.00140056022408964,0,0,0,0,0.000100040016006403,0,0,0.00410164065626251,0.0210084033613445,0,0,0,0,0,0.00860344137655062,0,0.00140056022408964,0,0.00140056022408964,0,0,0,0,0,0,0,0,0,0,0,0.00360144057623049,0,0,0,0,0,0,0.00850340136054422,0,0,0,0.00180072028811525,0,0,0,0,0,0,0,0,0.00480192076830732,0,0,0.0327130852340936,0.000100040016006403,0,0,0,0,0,0,0,0.00040016006402561,0.000900360144057623,0,0,0.0331132452981193,0,0,0.00040016006402561,0,0,0,0,0.00460184073629452,0.000100040016006403,0.00100040016006403,0,0.132252901160464,0,0,0,0,0,0.00330132052821128,0.000100040016006403,0,0,0,0.0355142056822729,0,0,0,0,0.00040016006402561,0,0,0.0700280112044818,0.00760304121648659,0,0,0.00170068027210884,0.0580232092837135,0,0,0,0,0.203781512605042,0,0,0,0.0130052020808323,0,0,0,0,0,0.0100040016006403,0,0,0,0.00330132052821128,0,0.000700280112044818,0.00200080032012805,0.000300120048019208,0,0,0,0,0.00100040016006403,0.00430172068827531,0,0,0,0,0,0.000500200080032013,0,0,0,0.000900360144057623,0,0,0,0,0,0.000900360144057623,0,0.00210084033613445,0,0,0,0,0,0.00290116046418567,0,0,0,0,0,0,0.0219087635054022,0.000500200080032013,0,0,0,0,0,0,0,0,0,0,0,0,0.00230092036814726,0,0,0,0.00160064025610244,0,0,0,0,0.000900360144057623,0,0.000200080032012805,0.00920368147258904,0.00160064025610244,0,0,0.0131052420968387,0,0,0,0,0,0,0.00240096038415366,0,0.0448179271708683,0,0,0.00040016006402561,0,0,0.000800320128051221,0,0,0,0,0,0,0,0,0,0,0,0,0,0,0.00100040016006403,0.0104041616646659,0,0,0,0,0,0.000200080032012805,0.00120048019207683,0,0,0,0,0.000200080032012805,0,0,0,0,0,0,0.00260104041616647,0.01640656262505,0,0,0,0,0,0,0.144857943177271,0,0,0.00100040016006403,0,0,0,0,0,0.0201080432172869,0,0,0,0,0,0,0,0.00230092036814726,0,0,0.000600240096038415,0
0,0,0,0,0,0,0.0025997400259974,0.0014998500149985,0,0,0,0,0,0.0282971702829717,0.0003999600039996,0,0,0,0,0,0.0028997100289971,0.0046995300469953,0,0,0,0.0001999800019998,0,0,0.0016998300169983,0,0.0091990800919908,0,0,0,0.0002999700029997,0,0.0034996500349965,0.0061993800619938,0.0002999700029997,0,0,0,0,0.0065993400659934,0,0.028997100289971,0,9.99900009999e-05,9.99900009999e-05,0,9.99900009999e-05,0,0,0,0,0,0,0,0,0.0003999600039996,0,0.0005999400059994,0.0001999800019998,0,0,0,0.0180981901809819,0,0,0,0,0,0,0.0007999200079992,0,0,0,0,0,0,0,0,0.0043995600439956,9.99900009999e-05,0,0,0.0011998800119988,0,0,0.0041995800419958,0,0.0015998400159984,0.0020997900209979,0,0,0.0011998800119988,0,0,0,0,0,0,0,0,0,0.0002999700029997,0.0022997700229977,0.218578142185781,0,0,0,0,0,0.0050994900509949,0,0,0,0,0.0075992400759924,9.99900009999e-05,0,0,0,9.99900009999e-05,0.0044995500449955,0,0,0,0,0,0.0015998400159984,0.0012998700129987,0,9.99900009999e-05,0,0,0.0345965403459654,0,0,0,0,0,0,0,0.0125987401259874,0,0,0,0,0.0007999200079992,0,0.0001999800019998,0,0,0.0014998500149985,0,0,0,0,0,9.99900009999e-05,0,0,0,0,0,0,0,0,0.0187981201879812,0,0,9.99900009999e-05,0,0,0,0,0,0.0176982301769823,0,0,0,0,0,0,0,0,0,0,0,0,0.0047995200479952,9.99900009999e-05,0,0,9.99900009999e-05,0,0,0,0,0,0,0,0.0407959204079592,0,0.0002999700029997,0,0,0,0.0017998200179982,0,0,0,0,0.000999900009999,0,0.0085991400859914,0.0044995500449955,0,0,0.0078992100789921,0,0.0005999400059994,0,0,0,0,0,0.0006999300069993,0,0.0023997600239976,9.99900009999e-05,0,0.188481151884812,0,0,0,0,0,0,0,0,0,0,0,0,0,0,0,0,9.99900009999e-05,0,0,0,0,0,0,0,9.99900009999e-05,0.0008999100089991,0,0,0,0,0,0,0,0,0,0.0028997100289971,0,0.0013998600139986,0,0.0003999600039996,0,0,0,9.99900009999e-05,0,0.253274672532747,0,0,0,0,0,0,0,0,0.0010998900109989,0.005999400059994,0,0,0,0,0.0026997300269973,0,0.0008999100089991,0,0,0.0073992600739926,0
0,0,0,0,0,0,0,0.0119035710713214,0,0,0,0.000700210063018906,0,0,0.000900270081024307,0,0.00580174052215665,0,0,0,0,0.00500150045013504,0,0.00170051015304591,0,0.0191057317195159,0,0,0.00160048014404321,0.00180054016204861,0.00740222066619986,0,0,0.016705011503451,0.00130039011703511,0,0.00130039011703511,0.0218065419625888,0,0,0,0.00610183054916475,0.0415124537361208,0,0,0.00190057017105132,0,0,0,0,0,0,0.00100030009002701,0,0.00480144043212964,0.000300090027008102,0,0.000200060018005402,0,0,0,0.000200060018005402,0,0,0,0,0.00400120036010803,0.000400120036010803,0,0,0,0,0,0.000300090027008102,0,0,0,0,0,0.00740222066619986,0,0,0.000200060018005402,0,0.00230069020706212,0,0,0,0.00270081024307292,0.00110033009902971,0,0,0.00890267080124037,0,0,0,0,0,0.0140042012603781,0,0.00110033009902971,0.00210063018905672,0,0,0,0,0,0.119935980794238,0,0,0.00640192057617285,0,0,0.00140042012603781,0,0,0,0.148344503351005,0.00140042012603781,0.000300090027008102,0,0,0,0,0.0191057317195159,0,0,0,0,0,0,0,0,0,0,0,0.00880264079223767,0.00230069020706212,0,0,0,0,0.00160048014404321,0,0,0,0,0,0,0,0.000200060018005402,0,0,0,0,0.000100030009002701,0,0,0,0,0,0.00210063018905672,0,0,0,0,0.000700210063018906,0,0,0.000400120036010803,0,0.00430129038711613,0,0.000500150045013504,0,0,0.00200060018005402,0.000400120036010803,0,0,0,0,0,0,0,0.000400120036010803,0,0,0,0,0,0.014704411323397,0.000300090027008102,0,0,0,0,0,0,0,0,0.00300090027008102,0,0,0,0.00200060018005402,0,0,0.000200060018005402,0.000500150045013504,0,0,0,0,0.000700210063018906,0,0,0,0.0578173452035611,0,0.0142042612783835,0,0,0.000200060018005402,0,0,0,0,0.0119035710713214,0,0.00550165049514854,0,0.00270081024307292,0.0279083725117535,0,0,0,0,0.00130039011703511,0.000700210063018906,0,0.0300090027008102,0,0,0.00110033009902971,0,0,0.00180054016204861,0,0,0,0,0,0.000100030009002701,0.00160048014404321,0.00200060018005402,0,0,0,0.00140042012603781,0,0,0,0.00160048014404321,0,0,0,0,0.0131039311793538,0.00470141042312694,0,0.0171051315394618,0.00530159047714314,0,0.00110033009902971,0,0,0,0,0.195658697609283,0,0,0.0188056416925078,0,0,0,0,0.000500150045013504,0,0.00650195058517555,0,0,0,0,0.0162048614584375,0,0.0163048914674402,0,0,0.00320096028808643,0
0,0,9.99800039992002e-05,0.0001999600079984,0,0,0.0001999600079984,0,0,0,0,0.000499900019996001,0,0.0531893621275745,0.0015996800639872,0.000699860027994401,0,0,0,0,0.00699860027994401,9.99800039992002e-05,0,0.0002999400119976,0,0.00719856028794241,0,0,0.000799840031993601,0,0,0,0,0,0,0,0.000599880023995201,0.0001999600079984,0,0,0,0.00379924015196961,0.0218956208758248,0.001499700059988,0,0.0018996200759848,0,0,0,0,0,0.00379924015196961,0,0,0,0,0,9.99800039992002e-05,0.0002999400119976,9.99800039992002e-05,0,0,9.99800039992002e-05,0,0.0023995200959808,0.0015996800639872,0.0012997400519896,0.000699860027994401,0,0.00379924015196961,0,0,0,0.0022995400919816,0,0,0,0,0,0.0011997600479904,0,0.0001999600079984,0,0,0.0026994601079784,0,0.0002999400119976,0,0.0002999400119976,0,0.103579284143171,0.000699860027994401,0.0027994401119776,0,0,0.000799840031993601,0,0,0.000899820035992801,0,0.000899820035992801,0,0,0,0.000399920015996801,0,0.00699860027994401,0.509298140371926,0.0145970805838832,0.0031993601279744,0,0,0,0,0,9.99800039992002e-05,0,0.0018996200759848,0.00629874025194961,0,0,0,0,0,0.000799840031993601,0.000899820035992801,9.99800039992002e-05,0,0,0,0,0.0506898620275945,0,0.000399920015996801,0,0,0.0002999400119976,0.0016996600679864,0,0,0.0228954209158168,0,0.0010997800439912,0,0,0,0,0,0,0.000699860027994401,0.0013997200559888,0,0,0,0,0,0,0.000999800039992002,0.000899820035992801,0.0001999600079984,0,0.0023995200959808,0,0.0002999400119976,0,0.0001999600079984,0,0,0,0,0.000699860027994401,0,0,9.99800039992002e-05,0,0,0,0.000999800039992002,0.000999800039992002,0,0.000999800039992002,0,0,0,0.0001999600079984,0,0,0,0,0,0,0.0021995600879824,0,0,0,0,0,0,0.0001999600079984,0,0,0,0,0,0,0.001999600079984,0,0,0,9.99800039992002e-05,0,0,0.000699860027994401,0,0.0001999600079984,0,0.0028994201159768,0,0,0,0,0,0,0,9.99800039992002e-05,0,0,0,0,0,0.00449910017996401,0,0,9.99800039992002e-05,0,0,0,0,0.000899820035992801,0,0,0.0177964407118576,0,0,0,0,0,0.0002999400119976,0,0,0.0112977404519096,0.000499900019996001,0,0,0,0.0001999600079984,0.00729854029194161,0,0,0.000699860027994401,9.99800039992002e-05,0,0,0.000399920015996801,0,0,0,0.00709858028394321,0.00419916016796641,0.013997200559888,0,0,0.00709858028394321,0,9.99800039992002e-05,0,0,0,9.99800039992002e-05,0.0460907818436313,0,0,9.99800039992002e-05,0,0,0,0,0.0020995800839832,0.0001999600079984,0.000399920015996801,0,0,0,0,9.99800039992002e-05,0,0.0002999400119976,0,0,0.0001999600079984,0
0,0,0,0,0,0,0,0,0,0,0,0,0,0,0.00349720223820943,0,0,0,0,0,0,0,0,0,0,0.325639488409273,0,0,0.00119904076738609,9.99200639488409e-05,9.99200639488409e-05,0,0,0,0,0,9.99200639488409e-05,0,0,0,0,0,0,0,0,0.0350719424460432,0,0,0,0,0,0,0,0,0.000199840127897682,0,0,9.99200639488409e-05,0,0.00649480415667466,0,0.00109912070343725,0,0,0,0,0.0127897681854516,0,0,0,0.0016986410871303,0,0,0,0,0,0,0,0,0.00669464428457234,0,9.99200639488409e-05,0.000499600319744205,0,0,0.00909272581934452,0,0,0,0,0,0,0.0103916866506795,0,0,0.00729416466826539,0,0,0.000199840127897682,0,0,0.0126898481215028,0,0,0,0,0.00669464428457234,0.061550759392486,0,0,0,0,9.99200639488409e-05,0.0122901678657074,0,0,0,0,0.00309752198241407,0,0,0,0,0.000999200639488409,0.0329736211031175,0,0,0,0,0,0.000999200639488409,0.000999200639488409,0,0,0,0,0.000699440447641887,0,0,0,0.000199840127897682,0,0,0,0,0,0,0,0,0.00129896083133493,0.00109912070343725,0.000299760191846523,0,0,9.99200639488409e-05,0,0,0,0,0.000799360511590727,0,0,0,0.00589528377298161,0,0,0,0,0,0,0,0,0,0,0,0,0,9.99200639488409e-05,0,0,0,0,0,0,0,0,0,0,0,0,0,0,0,0,0,0.0016986410871303,0,9.99200639488409e-05,0,0,0,0,0,9.99200639488409e-05,0,0.000899280575539568,0,0,0.000399680255795364,0.000299760191846523,0,0,0,0,0,0,0.00639488409272582,0.000199840127897682,0,0,0,0.000199840127897682,0,0,0,0,0,0,0.00909272581934452,0,0,0,0,0.15427657873701,0,0,0,0,0,0,0,0,0,0,0,0.000599520383693046,0,0,0,0,0.0995203836930456,0,0,0,9.99200639488409e-05,0.000299760191846523,0,0,0,0,0,0.0016986410871303,0,0,0,0,0,0,0,0.0165867306155076,0,0,0.0211830535571543,0,0,0,0,0,0,0.117905675459632,0,0,0,0,0,0.000899280575539568,0,0,0.000899280575539568,0,0,0,0,0,9.99200639488409e-05,0,0,0,0,0.00129896083133493,0
0,0,0,0,0,0,0,0,0,0,0,0,0,0,0,0,0,0,0,0.000299790146897172,0,0,0,9.9930048965724e-05,0,0.0224842610172879,0,0,0.00049965024482862,9.9930048965724e-05,0.0141900669531328,0.0298790846407515,0,9.9930048965724e-05,0,0,0.00349755171380034,0.00319776156690317,0,9.9930048965724e-05,0,0,0,0,0,0.0108923753372639,0,0,0,0,0,0,0,0,0,0,0,0,0,0.00299790146897172,9.9930048965724e-05,0,0.000699510342760068,0,0,0,0,0,0,0.0188867792545218,0,0,0,0,0,0,0,0,0,0.0100929349455381,0,0,0.00139902068552014,0,0,0,0,9.9930048965724e-05,0,0,0,9.9930048965724e-05,9.9930048965724e-05,0,0,9.9930048965724e-05,0,0.000199860097931448,0.0053962226441491,0,0,0.00099930048965724,0,0,0,0,0,0.0711501948635955,0,0,0,0,0,0,0,0,0,0,0,0,0,0,0,9.9930048965724e-05,0.0074947536724293,0,0,0,0,0,0.0101928649945038,0,0,0.000299790146897172,0,0,0,0,0,0,0.0446687318876786,0,0,0,0,0,0,0,0,0,0,0,0,0,0,0,0,0,0,0,0,0,0,0.319876086739283,0,0,0,0,0,0,0,0,9.9930048965724e-05,0,0,0,0,0,0.00479664235035475,9.9930048965724e-05,0,0,0,0,0.000599580293794344,0,0,0,0,0,0,0.00489657239932048,9.9930048965724e-05,0,0,0,0,0,0,0.000199860097931448,0,0,0,0,0.170780453682422,0.00049965024482862,0,0,0,0.000199860097931448,0,0,0,0,0.000199860097931448,0,0.00629559308484061,0,9.9930048965724e-05,0,0.000399720195862896,0,0,0,0,0,0,0,0,0,0,0,0,0.0243829319476367,0,0,0,0,0,0,0,0,0,0,9.9930048965724e-05,0,0.00189867093034876,0,0,0,0,0,0.00309783151793744,0,0,0.00049965024482862,0,0,0,0,0,0,0.000299790146897172,0.002897971420006,9.9930048965724e-05,0,0,0,0,9.9930048965724e-05,0,0,0,0,9.9930048965724e-05,0,0,0,0.00099930048965724,0.188268212251424,0,0,0.000199860097931448,0,0,0,0,0,0,0.00649545318277206,0,0,0,0,0,0,0.000399720195862896,0,0,0.000599580293794344,0
0,0.0005000500050005,0.0005000500050005,0,0,0,0.0216021602160216,0.0188018801880188,0,0,0,0,0,0,0.0007000700070007,0,0,0,0.0001000100010001,0,0,0.0129012901290129,0,0,0.0001000100010001,0.151415141514151,0,0,0.0078007800780078,0.0001000100010001,0,0,0,0.0074007400740074,0,0,0.0002000200020002,0,0,0,0,0,0,0.0475047504750475,0,0.0184018401840184,0,0,0,0,0,0,0,0,0.0067006700670067,0.0001000100010001,0,0,0,0,0,0.0213021302130213,0,0,0,0,0.0038003800380038,0,0,0,0,0,0.0011001100110011,0.0167016701670167,0,0,0,0,0,0,0,0,0,0,0.112511251125113,0.0007000700070007,0,0,0,0,0,0,0,0,0,0,0.0011001100110011,0,0.0023002300230023,0,0,0.0018001800180018,0.0014001400140014,0.0025002500250025,0,0.0006000600060006,0,0.0012001200120012,0,0,0,0,0,0.0003000300030003,0,0,0,0,0.0268026802680268,0,0.0007000700070007,0,0,0,0.0049004900490049,0.0873087308730873,0,0,0,0,0.0143014301430143,0.0167016701670167,0,0,0,0,0,0,0,0.0004000400040004,0.0009000900090009,0,0,0,0,0,0.0029002900290029,0.0014001400140014,0,0,0.0024002400240024,0,0,0.0003000300030003,0,0.0004000400040004,0,0,0,0.0049004900490049,0,0,0,0,0,0,0,0,0.0002000200020002,0,0,0,0,0,0,0,0,0.0569056905690569,0,0,0,0,0,0.0002000200020002,0,0,0,0,0,0,0,0,0.0002000200020002,0,0.0033003300330033,0,0,0.0007000700070007,0,0,0,0,0,0.0002000200020002,0,0.0014001400140014,0,0,0,0,0,0,0,0,0,0,0,0,0.0351035103510351,0,0,0,0,0,0,0,0,0,0.0043004300430043,0.0015001500150015,0.0224022402240224,0,0.0002000200020002,0.0089008900890089,0,0,0.0003000300030003,0,0,0.0008000800080008,0,0,0,0,0,0,0.0106010601060106,0,0,0,0,0,0,0,0.0004000400040004,0,0.0005000500050005,0,0,0.0049004900490049,0,0,0.0016001600160016,0.0001000100010001,0.0001000100010001,0,0,0,0,0,0,0,0,0,0,0,0,0,0,0.150615061506151,0,0,0.0488048804880488,0,0,0,0,0,0.0112011201120112,0.0059005900590059,0,0.002000200020002,0,0,0.0001000100010001,0,0.0001000100010001,0,0,0,0
0,0,0,0,0,0,0,0,0,0,0,0.00039984006397441,9.99600159936026e-05,0.00509796081567373,0.00269892043182727,0,0.00159936025589764,0,0,0,0.00229908036785286,0.00289884046381447,0,9.99600159936026e-05,0,0.219712115153938,0,0,0.000199920031987205,0.00079968012794882,0.0130947620951619,0,0.000199920031987205,0.0079968012794882,0,0,9.99600159936026e-05,0.000299880047980808,0.000299880047980808,0,0,0.000999600159936026,0,0.00139944022391044,0,0.00139944022391044,0,0,0,0,9.99600159936026e-05,0.00249900039984006,0.000599760095961615,0,0.00469812075169932,0,0,0,0,0,0,0,0,0,0,0,0.0105957616953219,0,0,0,0.00109956017592963,9.99600159936026e-05,0,0.000499800079968013,0,0,0,0,0,0.00369852059176329,0,0.00039984006397441,0.000299880047980808,0,0,0.000199920031987205,0,0,0,0.000999600159936026,0,0.000499800079968013,0.0117952818872451,0,0,0,0,0,0.00639744102359056,0,0,0,0,0,0,0,0.000299880047980808,0.255397840863655,0,0,0.0123950419832067,0,0,0.00079968012794882,0,0,0,0.00709716113554578,0.000699720111955218,0,0,0,0,0.00509796081567373,0.00109956017592963,0,0,0,0,0,9.99600159936026e-05,0.00079968012794882,0,0,0,0,0.000299880047980808,0,0.000699720111955218,0,0.053578568572571,0.000199920031987205,0,0,0.00129948020791683,0,0,0,0,0.000199920031987205,0.000199920031987205,0.00219912035185926,0,0,0,0,0,0,0,0,0,0,0,0,0,9.99600159936026e-05,0.00139944022391044,0,0,0,0,0,0,0,0,0,0.00109956017592963,0,0.00189924030387845,9.99600159936026e-05,0,0,0,0,0.000299880047980808,0,0,0,0,0,0,0.00129948020791683,9.99600159936026e-05,0,0,0,0,0,0,0,0,0,0,0,0,0.00569772091163535,0.000899640143942423,0,0.000299880047980808,0.00039984006397441,0,0,0,0.000999600159936026,0.000199920031987205,0.00179928028788485,0.00529788084766094,0,0.0216913234706118,0,0,0,0,0,0,0,0,0,0.00459816073570572,0,0.00369852059176329,0,0.00149940023990404,0.0787684926029588,0,0,0,0,0,9.99600159936026e-05,0,0.0109956017592963,0,0,0,0,0,0,0,0,0.00879648140743703,9.99600159936026e-05,0.000899640143942423,0,0.00109956017592963,0,0.00129948020791683,0,0.000699720111955218,0.000499800079968013,0,0,0,0.000299880047980808,0.00639744102359056,0,0,0,0,0.000599760095961615,0,9.99600159936026e-05,0.0407836865253898,9.99600159936026e-05,0,0,0,9.99600159936026e-05,0.000199920031987205,0.113154738104758,0,0,0.0079968012794882,0,0,0,0,0,0,0.000599760095961615,0,0,0,0,0.0174930027988804,0,0.000299880047980808,0,0,0.00659736105557777,0
0,0,0,0,0,0,0,0,0.0001000200040008,0,0,0,0.0001000200040008,0,0.0002000400080016,0,0.000800160032006401,0.0003000600120024,0.0001000200040008,0.00820164032806561,0.0023004600920184,0.003000600120024,0,0.0327065413082617,0,0.173634726945389,0,0,0.0284056811362272,0.0124024804960992,0.0373074614922985,0,0,0.00540108021604321,0,0,0,0,0,0,0,0.0002000400080016,0,0.0125025005001,0,0.0134026805361072,0,0.000700140028005601,0,0,0,0,0.0001000200040008,0.000500100020004001,0.00390078015603121,0,0,0,0.0014002800560112,0,0,0,0,0,0,0,0.0455091018203641,0,0,0,0.00370074014802961,0,0,0.000700140028005601,0,0,0,0,0,0.00700140028005601,0,0,0.0104020804160832,0,0,0.0001000200040008,0.0267053410682136,0,0,0.0012002400480096,0,0,0.0171034206841368,0,0,0.00450090018003601,0,0,0.0014002800560112,0,0,0,0,0,0,0,0,0.118523704740948,0,0,0,0,0,0.00370074014802961,0.0001000200040008,0.000900180036007201,0,0,0.0139027805561112,0,0,0,0,0.0002000400080016,0.00590118023604721,0.0002000400080016,0,0,0.000600120024004801,0,0.00600120024004801,0.000800160032006401,0,0,0,0,0.00340068013602721,0,0,0,0.001500300060012,0,0,0,0,0,0,0,0,0.0001000200040008,0.001500300060012,0.002000400080016,0.00400080016003201,0,0,0,0,0,0,0.00790158031606321,0,0,0,0,0,0,0,0,0.0001000200040008,0,0,0,0,0,0,0,0.000500100020004001,0,0.0306061212242448,0,0.0001000200040008,0,0,0,0.00380076015203041,0,0,0.0002000400080016,0,0,0.000500100020004001,0,0,0.000600120024004801,0,0,0,0,0,0,0,0,0,0.0001000200040008,0,0.00500100020004001,0,0,0,0.0026005201040208,0,0.0001000200040008,0,0.0014002800560112,0.000500100020004001,0,0,0,0.0297059411882376,0,0.0672134426885377,0,0,0,0,0,0,0,0.0014002800560112,0,0.0258051610322064,0,0,0.0217043408681736,0,0,0.0002000400080016,0,0,0.0001000200040008,0,0,0,0,0,0.001000200040008,0,0,0,0,0,0,0,0,0,0.0011002200440088,0.0001000200040008,0,0.000600120024004801,0.0174034806961392,0.0001000200040008,0,0,0.0002000400080016,0,0,0,0,0,0.0107021404280856,0,0.0199039807961592,0.00800160032006401,0.000500100020004001,0,0,0,0.0001000200040008,0,0.0324064812962593,0.0003000600120024,0,0.0446089217843569,0,0,0,0,0,0.00370074014802961,0.0226045209041808,0,0,0,0,0,0.00320064012802561,0.00850170034006801,0,0,0.00550110022004401,0
0,0,0,0,0,0,9.99600159936026e-05,0,0.158336665333866,0,0,0,0,0,0.00329868052778888,0,0,0,0,0,0.00039984006397441,0,0,0.000199920031987205,0,0.39234306277489,0,0,0.000899640143942423,0.000199920031987205,0.00039984006397441,0,0,0.0124950019992003,0,0,0.000299880047980808,0,0,0,0,0,0,0,0,0,0,0,0,9.99600159936026e-05,0,0,0,0,0,0,9.99600159936026e-05,9.99600159936026e-05,0,0,0.000599760095961615,0,9.99600159936026e-05,0,0,0.00499800079968013,0.04828068772491,9.99600159936026e-05,0,0,0,0,0,0,0,0,0,0,0,0,0,0,0,0,0.00669732107157137,0.00279888044782087,0,9.99600159936026e-05,0,0.000699720111955218,0,0,0.000199920031987205,0,0,0,0,0,0,0,0,0.00719712115153938,0,0,0.000299880047980808,0,0.00569772091163535,0,0,0,0,0,0,0.00619752099160336,0,0,0,0.000299880047980808,0.00479808076769292,9.99600159936026e-05,0,0,0,0.000199920031987205,0.00429828068772491,0.00819672131147541,0,0,0,0,0,0.00079968012794882,0,9.99600159936026e-05,0,0,0.00189924030387845,0,0,0,0.00169932027189124,0,0,0,0,0,0,0,0,9.99600159936026e-05,9.99600159936026e-05,0.00299880047980808,9.99600159936026e-05,0,0,0,0,0,0,0.00179928028788485,0,0,0,0,0,0,0,9.99600159936026e-05,0,0,0,0,0,0,0,0,0,0.00149940023990404,0,0,0,0,0,0,0,9.99600159936026e-05,0,0,0,0,0,0.00139944022391044,9.99600159936026e-05,0,0.00359856057576969,0,0,0,0,0,0,0,0,0,0,0.000599760095961615,0,0,0.000199920031987205,9.99600159936026e-05,0,0,0,0,0,0,0,0,0.0039984006397441,0,0,0,0,0,0,0,0,0,0,0,0.00109956017592963,0,0,0.0606757297081168,0,0,0,0,9.99600159936026e-05,0.0176929228308677,0,0,0.00169932027189124,0,0,0,0,9.99600159936026e-05,0,0,0.000199920031987205,0,0,0,0,0.000999600159936026,0.00039984006397441,0,0,0,0.000199920031987205,0,0,0,0,0,0,0,0.00139944022391044,0.0206917233106757,0,0,0.0264894042383047,0.00039984006397441,0.00119952019192323,0,0.000299880047980808,0,9.99600159936026e-05,0.122451019592163,0,0,0.0302878848460616,0,0,0,0,0.000499800079968013,0.00159936025589764,0.00119952019192323,0,0,0,0,9.99600159936026e-05,0,0.00659736105557777,0,0,0.0110955617752899,0
0,0,0,0,0,0,0,0,0,0,0,0,0,0,0,0,0,0,0,0,0,0,0,0,0,0.2507,0,0,0,0,0,0,0,0,0,0,0.0018,0.1406,0,0,0,0,0,0,0,0,0,0,0,0,0,0,0,0,0,0,0,0,0,0,0,0,0,0,0,0,0,0,0,0,0,0,0,0,0,0.0517,0,0,0,0,0,0,0,0,0,0,0.0302,0,0,0,0,0,0,0,0,0,0.0054,0,0.0166,0,0,0,0,0,0,0,0,0,0,0,0,0,0,0,0,0,0,0,0,0,0,0,0,1e-04,0,0,0,0,0,0,0,0,0,0,0,0,0.0056,0,0,0,0,0,0,0,0,0,0,0,0,0,0,0,0,0,0,0,0,0.0072,0,0,0,0,0,0,0,0,0,0,0,0,0,0,0,0,0.0172,0,0,0,0,0,0,0,0,0,0,0,1e-04,0,0,0,0,0.0569,0,0,0,0,0,0,0,0,0,0,0,0,0,0,0,0,0,0,0,0,0,0,0,0,0,0,0,0,0,0,0,0,0,0,0,0,0,0,0,0,0,0.05,0,0,0,0,0,0,0,0,0,0,0,0,0,0,0,0,0,0,0,0,0,0,9e-04,0,0,0,0,0,0,0,0,0,0,0,0,4e-04,0,0,0.0166,0,0,0,0,0,0,0.348,0,0,0,0,0,0,0,0,0,0,0,0,0,0,0,0,0,0,0,0,0
0,0,0,0,0,0,0.000699580251848891,0,0,0,0,0,0,0,0.0664601239256446,0,0,0,0,0,0,0,0,0.000599640215870478,0,0.428342994203478,0,0,0.000699580251848891,9.9940035978413e-05,9.9940035978413e-05,0,0,0,0,0,0,0,0,0,0,0,0,0,0,0,0,0,0,9.9940035978413e-05,0,0,0,0,0,0,0,0,0,0,0,0,9.9940035978413e-05,0,0,0,9.9940035978413e-05,0,0,0,0,0,0,0,0,0,0,0,0,0,0,0,0,0,0,0.000399760143913652,0.00509694183489906,9.9940035978413e-05,0,0,0,0.000699580251848891,0.000699580251848891,0,0,9.9940035978413e-05,0,0,0,0,0,0.0357785328802718,0,0,0,0,0,0,0,0,0,0,0,9.9940035978413e-05,0,0.00199880071956826,0,0,0,0,0,0,0,0,0.0675594643214072,0,0,0,0,0,0,0,0,0,0,0,0.0325804517289626,0,0,0,0.013791724965021,0,0,0,0,0,0,0,0,9.9940035978413e-05,0,0,0,0,0,0,0,0,0,0,0,0,0,0,0.000299820107935239,0,0,0,0,0,0,0,0,0,0,0,0,0,0,0,0,0,0.000299820107935239,0,0,0,0,0,0,0,0,0,9.9940035978413e-05,0,0,9.9940035978413e-05,0,0,0,0,0,0,0,0,0,0.00159904057565461,0,9.9940035978413e-05,0,0.0103937637417549,0,0,0,0,0,0,0,0,0.0434739156506096,0,0,0,0,0,0,0,0,0,0,0,0,0,0,0.0160903457925245,0,0,0,0,0,0,0,0,0,0,0,0,0,0,0,0,0,0,0,9.9940035978413e-05,0,0.000299820107935239,0,0,0,0,0,0,0,0,0,0,0,0,0,0.00199880071956826,0,0,0.136917849290426,0.000899460323805717,0.000399760143913652,0,0,0,0,0.128822706376174,0,0,0,0,0,0,0,0.00119928043174096,0,0,0,0,0,0,0,0,0.000599640215870478,0,0,0,0
0,0,0,0,0,0,2e-04,0,0,0,0,6e-04,0,0,0.0053,0,0,0,0,0,0,0,0,1e-04,0,2e-04,0,0,9e-04,0,0,0,0,0.0076,0,0,0,0.0207,0,0,0,0,0,0.0044,0,0.0252,0,0,0,0,0,0.0095,0,0,0,0,1e-04,9e-04,0,0,0,0,0,0,0,0.0141,0.0175,0,0,0,0.0094,0,0,0,0,0,0,0,0,0,0,0.0096,0,6e-04,0,0.1219,0,0,3e-04,0.0083,0.0012,0,0.001,0,0,3e-04,0,0,0,0,0,0.0131,0,0,0.0019,0,3e-04,0.0821,0,0.0025,0.0098,0,0,0,0,0,0,2e-04,0.0156,0,0,0,0,6e-04,0.0253,0,1e-04,0,0,0,0,0,0.0107,0,0,7e-04,4e-04,0,0,0,0,0,0,0,0,0,0,0,0,0.0119,0.0028,0,0,0,0,0,0,0,1e-04,0.0361,0,0,0,0,0,1e-04,0,2e-04,0,0,0,0,1e-04,2e-04,0,0,0,0,0.0023,0,0,0,0,0,0,2e-04,0,0,0,0,0.0032,0,2e-04,0,0,1e-04,0.0014,0,0,0,0,0.0043,0,0.0094,0,0,0,0,0,5e-04,0,0,0,0,0,0.003,0.0073,0,0.0053,0,0,0,0,0,0,0.0014,0,0,0,0,0,0,0,0.0265,0,0,0,0,8e-04,0,0,0.0015,0.0062,0,0,0,0,1e-04,0,0,0.001,0,0,0,0,0.0131,0,0,0,0.0012,0,6e-04,0,0,0,0,0,0.0034,0.0034,5e-04,0,0,0.1041,3e-04,1e-04,0,0,0,0,0.2147,0,0,0.0943,0,0,0,0,1e-04,0.0036,0,0,0,0,0,0,0,0,2e-04,0,0.011,0
0.000199880071956826,0,0,0,0,0,0,0,0,0,0,0.000199880071956826,0,0,0.000499700179892065,0,0.00139916050369778,0,0,9.9940035978413e-05,0,0,0,0,0.000899460323805717,0.130621627023786,0,0,0.00499700179892065,0.00669598241055367,0.0104937037777334,0.00209874075554667,0,0.00179892064761143,0,0,0.000599640215870478,0.000599640215870478,0,0,0,0.00429742154707176,0.000299820107935239,0,0.00119928043174096,0.000499700179892065,0,0,0,0,0,0,0,0,0,0,0,0,0,0,0,0,0,0,0,0,0,0.00189886068358985,0,0.0169898061163302,0,0,0,0,0,0,0,0,0,9.9940035978413e-05,0,0,0.0127923246052369,0,0,0,0.00109934039576254,0,0.000399760143913652,0.00219868079152508,0,0,0.0390765540675595,0,0.000999400359784129,0.00419748151109334,0,0.00109934039576254,9.9940035978413e-05,0,0,0.00449730161902858,0,0,0,0,0,0.132820307815311,0,0,0.00269838097141715,9.9940035978413e-05,0,9.9940035978413e-05,0,0,0,0,0.00529682190685589,9.9940035978413e-05,0,0,0,0.00189886068358985,0.000499700179892065,0,0,0,0,0,0.000299820107935239,0.00149910053967619,0,0,0,0,0.0319808115130921,0,0.000799520287827304,0,0.0607635418748751,0.000399760143913652,0.000699580251848891,0,0,0,0.00299820107935239,0,0,0,0.00379772136717969,0.00149910053967619,0,0,0,0,0.00259844093543874,0,0.000699580251848891,0,0,0,0,0,0,0,0,0,0,0,0,0,0,0,0.00129922046771937,0,0,0,0.000999400359784129,0,0,0,0,0,0,0,0,9.9940035978413e-05,0,0.000899460323805717,0,0.000899460323805717,0,0,0,0,0,0,0,0,9.9940035978413e-05,0.00139916050369778,0,9.9940035978413e-05,0.00259844093543874,0.01259244453328,0,0,0,0,0,0,0,0.000299820107935239,0,0,0.00219868079152508,0,0.0179892064761143,0,0.0426743953627823,0.00299820107935239,0,0,0,0,0,0,9.9940035978413e-05,0,0.00709574255446732,0,0.00169898061163302,0.00749550269838097,0,0,0,9.9940035978413e-05,0.00439736158305017,0,0,0,0,0,0,0,0,0.000299820107935239,0,0,0,0,0,9.9940035978413e-05,0,0.00329802118728763,0,0,0,0.000799520287827304,0,0,0,0,0,0,0,0,0,0.317209674195483,0,0.000299820107935239,0.0347791325204877,0,0,0,0,0,0,0.0213871676993804,0,0,0.0053967619428343,0,0,0,0,0,0,9.9940035978413e-05,0,0,0,0,0.000499700179892065,0,0.00139916050369778,0,0,0.00189886068358985,0
0,0,0,0,0,0,9.9930048965724e-05,0,0,0,0,0,9.9930048965724e-05,0,9.9930048965724e-05,0,0.00269811132207455,0,0,0,0,0,9.9930048965724e-05,0,0,0.169981013290697,0,0,0.000399720195862896,0.00119916058758869,0.055760967322874,0,0,0.00439692215449186,0,0,0.00349755171380034,0.0188867792545218,0.000299790146897172,0,0,0,0.062256420505646,0,0,0,0,0,0,0,0,0,0,0,0,0.000299790146897172,0.000599580293794344,0,0,0,0,0,0.000299790146897172,0.000599580293794344,0,0,0,0,0.000199860097931448,0,0,0,0,0,0,0.00619566303587489,0,0,0,0,0,0,0,0,0,9.9930048965724e-05,0,0,0,0.0990306785250325,0,0.00269811132207455,0.00669531328070351,0,0,0,0,0,0,0,0,9.9930048965724e-05,0,0,0,0,0,0.0494653742380334,0,0,0.00439692215449186,0,0,0,0,0,0,0,0.00619566303587489,0.000199860097931448,0,0,0,0,0.0218846807234936,0,0,0,0,0,0,0,0,0,0.00869391426001799,0.000899370440691516,9.9930048965724e-05,0,0.000799440391725792,0,0,0.000299790146897172,0.00229839112621165,0.000299790146897172,0,0,0,0,0,0,0.00419706205656041,0,0,0,0,0,0,0.000799440391725792,0,0,0,0,0,0,0,0,0.000299790146897172,0,0,0.000299790146897172,0,9.9930048965724e-05,0,0,0,0,0,0,0.0137903467572699,0,0,0,0,9.9930048965724e-05,0.00219846107724593,0.00259818127310882,0,0,0,0,0,0.0264814629759169,0.000199860097931448,0,0,9.9930048965724e-05,0,0,0,0,0,0.0024982512241431,0,0,0.0159888078345158,0.023183771360048,0,0.000699510342760068,0.000299790146897172,0,0,0,0,0,0,0.00219846107724593,0.00799440391725792,0,0.0692515239332467,0,0,0,0,0,0,0,0,0,0.00109923053862296,0,0,0,0.00179874088138303,0.070250824422904,0,0,0.000899370440691516,0,0.000599580293794344,9.9930048965724e-05,0,0.00779454381932647,0,0,0.000599580293794344,0,0,0,0,0,0,0,0,0,0,0.000399720195862896,0,0,0.000899370440691516,0.00129909063655441,0,0,0,9.9930048965724e-05,0.000199860097931448,0,0,0,0,0.000699510342760068,0,0,0.00239832117517738,9.9930048965724e-05,0,0,0,0,0.00359748176276606,0.146197661636854,0,0.000199860097931448,0.0160887378834816,0,0,0,0,0,0,0,0,0,0,0,0.0174877585690017,0,0.00049965024482862,0,0,0.0212851004296992,0
0,0,0,0,0,0,0,9.99200639488409e-05,0,0,0,0,0,9.99200639488409e-05,0,0,0,0,0,0,0,9.99200639488409e-05,0,0,0,0.336730615507594,0,0,0,9.99200639488409e-05,0.00239808153477218,0,0,0,0,0,0.000399680255795364,0,0.000999200639488409,0,0,0,0,0.00119904076738609,0,9.99200639488409e-05,0,0,0,0,0.000199840127897682,0,0,0,0.0038968824940048,0,0,0,0,9.99200639488409e-05,0,0,0,0,0,0,0.00119904076738609,0,0,0.000999200639488409,0.0016986410871303,0,9.99200639488409e-05,0,0,0,0,0,0,9.99200639488409e-05,0,9.99200639488409e-05,0,0,0.00129896083133493,0,0,0,0,0.000199840127897682,0,0.000299760191846523,0,0.00699440447641886,0,0,0,0,9.99200639488409e-05,0,0,0,0,0.000199840127897682,0.000799360511590727,0,0.00109912070343725,0.0229816147082334,0,0,0,0,0,0.000399680255795364,0,0,0,0,0.000999200639488409,0,0,0,0,9.99200639488409e-05,0.00359712230215827,0,0,0,0,0,0,0,0,0,0,0,0,0,0,0,0,0,0,0,0.000299760191846523,0,0,0,0,0,9.99200639488409e-05,0,0,0.000199840127897682,9.99200639488409e-05,0,0,0,0.000199840127897682,0.000299760191846523,0,0,0,0,0,0,0,0,0,0,9.99200639488409e-05,0,0,0,0,0,0,0.000499600319744205,9.99200639488409e-05,0,0,0,0,0,0,0,0,0,0,0,0,9.99200639488409e-05,0.000199840127897682,0.0021982414068745,0,0,0,0.000199840127897682,0,0,0,0,0.20173860911271,9.99200639488409e-05,0,0,9.99200639488409e-05,0,0,9.99200639488409e-05,0,0,0,0,0.000199840127897682,0,0.00469624300559552,9.99200639488409e-05,0,0,9.99200639488409e-05,0.000199840127897682,0,0,0,0,0,0,0.00749400479616307,0,0.000199840127897682,0,0,0.0474620303756994,0,0,9.99200639488409e-05,0,0,0,0,0,0,0,0,0,0,0,0,0,0.0322741806554756,0,0,0,9.99200639488409e-05,0,0,0,0,0.000599520383693046,0,0,0.000399680255795364,0,9.99200639488409e-05,0.000199840127897682,0,0,0.000599520383693046,0.212729816147082,0,0,0.0199840127897682,0,0,0,0,0.000299760191846523,0.000299760191846523,0.0675459632294165,0,0,9.99200639488409e-05,0,0,0,0,0,0.000199840127897682,0,0,0,0,0,0.00549560351718625,0,9.99200639488409e-05,0,0,0.00209832134292566,0
0,0.00979608156737305,0,0,0.000599760095961615,0,9.99600159936026e-05,0,0,0,0,0.000199920031987205,0,0,0.00429828068772491,0.00209916033586565,0,0,0,0,0.00409836065573771,0.0133946421431427,0,0.000299880047980808,0,9.99600159936026e-05,0.000199920031987205,0,0.00119952019192323,0.000499800079968013,0.0104958016793283,0,0.00039984006397441,0,0,0,0.00139944022391044,0.0454818072770892,0,0,0,0.000499800079968013,0,0.0189924030387845,0,0.0232906837265094,0,0.00039984006397441,0,0,0.00609756097560976,0,0.000599760095961615,0,0,0,0,0,0.00039984006397441,0.0178928428628549,0,0,0,0.000499800079968013,0,0,0.00109956017592963,0,0,0,0,0,0.000299880047980808,0.00039984006397441,0,0,0,0,0,0.00979608156737305,0,0.00269892043182727,0.00129948020791683,0,0.0644742103158737,0,0.00869652139144342,0,0,0.0846661335465814,0,0.00329868052778888,0.0038984406237505,0,0.00189924030387845,0,0,0,0.0037984806077569,0,0,0,0,0,0.000499800079968013,0.000599760095961615,0.0163934426229508,0.160835665733707,0,0.00109956017592963,0,0,0,0,0,0,0,0.00109956017592963,0.00319872051179528,0,0,0,0,0.000199920031987205,0.0257896841263495,0,0.00189924030387845,0,0,0,0.00869652139144342,0.00959616153538585,0,0,0,9.99600159936026e-05,0.00469812075169932,0,0,9.99600159936026e-05,0.00139944022391044,0,0,0,0,0,0.00179928028788485,0.000699720111955218,0,0,0.00319872051179528,0.000999600159936026,0.0078968412634946,9.99600159936026e-05,0.000499800079968013,0,0,0,0,0.00569772091163535,0,0,0,0.0147940823670532,0,0,0,0,0,0,0.000299880047980808,0,0,0,0,0.000499800079968013,0.00039984006397441,0.0191923230707717,0,0.000199920031987205,0,0,0,0,9.99600159936026e-05,0,0,0,0,0,9.99600159936026e-05,0.00639744102359056,0.000199920031987205,0.00269892043182727,0.00109956017592963,0,0,0,0,0,0,0,0,0.00179928028788485,0,0.00159936025589764,0.000199920031987205,0,0.000199920031987205,0.00159936025589764,0,0,0,0,0.000599760095961615,0,0.00299880047980808,0.0135945621751299,0.0121951219512195,0,0,0.00269892043182727,0,0,0,0,0.00129948020791683,0,0.00279888044782087,9.99600159936026e-05,0.0239904038384646,9.99600159936026e-05,0,0.0209916033586565,0,0,0,0,0,0.000699720111955218,9.99600159936026e-05,0,0,0.00209916033586565,0,0,0,0,0,0,0,0.000699720111955218,0.00329868052778888,0,0.00119952019192323,0.00039984006397441,0.000599760095961615,0,0.000599760095961615,0,0,0,0,0.000699720111955218,0,0,0.00159936025589764,0,0,0.00959616153538585,0,0.00109956017592963,0.0197920831667333,0,9.99600159936026e-05,0,0,0,0.000499800079968013,0.146541383446621,0,0,0.0406837265093962,0,0,0,0,0,0.000299880047980808,0,0,0,9.99600159936026e-05,0,0.00529788084766094,9.99600159936026e-05,0.0116953218712515,0,0,0.0126949220311875,0
0,0,0,0,0,0,0,0,0,0,9.99800039992002e-05,0,0,0,0.0031993601279744,0,0,0,0,0.000499900019996001,0,0.000499900019996001,0,0.000499900019996001,9.99800039992002e-05,0.194261147770446,0,0,0.00499900019996001,0.00819836032793441,0.0002999400119976,0,0.00569886022795441,0.00879824035192961,0,0,0.0195960807838432,0,0,0,0,0,0,0,0,0.013497300539892,0,0,0,0,0,0,0,0,0,9.99800039992002e-05,0,0.0001999600079984,0,0.000999800039992002,9.99800039992002e-05,0,0,0,0,0,0,0,0,0,0,0,0,0.000599880023995201,0,0,0,0,0,0.0011997600479904,0,0,0,0,0,9.99800039992002e-05,0,0,0,0.0027994401119776,0,0.0031993601279744,0,0,0,9.99800039992002e-05,0,0,0.00689862027594481,0,0,0,0.0011997600479904,9.99800039992002e-05,0,0,0.00759848030393921,0.0441911617676465,0,0,0,0,0,0,0,0.000399920015996801,0,0,9.99800039992002e-05,0,0,0,0,0,0.00689862027594481,0.0025994801039792,0,0.0023995200959808,9.99800039992002e-05,0,0,0.0252949410117976,0,0.000999800039992002,0,0,0,0,0,0,0.145970805838832,0,0,0,0,0,9.99800039992002e-05,9.99800039992002e-05,0,0,0.0002999400119976,0.00579884023195361,0,0,0,0,0,0,0.0001999600079984,0.0203959208158368,0,0,0,0,0,0,9.99800039992002e-05,0,0,0,0,0,0,0,0,0,0,9.99800039992002e-05,9.99800039992002e-05,0,0,0,0,0,9.99800039992002e-05,0,0,0.0410917816436713,0,0,9.99800039992002e-05,0.00449910017996401,9.99800039992002e-05,9.99800039992002e-05,0,0,0,0,0,0,0,0,0,0,0,0.00539892021595681,0,0,0,9.99800039992002e-05,0,0,9.99800039992002e-05,9.99800039992002e-05,9.99800039992002e-05,0,0,0.0002999400119976,0,0,0,0,0,0,0,0,0,0,0.0026994601079784,0,0.0163967206558688,9.99800039992002e-05,9.99800039992002e-05,0.0661867626474705,0,0,9.99800039992002e-05,0,0,0,0,0,0,0,0,0,0,0,0,0,0,0,0.000499900019996001,9.99800039992002e-05,0,0.000799840031993601,0,0,0,0.00819836032793441,9.99800039992002e-05,0,0,0,0,0.0001999600079984,0,0,0,0.0459908018396321,0,0,0.223055388922216,0.0216956608678264,9.99800039992002e-05,0,0,0,0,0.000499900019996001,0,0,0.0182963407318536,0,0,0,0,0,0,0.000699860027994401,0,0,0,0,0,0,0,0.000399920015996801,0,9.99800039992002e-05,0
0.0003000600120024,0.000400080016003201,0,0,0,0.0022004400880176,0.0001000200040008,0.0024004800960192,0,0,0.0011002200440088,0.000500100020004001,0,0,0.00750150030006001,0.000800160032006401,0.0011002200440088,0.0001000200040008,0.0016003200640128,0,0.00510102020404081,0.00250050010002,0,0.0002000400080016,0.00530106021204241,0.0757151430286057,0,0,0.0003000600120024,0.0014002800560112,0.00840168033606721,0,0,0.00350070014002801,0,0,0.000500100020004001,0.0002000400080016,0.000400080016003201,0.0003000600120024,0.0001000200040008,0.00500100020004001,0,0,0,0.0243048609721944,0,0.000500100020004001,0,0,0.000400080016003201,0,0.000800160032006401,0,0.0002000400080016,0,0,0,0,0.0003000600120024,0,0,0.001000200040008,0.0013002600520104,0,0.0027005401080216,0.000600120024004801,0.0019003800760152,0,0,0.000700140028005601,0.000500100020004001,0.00520104020804161,0,0,0,0,0,0,0.0016003200640128,0,0.000500100020004001,0.0001000200040008,0,0.00710142028405681,0,0.0001000200040008,0.0001000200040008,0.000500100020004001,0.0142028405681136,0,0.000700140028005601,0.002000400080016,0.0027005401080216,0,0.0001000200040008,0,0,0.00480096019203841,0,0,0.0233046609321864,0,0.00660132026405281,0,0,0.0159031806361272,0.0252050410082016,0,0.0003000600120024,0.0161032206441288,0.00710142028405681,0,0,0.0003000600120024,0,0.0001000200040008,0.0106021204240848,0.00420084016803361,0,0,0,0.0003000600120024,0.000500100020004001,0.0118023604720944,0,0.0112022404480896,0.0001000200040008,0,0,0.0017003400680136,0.02000400080016,0,0.0001000200040008,0,0,0.0012002400480096,0.000700140028005601,0.001000200040008,0,0.000500100020004001,0.000400080016003201,0.0026005201040208,0,0.000800160032006401,0,0.000500100020004001,0.00390078015603121,0.0002000400080016,0,0.0018003600720144,0,0,0.0003000600120024,0.001500300060012,0,0,0,0.0106021204240848,0.00350070014002801,0,0.0011002200440088,0.0012002400480096,0.000600120024004801,0,0,0.001000200040008,0.00380076015203041,0,0.0002000400080016,0.000400080016003201,0,0,0.0001000200040008,0,0,0.0017003400680136,0.00400080016003201,0.0132026405281056,0.000900180036007201,0,0,0,0,0.0001000200040008,0.00650130026005201,0,0,0,0,0.0001000200040008,0,0.0001000200040008,0.0023004600920184,0,0,0,0,0,0.0332066413282657,0,0,0,0.0001000200040008,0,0.001000200040008,0.0002000400080016,0.000400080016003201,0,0.0001000200040008,0,0,0,0.0002000400080016,0.0001000200040008,0.000900180036007201,0.00780156031206241,0.0021004200840168,0.0018003600720144,0.000400080016003201,0.001000200040008,0.00590118023604721,0,0,0,0,0,0,0,0.0003000600120024,0.0104020804160832,0,0.0018003600720144,0.0544108821764353,0,0,0.000800160032006401,0,0,0.0013002600520104,0,0.00840168033606721,0,0,0,0.0013002600520104,0.00820164032806561,0.000500100020004001,0,0,0,0.0002000400080016,0.0021004200840168,0.0001000200040008,0.000800160032006401,0,0.0018003600720144,0.000600120024004801,0.0001000200040008,0.0028005601120224,0,0,0.0014002800560112,0.0001000200040008,0.001500300060012,0.0001000200040008,0,0,0.00650130026005201,0.0256051210242048,0,0.0019003800760152,0.0731146229245849,0,0.0001000200040008,0,0,0.000700140028005601,0.0003000600120024,0.290158031606321,0,0,0.00980196039207842,0,0,0,0,0.00390078015603121,0.0002000400080016,0.0017003400680136,0,0,0.0002000400080016,0,0.000700140028005601,0.000500100020004001,0.0003000600120024,0,0,0.00590118023604721,0
0,0,0,0,0,0,0,0,0,0,0,0,0,0,0.00099930048965724,0,0.000199860097931448,0,0,0,0,0.00139902068552014,0,0,0,0.186769261516938,9.9930048965724e-05,0,9.9930048965724e-05,0.000399720195862896,0.00839412411312082,0,0,0,0.00759468372139502,0,0,0,0,0,0,0,0.0347756570400719,0,0,0,0,0,0,0,0,9.9930048965724e-05,0,0,0,0,0,0,0,0,0,0,0,0,0.000199860097931448,0,0.0226841211152193,0,0,0,0,0,0,0,0,0,0,9.9930048965724e-05,0,0.00199860097931448,0,9.9930048965724e-05,0,0,0,0,0,0,0.000699510342760068,0,0.00139902068552014,9.9930048965724e-05,0,0,0,0,0,0,0,0,0,0.0119916058758869,0,0,0,0,0,0.0635555111422005,0,9.9930048965724e-05,0.00549615269311482,0,0.00259818127310882,9.9930048965724e-05,0,0,0,0.00099930048965724,0,0,0.000399720195862896,0.00099930048965724,0,0,0,0,0,0,0,0,0.00049965024482862,0,0,0,0,0,0,0,0,0,0.000699510342760068,0,0,0,0,0,0,0,0,0,0,0,0,0,9.9930048965724e-05,0,9.9930048965724e-05,0,0,0,0,0,0,0,0,0,0,0,0,9.9930048965724e-05,0,0,0,0,0.000399720195862896,0,0,0,0.000699510342760068,0,0,0,0,0,0,9.9930048965724e-05,0,0,0,0,0,9.9930048965724e-05,9.9930048965724e-05,0,0,0,0,0,0,0,0,0.000799440391725792,0,0,9.9930048965724e-05,0,0,0,0,9.9930048965724e-05,0,0,0,0,0,0.000399720195862896,0,0.000799440391725792,0,0,0,0,0,0,0,0,0,0,0,0,0,0,0.000699510342760068,0.0232837014090137,0,0,0,0,0,0,0,0,0,0,0.000299790146897172,0.000799440391725792,0,0,0,0,0,0,0,0,9.9930048965724e-05,9.9930048965724e-05,0,0,0,0.000399720195862896,0,0,0,9.9930048965724e-05,0,0,0,0,0.000899370440691516,0.542520235834916,0,0,0.000699510342760068,0,0,0,0,0,0,0.0640551613870291,0,0,0.00389727190966324,0,0,0,0,0,0,0.000399720195862896,0,0,0,0,0.000399720195862896,0,0,0,0,0.00189867093034876,0
0,0.000300120048019208,0,0,0,0,0,0,0,0,0.000500200080032013,0,0,0,0.0101040416166467,0,0,0,0,0,0,0.00680272108843537,0,0,0,0.107643057222889,0,0,0.00890356142456983,0,0.120748299319728,0,0.000300120048019208,0,0,0,0,0.00190076030412165,0,0,0,0,0,0,0,0,0,0.000500200080032013,0,0,0,0,0,0,0.000800320128051221,0,0,0,0,0,0,0,0,0,0,0,0,0,0,0,0,0,0,0,0,0,0.000200080032012805,0,0,0.000200080032012805,0,0,0.000200080032012805,0,0,0.000200080032012805,0,0,0,0.00290116046418567,0,0.00180072028811525,0.0283113245298119,0,0,0,0,0,0.00140056022408964,0,0,0,0,0,0,0,0,0.0753301320528211,0,0,0,0,0,0,0,0,0,0,0.0211084433773509,0,0,0,0,0.000100040016006403,0,0,0,0,0,0,0,0.00310124049619848,0,0,0,0,0.00220088035214086,0,0,0,0,0,0,0,0,0,0.000600240096038415,0,0,0,0,0,0,0,0,0,0,0,0,0,0,0,0,0.00210084033613445,0,0,0,0,0,0.000200080032012805,0,0,0.0040016006402561,0,0,0,0,0.00260104041616647,0,0,0,0,0,0,0,0,0,0,0,0,0,0,0,0,0,0,0,0,0,0,0,0,0,0,0,0.00450180072028811,0,0,0,0,0,0,0,0.000900360144057623,0.000900360144057623,0,0.0297118847539016,0,0,0,0,0,0,0,0,0,0,0,0.0189075630252101,0,0,0,0,0.0420168067226891,0,0,0,0,0,0.000100040016006403,0,0,0,0,0,0,0,0,0,0,0,0,0.00250100040016006,0.000100040016006403,0.00470188075230092,0.00040016006402561,0,0,0,0,0.00140056022408964,0,0,0.000300120048019208,0,0.000300120048019208,0,0,0,0.0038015206082433,0.000900360144057623,0,0.092436974789916,0,0,0,0,0,0,0.361344537815126,0,0,0,0,0,0,0,0,0,0,0,0,0,0,0.00500200080032013,0,0,0,0,0.0247098839535814,0
0,0,0,0,0,0,0,0,0,0,0,4e-04,0,0,0.0043,0.0012,0,0,0,0,0,0.002,0,0.0014,0,0.0122,0,0,0.0072,0,0.0134,0,5e-04,0.0025,0.0014,0,8e-04,3e-04,0.0041,0,0,0.006,0.0295,0.0013,0,5e-04,0,0,0,0,0,0,0,0,0,0,0,0,0,0.0017,0,0,0,0.0051,0,0,0.0689,0,3e-04,0,0.004,0,0,0,0,0,0,0,0,0.0021,0,0,0.0044,0,0,5e-04,0,0,0,0.001,0.0011,0.0022,0.1008,0,0,0,0,0,0.0082,0,0.0026,0,0,0,0,0,0,0.0341,0,0.0122,0.0049,0,0,0.0159,0,0,0,0.0088,0.0133,3e-04,0,0,0,0.0088,0.0014,0,0,0,0,0,0,0,0.0141,0,0,0.0079,0.1641,3e-04,0,0,0,0,0.0042,0,0,0,0.0046,0,0,3e-04,2e-04,0,0,0,0,0,0,0,0,0.0165,0,0,0,0,0,4e-04,0.0027,0,0,0,0,0,0,0,0,0,0,0,0.0128,0,0,0,0,0,0,0,0,0,0,0,0,0.0042,0,0,0,0,0,0,0,0,0,0.0184,0,1e-04,0,0.0066,1e-04,0,1e-04,0.0028,0,0,0,0,5e-04,0.0022,0.0516,0,0.0301,4e-04,0,0.0062,0,0,0,0,0,0,3e-04,0,0.001,0,0.0031,0.0281,0,0,0,0.0042,0,0,0,0.0064,0,0,0,0,0,0,0,0,1e-04,0,0,0,0.0059,0,0,0,0,0,0,0,7e-04,0.0011,0,0,0,0,0.0027,0.002,0,0,0.0112,0,0.0043,0,0,0,0,0.1618,0,0,0.0129,0,0,0,0,0,0,0,0,0,0,0,0.0071,0,0.0024,0,0,0.0017,0
0,0,0,0,0,0,0,0,0,0,0,0,0,0,0.0028997100289971,0,0.0036996300369963,0.0014998500149985,0,0.0005999400059994,0,0,0,0,0,0.454154584541546,0,0,0.0035996400359964,0.0002999700029997,0,0,0,0.0253974602539746,0.0018998100189981,0,0.0028997100289971,0,0,0,0,0,0,0,0,0,0,0,0,0,0.0012998700129987,0,0,0,0,0,0,0,0,0,0,0,0,0.0006999300069993,0,0,0.0064993500649935,0.0001999800019998,0,0,0,0,0,0,0,9.99900009999e-05,0,0,0,0.0368963103689631,0,0,0.0191980801919808,0,0,0,0,0,0,0,0,0.0084991500849915,0.0196980301969803,0,0,0,0,0,0,0,0,0.0002999700029997,0,0,0.0004999500049995,0,0,0,0,0,0,0,0,0,0,0,0,0,0.0260973902609739,0.0091990800919908,0,0,0,9.99900009999e-05,0.0092990700929907,0,0,0,0,0,0.0073992600739926,0,0.0147985201479852,0,0,0,0.0005999400059994,0,0,0,0,0,0,0,0,0,0,0,0,0,0.0010998900109989,0,0,0,9.99900009999e-05,0,0,0,0,0,0,0,0,0,0,0,0,0,0,0,0,0,0.0033996600339966,0,0,0,0,0,0,0,0,0,0,0,0,0,9.99900009999e-05,0,0,0,0,0,0,0,0,0,0,0,0,0,0,0,0,0,0,0,0.0001999800019998,0,0.0001999800019998,0.0008999100089991,0.0168983101689831,0,0,0,0.0065993400659934,0,0,0.0185981401859814,0.0017998200179982,0,0.0001999800019998,0,0,0,0,0,0,0,0.0158984101589841,0.0013998600139986,0.0415958404159584,0,0,0,0,0,0,0,0.0001999800019998,0.0002999700029997,0,0,0.0095990400959904,0,0,0.0011998800119988,0,0,0,0,0,0,0,0,0,0.0014998500149985,0.0022997700229977,0,0,0,0,0,0.0007999200079992,0,0,0,0,0,0.0020997900209979,0,0,0,0.0011998800119988,0,0,0,0,0,0,0,0,0.0010998900109989,0.0965903409659034,0,0.0878912108789121,0.001999800019998,0,0,0,0,0,0,0,0,0,0,0.0003999600039996,0,0,0.0254974502549745,0
0,0,0,0,0.000599580293794344,0,0,0.00299790146897172,0,9.9930048965724e-05,9.9930048965724e-05,0.00049965024482862,0,0.00149895073448586,9.9930048965724e-05,0,0.000599580293794344,9.9930048965724e-05,0,0,0.0053962226441491,0.0155890876386529,0,0.000199860097931448,0,0.174377935445188,0,0,0.00119916058758869,0,0.00129909063655441,0,0,0.000399720195862896,0.00799440391725792,0,0.000299790146897172,0.0106925152393325,0,0,0,0.0020985310282802,0.000199860097931448,0.00799440391725792,0,0.0187868492055561,0,0.000199860097931448,9.9930048965724e-05,0,0,0,0.000199860097931448,0,0,0.000199860097931448,0,0,0,0.0320775457179974,0,0,0,0.00839412411312082,0,9.9930048965724e-05,0.0219846107724593,0,0,0,0.00729489357449785,0,0,0.00719496352553213,0,0,0,9.9930048965724e-05,0,0.0127910462676127,0,0.00169881083241731,0.00179874088138303,0.000299790146897172,0,0,9.9930048965724e-05,0,0,0.00169881083241731,0,0.000399720195862896,0.00049965024482862,0,0,9.9930048965724e-05,0,0,0.00259818127310882,0,0,0,0,0,0.000199860097931448,0,0.00929349455381233,0.0146897171979614,0,0.000599580293794344,0,0.000199860097931448,0,0.0594583791346058,0,9.9930048965724e-05,0,9.9930048965724e-05,0.00779454381932647,0,0,0,0,9.9930048965724e-05,0.00229839112621165,0.0140901369041671,0,0,9.9930048965724e-05,0,0.00639552313380634,0.0174877585690017,0.00109923053862296,9.9930048965724e-05,0,0,9.9930048965724e-05,0,9.9930048965724e-05,0,9.9930048965724e-05,0,0,0,0,0,0.0020985310282802,0,0,0.000199860097931448,0.00139902068552014,0,0,9.9930048965724e-05,9.9930048965724e-05,0,0,0.031877685620066,0,0.0114919556310583,0,0,0,9.9930048965724e-05,0,0,0.000199860097931448,0,0,0.0099930048965724,0.00049965024482862,0,0.0226841211152193,0,0,0,0.000799440391725792,0.0120915359248526,0.031877685620066,9.9930048965724e-05,0,0,0,0,0.000799440391725792,0.00149895073448586,0,0,0,0,0,0.0116918157289897,0,0,0,0,0.00409713200759468,0,0,0,0,0,9.9930048965724e-05,0.0705506145698011,0,9.9930048965724e-05,0,0,0,9.9930048965724e-05,0,0.00189867093034876,0.0135904866593385,0.000299790146897172,0.00109923053862296,0.000399720195862896,0.00649545318277206,0.0158888777855501,9.9930048965724e-05,0,0,0.00119916058758869,0,0,0,0.000599580293794344,0,0,0.00939342460277806,0,0.00889377435794944,0,0,0.0556610372739083,0,0,0.000399720195862896,0,0.00279804137104027,0,9.9930048965724e-05,0.0207854501848706,0.00729489357449785,9.9930048965724e-05,0,0.000199860097931448,0,0,0,0,0,0.000199860097931448,0.00109923053862296,0,0.00199860097931448,0.00119916058758869,0,0,0.000699510342760068,0.00049965024482862,0.000199860097931448,0.00129909063655441,0,0,0,0,0,0.002897971420006,0.0045967822524233,0.000399720195862896,0,0.000199860097931448,0.00639552313380634,0,0,0,0,0.000599580293794344,0.000799440391725792,0.0708504047166983,0,0,0.036574397921455,0,0,0,0,9.9930048965724e-05,0,0.00329769161586889,0,0,0,0,9.9930048965724e-05,0,9.9930048965724e-05,0.0024982512241431,0,0.0142899970020985,0
0,0,0,0,0,0,0,0,0,0,0,0,0,0.000100040016006403,0.00140056022408964,0.000500200080032013,0.00900360144057623,0,0,0.00100040016006403,0,0.00350140056022409,0,0,0,0.054421768707483,0,0,0.00570228091236495,0,0,0,0.000600240096038415,0,0,0,0.000900360144057623,0.0235094037615046,0,0,0,0,0,0,0,0,0,0,0,0,0,0,0,0,0,0,0,0,0,0,0,0,0,0.00150060024009604,0,0,0,0,0,0,0,0,0,0,0,0,0,0,0,0,0,0,0,0,0.00710284113645458,0.000700280112044818,0,0,0,0.0142056822729092,0,0,0,0,0,0,0.000700280112044818,0,0.0192076830732293,0,0,0,0,0,0,0,0,0.463485394157663,0,0,0.00350140056022409,0.00170068027210884,0,0.00340136054421769,0,0,0,0,0.00600240096038415,0,0,0,0.000100040016006403,0,0.00680272108843537,0,0,0,0,0,0.00700280112044818,0.0424169667867147,0,0,0,0,0.000100040016006403,0,0.00170068027210884,0,0,0.000600240096038415,0.00350140056022409,0,0,0,0.014405762304922,0,0,0,0.00510204081632653,0,0,0,0,0,0,0,0,0.0163065226090436,0,0.000300120048019208,0,0,0,0.000200080032012805,0,0,0,0.00140056022408964,0,0.000300120048019208,0,0,0,0,0,0.000500200080032013,0,0,0,0,0,0,0,0.00270108043217287,0,0,0,0,0,0.0113045218087235,0.000600240096038415,0,0,0,0,0,0.000500200080032013,0,0,0,0,0,0,0,0.00110044017607043,0.000600240096038415,0.000100040016006403,0,0,0,0,0,0,0,0,0,0.00040016006402561,0,0.000800320128051221,0,0,0,0,0,0,0,0.0140056022408964,0,0.00250100040016006,0,0.0038015206082433,0.023109243697479,0.000500200080032013,0,0,0,0.00170068027210884,0.00100040016006403,0,0,0,0,0,0,0,0,0,0,0,0,0,0,0,0.00250100040016006,0.000900360144057623,0,0,0,0,0,0.00130052020808323,0,0.000300120048019208,0,0,0,0.000500200080032013,0.00180072028811525,0,0,0.0822328931572629,0.00130052020808323,0,0,0,0,0,0.0642256902761104,0,0.000200080032012805,0.0340136054421769,0,0.000200080032012805,0.00350140056022409,0,0,0,0,0,0,0,0,0,0,0.000700280112044818,0,0,0.0128051220488195,0.00590236094437775
0,0,1e-04,1e-04,0,0,2e-04,0,0,0,0,0,0,0,0.0178,0,0.0153,0,0,0,0,5e-04,0,0.0035,0,1e-04,0,0,0.0056,0,0.0389,0,0,0.012,0,0,3e-04,0,6e-04,0,3e-04,0,0,0,0,0.008,0,0,0,0,0,0,4e-04,0,0,4e-04,0,4e-04,0,0.0219,1e-04,0,0,0.0079,0,8e-04,0.002,0,0,0,0,0,0,0,0,0,0,0,0,0,0,0.0035,1e-04,0,0,0.0013,0,0,0,0,0,0.0095,0.0044,0,0,2e-04,0,0,0.0033,0,0,0,0,0,0.0016,0,0,0.1106,0,0,0.0071,0,0,0,0,0.0027,0,0.1139,0,0,0,0,0,0,0,0,0.0063,0,0,0,0,0,0,9e-04,0,0,7e-04,0,0,0,8e-04,0,0,0,0,0,0,0,0,0,2e-04,0,4e-04,0,0,0,0,0,0,3e-04,0,0,0,0,0,0,0,0,0,0,6e-04,0,0.0091,2e-04,0,0,0.0024,0.0018,0.03,0,0,0,0,0,0,0,0,0,0,0,5e-04,0.0424,2e-04,0,0,0,0,0,3e-04,0,0,0,0,0,0,0.0043,0,0,0,0,0,0,0,0,2e-04,0,0,6e-04,0,0,0,0,0,0,0,0,0,0,0,0,0.0045,0.0017,0,0.0308,0,0,0,0,0.0025,5e-04,0,0.0223,0,0,0.003,0,0,0,0,0,0,0,0,0,0,7e-04,0,0,0,0.0032,2e-04,0,0,0,1e-04,0,0,0,0,0.0171,0,0,0.0452,0,0.0012,0,0,0,0,0.3365,0,0,0.0068,0,0,0,0,0,0.0016,0,0,0,0,0,0,0,0.023,0,0,0.0015,0
0.00149955013495951,0,0,0.00169949015295411,0,0,9.99700089973008e-05,0,0,9.99700089973008e-05,0,0,0,0,0.00399880035989203,0,0.000899730080975707,0,0,0,9.99700089973008e-05,0.000599820053983805,0,0.000199940017994602,0,0.014295711286614,0,0,0.000199940017994602,0.00129961011696491,0.00149955013495951,0,0,0.00279916025192442,0,0,0.000399880035989203,0.00269919024292712,9.99700089973008e-05,0,0.000199940017994602,0.000599820053983805,0.0188943317004899,0.00159952014395681,0,0.00319904028791363,0,0,0,0,0,0.000399880035989203,0.000299910026991902,0,0,0,0.000499850044986504,0,0,0.00339898030590823,0,0.000399880035989203,0,0.000799760071978406,0,0,0.000699790062981106,0.00249925022493252,9.99700089973008e-05,0,0.000399880035989203,0,9.99700089973008e-05,0,0,0,0,0,0,0.00549835049485154,0.000199940017994602,0,0.027591722483255,0,0,9.99700089973008e-05,9.99700089973008e-05,0,0.000299910026991902,0.00369889033290013,0,0.000299910026991902,0.00979706088173548,0,0,0.00249925022493252,0,0,0,0,0,0.000399880035989203,0,0,0.000299910026991902,0,0,0.205438368489453,0,0,0.00119964010796761,0,0,0.00399880035989203,0,0,0,0.00129961011696491,0.00729781065680296,0,0,0,0,9.99700089973008e-05,0.00669799060281915,0,0,0,0,0,0,0.0123962811156653,0,0,0,0,0.000199940017994602,0.000399880035989203,0,0,0,0,0.000499850044986504,0,0,0.000199940017994602,0,0,0,0.00569829051284615,0.000499850044986504,0,0,0,0,9.99700089973008e-05,0,0,0,9.99700089973008e-05,9.99700089973008e-05,9.99700089973008e-05,0.000999700089973008,0,0,0,0.00249925022493252,0.00439868039588124,0,0,0.000199940017994602,0,0.219334199740078,9.99700089973008e-05,0,0.000399880035989203,0,0.000499850044986504,0.00819754073777867,0,0,0,0,0,0,0.00129961011696491,0,0,0,0,0,0.00269919024292712,9.99700089973008e-05,0,0,0,0,0.000299910026991902,0,0,0,0.00139958012596221,0,0.0397880635809257,9.99700089973008e-05,0.000199940017994602,0,0.000599820053983805,9.99700089973008e-05,9.99700089973008e-05,0.000399880035989203,0,0,0,9.99700089973008e-05,0.000699790062981106,0.000199940017994602,0,0.0147955613316005,0,0.024592622213336,0.00379886034189743,0,0.000399880035989203,0,0,0,0,0.00219934019794062,0,0.00729781065680296,0,0.000799760071978406,0.00219934019794062,0,0,0,0,0.000599820053983805,0,0,0.00129961011696491,0,0,9.99700089973008e-05,0,0,0.00309907027891633,0.000399880035989203,0,0.00839748075577327,0.000199940017994602,0,0,0.000199940017994602,9.99700089973008e-05,0,0,0.000199940017994602,0.000499850044986504,0,0,0,9.99700089973008e-05,0.00329901029691093,0,0,0,0,0.082075377386784,0,0.000199940017994602,0.0342897130860742,0,0,0,0,0,9.99700089973008e-05,0.136958912326302,0,0,0.000499850044986504,0,0,0.00329901029691093,0,0,0,0,0,0,0,0,0.0105968209537139,0,0.00699790062981106,0,0,0.00199940017994602,0
0,0.0014998500149985,0.0007999200079992,0.0007999200079992,0,0,0,0,0,0,0,0,0,0,0.0120987901209879,0,0.0081991800819918,0,0,0,0,0.0045995400459954,0,0.000999900009999,0,9.99900009999e-05,0,0,0.0020997900209979,0.0006999300069993,0.0907909209079092,0,0,0.0045995400459954,0,0,0.0035996400359964,0.0160983901609839,0.0088991100889911,9.99900009999e-05,0,0.0066993300669933,0,0,0,0.0015998400159984,0,0,0.0003999600039996,0,0,0.0006999300069993,0,0,0,0,0,0,0,0,0,0,0,0,0,0,0.0082991700829917,0,0.0012998700129987,0.004999500049995,0,0,0,0,0,0,0,0,0,0,0,0,0.015998400159984,0,0,0,0.0173982601739826,0,0.0008999100089991,0,0,0.0010998900109989,0.0033996600339966,0,0,0,0,0,0.0056994300569943,0,0.0042995700429957,0.0011998800119988,0,0,0,0.0024997500249975,0,0.278572142785721,0,0,0.0064993500649935,0,0.0024997500249975,0,0,0,0,0.0021997800219978,0.003999600039996,0,0,0.0054994500549945,0,0.0002999700029997,0,0,9.99900009999e-05,0.001999800019998,0,0,0,0,0,0,9.99900009999e-05,0,0.0062993700629937,0.000999900009999,0,0.0002999700029997,0.0006999300069993,0,0,0,0,0,0,0,0,0,0,0,0,0,9.99900009999e-05,0,0,0,0.0024997500249975,0,0.0011998800119988,0,0,0,0,0,0.0004999500049995,0,0,0.0008999100089991,0,0,0,0,0,0.0008999100089991,0.0032996700329967,0,0.0145985401459854,0.0013998600139986,0,0,0,0,0,0,0,0,0,0,9.99900009999e-05,0.0040995900409959,0.0001999800019998,0,0,0,0,0,0,0,0,0,0,0,0,0.0033996600339966,0.0001999800019998,9.99900009999e-05,0,0.0025997400259974,0,0,0,0,0,0.0012998700129987,0.0115988401159884,0,0.0136986301369863,0,0,0,0,0,0,0,0,0,0,9.99900009999e-05,0.0146985301469853,0.0015998400159984,0.0025997400259974,0.0948905109489051,0,0,0,0,0.000999900009999,0.008999100089991,0,0.0026997300269973,0,0,0.0008999100089991,0,0,0,0,0,0,0,0,0,0,0.0013998600139986,0.0002999700029997,0,0,0,0,0,0,0.0005999400059994,0,0,0,0,0,0.0927907209279072,0,0,0.0065993400659934,0,0,0,0,0,0,0.131986801319868,9.99900009999e-05,0,0.0115988401159884,0,0,9.99900009999e-05,0,0,0.0053994600539946,0,0,0,0,9.99900009999e-05,0,0.0007999200079992,0.0004999500049995,0,0,0.014998500149985,0
0,0.000899730080975707,0,0,0,0,0.000299910026991902,0,0,0,0,0,0,0,0,0.000999700089973008,0,0,0,0.000799760071978406,0,0.00119964010796761,0,0,0,0.0896730980705788,0,0,0.0211936419074278,0.00349895031490553,0.0180945716285114,0,0,0.00599820053983805,0,0,0.00139958012596221,0,0,0.000899730080975707,0,0,0,0,0,0,0,0,0,0,0,0,0,0,0.00209937018894332,0,0,0,0,0.00839748075577327,0,0,0,0,0,0,0,0,0,0,0,0,0,0,0,0,0,0,0,0.00449865040487854,0,0,0.00459862041387584,0,0,0.000299910026991902,0,0,0,0,0,0,0.0785764270718784,0,0.00169949015295411,0,0,0,0.00499850044986504,0,0,0.0144956513046086,0,0,0,0,0,0.0780765770268919,0,0,0,0,0,0.0287913625912226,0,0,0,0,0.00459862041387584,0,0,0,0,9.99700089973008e-05,0.0610816754973508,0,0,0,0,0,0.0280915725282415,0,0,0,0,0,0.00539838048585424,0,0,0,0.000899730080975707,0,0,0,0,0.112166350094972,0.00329901029691093,0,0,0,0.00269919024292712,0.00109967009897031,0,0,0,0,0.00259922023392982,0,0,0,0,0,0,0,0,0,0,0,0,0,0,0,0,0,0,0,0,0.00209937018894332,0,0,0,0,0,0,0.000599820053983805,0,0,0,0,0,0,0.0186943916824953,0.000199940017994602,0.000199940017994602,0,0,0,0,0,0,0,0,0,0,0,0.00459862041387584,9.99700089973008e-05,0,9.99700089973008e-05,0.00219934019794062,0,0,0,0,0.000699790062981106,0,0.00379886034189743,0,0.0149955013495951,0,0.0131960411876437,0,0,0,0,0,0,0,0,0,0,0,0,0.0129961011696491,0,0,0,9.99700089973008e-05,0,0.00269919024292712,0,0,0,0,0.000699790062981106,0,0,0,0,0,0,0,0,0,0,0.0327901629511147,0,0,0,0.00139958012596221,0,0,0.000799760071978406,0.000399880035989203,0,0,0,0,0,0.133659902029391,0,0.0169949015295411,0.0267919624112766,0,0,0,0,0,0,0.00169949015295411,0,0,0.108267519744077,0,0,0,0,0,0,0,0,0,0,0,0.00399880035989203,0,0.00139958012596221,0,0,0.000299910026991902,0
0,3e-04,0,0,0,0,2e-04,0,0,0,0,0,0,0,0.0027,0,0,0,0,0,0,0.0022,0,0,0,0.1653,0,0,5e-04,5e-04,0.0131,0,0,0.025,0,0,0,0,2e-04,0,0,0,0,0,0,0,0,1e-04,0,1e-04,2e-04,0,0,0,1e-04,0,0,1e-04,0,1e-04,0,0,0,0,0,0,0.0309,0,0,0.0014,0,0,0,0,0,0,0,5e-04,0,0.0018,0,0,0,0,0,0.0012,0,0,0,0.0038,0,2e-04,0.0027,0,0,0,0,0,0.0027,0,0,0.0067,0,0,0.0011,0,0,0.1472,0,0,0,0,0,0,0,1e-04,0,0,0.0095,0,0,0,0,3e-04,0.0113,0,0,0,0,0,0,0,0,0,0,0,5e-04,0,0,0,0.0019,0,0,0,0,0,2e-04,0,0,0,0,0,0,0,1e-04,0,0,0.0262,0,0,0.0024,0,0,0,0,0,0,0,0,0,6e-04,0,0,0,0,0,0,0.0165,0.0076,0,0,0,0,0,0,0,0,0,0,0,0,0.0022,0,1e-04,0,0,0,0,0,0,0,0,0,0,0,5e-04,1e-04,0,0,0,0,0,0,0,3e-04,0,0.0063,0,1e-04,0,0,0,0,0,0,0,0,0,0,0,0,0,0,0.2236,0,0,0,0,0,0,0,0,0,0,0,0,0,0,0,0,0,2e-04,8e-04,0,9e-04,2e-04,7e-04,0,1e-04,0,0,0,0,1e-04,0,0,0,0,7e-04,0.0118,0,1e-04,0.0154,0,0,0,0,0,9e-04,0.1773,0,0,0.0212,0,0,0,0,0,0,0.0025,0,0,0,0,0.027,0,0.0021,0,0,0.0167,0
9.99200639488409e-05,9.99200639488409e-05,9.99200639488409e-05,9.99200639488409e-05,0,0,0,0,0,0,0,0,0,0,0.0103916866506795,0,0.000199840127897682,0,0,0,0.00919264588329336,0.000699440447641887,0,0,0,0,0,0,0.000699440447641887,9.99200639488409e-05,0.000199840127897682,0,0,9.99200639488409e-05,0.000199840127897682,0,9.99200639488409e-05,9.99200639488409e-05,9.99200639488409e-05,0,0,0,0,0.00339728217426059,0,0.00709432454036771,0,0.000799360511590727,0,0,0.000199840127897682,0,0,0.000199840127897682,0.000499600319744205,0,0,0,0,0.0153876898481215,0,0,0,9.99200639488409e-05,0,0,0.05085931254996,0,0,0.0120903277378098,0.00559552358113509,0,0,0.00229816147082334,0,0,0,0,0,0.0189848121502798,0,0.000299760191846523,0.000399680255795364,9.99200639488409e-05,0,0.000499600319744205,0.000899280575539568,0,0,0.000799360511590727,0,0.000299760191846523,0.004396482813749,0,0.000899280575539568,9.99200639488409e-05,0,0,0.00249800159872102,0,0,0,0,0,0,0,0,0.49830135891287,0,0.00529576338928857,0.000199840127897682,0,0,0.010691446842526,0,0,0,9.99200639488409e-05,0.00349720223820943,0,0,0,0,9.99200639488409e-05,9.99200639488409e-05,0,9.99200639488409e-05,0,0,0,9.99200639488409e-05,0,0.000199840127897682,0,0,0,0.00199840127897682,0,0,0.000299760191846523,0,0,0,9.99200639488409e-05,0,0,0.00359712230215827,0.000299760191846523,0,9.99200639488409e-05,0.000899280575539568,0,0,0.000599520383693046,9.99200639488409e-05,0,0,0,0,0.00119904076738609,0,0,0,0,0,0,0.00109912070343725,9.99200639488409e-05,9.99200639488409e-05,0.000299760191846523,0.000199840127897682,0,0.00349720223820943,0,0,0,0.000199840127897682,0,0.00999200639488409,0,0,0,0,0,0.000199840127897682,0,0,0,0,0,0.00239808153477218,0.00139888089528377,0,0,0,0,0,9.99200639488409e-05,0,0,0,0,0,0.0802358113509193,0,0.00179856115107914,0,0,9.99200639488409e-05,0,0,0,0,0,0,0.000199840127897682,0.00849320543565148,0.0239808153477218,0,0,0.000999200639488409,0.000899280575539568,0,0,9.99200639488409e-05,0,0.0396682653876898,0,0.00179856115107914,9.99200639488409e-05,0.00989208633093525,9.99200639488409e-05,0,0.015087929656275,0,0,9.99200639488409e-05,0,9.99200639488409e-05,0,0,0,0,0.00669464428457234,0.000599520383693046,9.99200639488409e-05,0,0,0,0,0,0,0.000699440447641887,0,0.000799360511590727,0.000699440447641887,0,0,0,0,0.000599520383693046,0,0,0.0016986410871303,9.99200639488409e-05,0,9.99200639488409e-05,0,0,0.0518585131894484,0,0,0.00709432454036771,0,0,9.99200639488409e-05,0,0,0,0.0390687450039968,0,0.000199840127897682,0.000699440447641887,0,0,0,0,0,0.00299760191846523,0.00199840127897682,0,0,0,0,0,0.000399680255795364,0.000199840127897682,0,0,0.000999200639488409,0
0,0,0,0,0,0,0,0,0,0,0,0,0,0,0,0,0.00409877036888933,0,0,0,0.00189943017094872,0.00459862041387584,0,0,0,0.270818754373688,0,0,0.000399880035989203,0,0,0,0,0.00539838048585424,0,0,0,0.0129961011696491,0,0,9.99700089973008e-05,0,0,0,0,0.00399880035989203,0,0,0,0,0,0,0,0,0,0,0,0,0,0,0,0.00229931020693792,0,0,0,0,0,0,0,0,0,0,0,0.000899730080975707,0,0,0,0,0,0.0150954713585924,0,0,0.0239928021593522,0,0.000699790062981106,0,0,0,0,0.00249925022493252,0,0.000399880035989203,0,0,0,0,0,0,0.00119964010796761,0,0,0.000599820053983805,0,0,9.99700089973008e-05,0,0.000199940017994602,0.039888033589923,0,0,0,0,0,0.00829751074677597,0,0,0,0,0.0444866540037989,0,0,0,0.00219934019794062,0,0.00999700089973008,0,0,0,0,0,0.00949715085474358,0.0306907927621713,0,0,0,0,0.0523842847145856,0,0,0,0.00129961011696491,0,9.99700089973008e-05,0,0,0,0.00559832050384884,9.99700089973008e-05,0,0,0.00139958012596221,0,0,0,9.99700089973008e-05,0,0,0,0,0,0,0,0,0,0,0,0,0,0,0,0,0,0.00189943017094872,0,0,0,0,0,0.0157952614215735,0,0,0,0,0,0.00439868039588124,0,0,0,0,0,0,0.0267919624112766,9.99700089973008e-05,0.000499850044986504,0,0,0,0,0,0,0,0,0,0.107667699690093,0,0.00289913026092172,0,0,9.99700089973008e-05,9.99700089973008e-05,0,0,0,0,0.00239928021593522,0,0.00259922023392982,0,0,0.000599820053983805,0,0,0,0,0,9.99700089973008e-05,0,0,0.00499850044986504,0,0.0168949315205438,0,0,0.00439868039588124,0,0,0,9.99700089973008e-05,0,0.00209937018894332,0,0,0,0,0,0,0,0,0,0,0.000399880035989203,0.000599820053983805,0,0,0,0,0,0,0,0.00419874037788663,0,0,0,0.00379886034189743,0,0,0,0,9.99700089973008e-05,0.00999700089973008,0,0,0.00239928021593522,0,0,0,0,0,0.000299910026991902,0.194941517544737,0,0,0.01629511146656,0,0,0,0,0,0,0.00289913026092172,0,0,0,0,0.000599820053983805,0,0.00429871038688393,0,0,0.00639808057582725,0
0,0,0,0,0,0.0001999800019998,0.0002999700029997,0,0.0188981101889811,0,0,0,0,0,0.0016998300169983,0,0,0,0,0,0,0,0,0,0,0.0001999800019998,0,0,0.0007999200079992,0,0,0,0,0,0,0,0.0331966803319668,0,0,0,0,0,0,0,0,0,0,0,0,0,0,0,0,0,0,0,0,0,0,0,0,0,0,0,0,0,0.0034996500349965,0,0,0,0,0,0,0,0,0,0,0,0,0,0,0,0,0,0,0,0,0,0,0.0107989201079892,0,0,0.0145985401459854,0,0,0,0,0,0,0,0,9.99900009999e-05,0,0,0.0083991600839916,0,0.0472952704729527,0.107089291070893,0,0,0,0,0,0,0,0,0,0,0,0,0,0,0,0.0061993800619938,0.0110988901109889,0,0,0,0,0,0,0.0366963303669633,0,0,0,0,0,0,0,0,0.0012998700129987,0,0,0,0,0,0,0,0,0,0.000999900009999,0,0,0,0,0,0,0,0,0,0,0,0,0,0,0,0,0,0,0,0.0010998900109989,0,0.236576342365763,0,0,0,0,0,0,0,0,0,0,0,0,0,0.006999300069993,0,0,0,0,0.0011998800119988,0,0.004999500049995,0,0,0,0,0,0,0,0,0,0,0,0.0004999500049995,0,0,0.0007999200079992,0,0,0,0,0,0,0,0,0,0,0,0,0.0044995500449955,0,0,0,0,0,0,0,0,0,0,0,0.0237976202379762,0,0,0,0.0002999700029997,0,0,0,0,0,0,0.0002999700029997,0,0,0,0,0,0,0,0,0,0,0,0,0,0,0,0,0,0,0,0,0,0,0,0,0.0040995900409959,0,0.0007999200079992,0.0202979702029797,0,0,0,0,0,0,0.368163183681632,0,0,0.0027997200279972,0,0,0,0,0,0,0.0006999300069993,0,0,0,0,0,0,0.0001999800019998,0,0,0.0184981501849815,0
0,0,0,0,0,0,1e-04,0.0026,0,0,0,0,0,0.029,4e-04,0,0.0017,3e-04,0,0,0,0.0063,0,0,0,0.0663,0,0,0.0022,0,0,0,0,0.0231,0,0,0,0,0,0,0,0,0,0,0,0.0015,0,0,0,0,0,0,0,0,0,0,0,0,0,0.0059,0,0,0,0,0,0,0.0201,0,0,0.002,0,0,0,0,0,0,0,0,0,0.0017,0,0,0,0,0.0043,0,0,0,0,0.0157,0,0.0046,0.0013,0,0,0,0,0,0.007,0,0,0.0016,0,0,0,0,0,0.0336,0,0,0,0,0,0,0,0.0036,0,0,0.0135,1e-04,1e-04,0,0,0.0045,0.008,0.0065,0,0,0,0,0,0.0133,0,0,0,0,9e-04,0,0,0,0,0,0,0,0,0,2e-04,0,0,0,0.0011,0,0,0,0,0,0,0,0,0.0082,0,0,0,0,0,0,0,6e-04,0,0,0.0033,0,0,0,0,0,0,0,0.0159,0,0,0,0,0,0,0,0,0,0,0,0,0.0079,0,0,0,0,0,0,0,0,0,0,0,0.0128,0,0.0023,0,0,0,0,0,0,0,0,0.0018,0,0.0106,0,0,0,0.0086,0,0,0,0,1e-04,0,0,0,0,0.0236,0,0,0.3581,0,0,0,0.002,0,0,0,0,0,0,0,0,0,0,0,0,0,0,0,0,0,8e-04,0,0,0,0.019,0,0,0,0,0,0,0,0,0,0.0183,0,0,0.0711,0,0,0,0,0,0,0.1303,0,0,0.011,0,0,0,0,0,0,2e-04,0,0,0,0,0,0,3e-04,0,0,0.0101,0
0,0.000499900019996001,0,0,0,0,0,0.00349930013997201,0,0.0001999600079984,0.000399920015996801,0,0,0.00449910017996401,0,0,0,9.99800039992002e-05,0,0,0.0128974205158968,0.0011997600479904,0,0.00749850029994001,0,0.200959808038392,9.99800039992002e-05,0,0,0,0.0559888022395521,0,0,0.00769846030793841,0.0001999600079984,0,0.00389922015596881,0.00369926014797041,9.99800039992002e-05,0,9.99800039992002e-05,9.99800039992002e-05,0,0.00849830033993201,0,0.000699860027994401,0.0786842631473705,0,0,0,0.000399920015996801,0,9.99800039992002e-05,0,0.0010997800439912,0.000599880023995201,0,0,0,0.000499900019996001,0.000499900019996001,0.0028994201159768,0.0001999600079984,0.000699860027994401,0,0,0.00969806038792242,0,0,0,0.0013997200559888,0,0.0031993601279744,0,0,0.0520895820835833,0,0,0,0.000499900019996001,0.0002999400119976,0.0012997400519896,0.002999400119976,0.0001999600079984,0.0282943411317736,0,0.0018996200759848,0,0,0.00529894021195761,0,0.000899820035992801,0.0101979604079184,0,0,0,0,0,0,0,0.001499700059988,0,0,0.00489902019596081,0.000699860027994401,0.0031993601279744,0,0.0467906418716257,0,0,0,0.0017996400719856,0,0.00669866026794641,0.000699860027994401,0,0,0,0.0025994801039792,0,0,0,0,0.0001999600079984,0.00519896020795841,0,0,0.0246950609878024,0,0.00329934013197361,0.0018996200759848,0.0011997600479904,0,9.99800039992002e-05,0,0,0.0216956608678264,0,0,0,0.000399920015996801,0,0,0,0.0103979204159168,0,0.0002999400119976,0.0002999400119976,0,0,0.000899820035992801,0.00429914017196561,0,0.000899820035992801,9.99800039992002e-05,0,0,0,0.0011997600479904,0.0011997600479904,0,0,0.0011997600479904,0,0,0,0.000399920015996801,0,0,0,0,0,9.99800039992002e-05,0,0,0,0.000499900019996001,0.0016996600679864,0.0232953409318136,0.0001999600079984,0,0,0,0,0,0,0,0,0,0,0,0.00899820035992801,0,0,0.00639872025594881,0,0,0.0001999600079984,0,0,0,0,9.99800039992002e-05,0,0,0.00359928014397121,0.0002999400119976,0,0,0,0,0,0,0,0.000699860027994401,0,0.00359928014397121,0.0031993601279744,0,0,0,0.00929814037192562,0.00389922015596881,0,0,0,0.00249950009998,0,0.00739852029594081,0.000399920015996801,0.0125974805038992,0,0.0001999600079984,0,0,9.99800039992002e-05,0.0001999600079984,0,0,0,0,0,0,0,0,0,0,0,0.0001999600079984,0,0.0306938612277545,9.99800039992002e-05,0.00569886022795441,0,0.00419916016796641,0.000699860027994401,0.000999800039992002,9.99800039992002e-05,0.0001999600079984,0,0.0001999600079984,0.00359928014397121,0,9.99800039992002e-05,0,0,0,0,0,0,9.99800039992002e-05,0.0112977404519096,0,0,0,0,0.000399920015996801,0,0.000799840031993601,0.157768446310738,9.99800039992002e-05,0,0,0,0,0,0,0,9.99800039992002e-05,0.0017996400719856,0,0,0.0013997200559888,0,0,0,0.0031993601279744,0.00589882023595281,0,0.0152969406118776,0
0,0,0,0,0,0,0.0001000200040008,0,0,0,0,0,0,0,0.00520104020804161,0,0,0,0,0,0,0,0,0,0,0.210342068413683,0,0,0,0.000800160032006401,0.000900180036007201,0,0,0,0,0,0.0018003600720144,0,0,0,0,0,0,0.0163032606521304,0,0,0,0,0,0,0,0,0,0,0,0,0,0,0,0,0,0,0,0,0,0.000600120024004801,0,0,0,0,0,0,0,0.0011002200440088,0,0,0,0,0,0,0,0,0,0,0.0026005201040208,0.0186037207441488,0,0,0,0.00550110022004401,0,0,0.000600120024004801,0,0,0,0,0,0,0,0,0,0,0,0,0,0,0.00890178035607121,0,0,0,0,0,0.0276055211042208,0,0,0,0,0,0.0011002200440088,0,0,0,0.00520104020804161,0.012002400480096,0,0,0,0,0,0,0.0003000600120024,0,0,0,0,0.00430086017203441,0,0,0,0,0,0,0,0,0,0,0,0,0,0.0013002600520104,0,0,0,0,0,0,0,0,0,0,0,0,0,0,0,0,0,0,0,0,0,0,0,0,0,0,0,0,0,0.0003000600120024,0,0,0,0,0,0,0,0,0,0,0,0,0,0.0208041608321664,0,0,0,0,0,0,0,0,0,0,0,0,0,0,0,0,0,0,0,0,0,0.0119023804760952,0,0,0,0,0,0,0,0,0.0003000600120024,0,0,0,0,0,0,0,0.0950190038007602,0,0,0,0,0,0.117823564712943,0,0,0,0,0,0,0,0,0,0,0,0,0,0,0,0,0,0,0,0,0,0,0,0,0,0,0,0,0,0.0027005401080216,0,0,0,0,0,0,0,0,0,0.247149429885977,0,0,0.127325465093019,0,0,0,0,0,0,0.000600120024004801,0,0,0,0,0.00330066013202641,0,0.0011002200440088,0,0,0.0465093018603721,0
0,0,0,0.0019001900190019,0,0,0.0017001700170017,0,0,0,0.0003000300030003,0.0008000800080008,0,0.0003000300030003,0,0.0002000200020002,0.0002000200020002,0,0,0,0,0.0036003600360036,0,0,0,0.0003000300030003,0.0002000200020002,0,0.0012001200120012,0.0001000100010001,0.0186018601860186,0,0.0037003700370037,0.0087008700870087,0,0,0.0002000200020002,0.0488048804880488,0,0,0.0001000100010001,0,0,0.007000700070007,0,0.0193019301930193,0,0.0001000100010001,0,0,0.0004000400040004,0,0,0,0.0057005700570057,0,0.0002000200020002,0.0003000300030003,0,0.0179017901790179,0.0002000200020002,0.0001000100010001,0.0001000100010001,0,0,0.0077007700770077,0.0217021702170217,0.0007000700070007,0,0,0.0018001800180018,0,0,0.001000100010001,0,0,0,0,0,0.0752075207520752,0,0.0015001500150015,0.0475047504750475,0,0.0192019201920192,0.0027002700270027,0,0,0,0.004000400040004,0.0655065506550655,0.0001000100010001,0,0,0,0,0,0,0.0121012101210121,0,0.0011001100110011,0,0,0,0.0002000200020002,0,0,0.166416641664166,0.0079007900790079,0,0.0056005600560056,0,0,0.0024002400240024,0,0.0001000100010001,0,0,0.0072007200720072,0,0,0,0,0,0.0024002400240024,0,0,0,0.0002000200020002,0,0,0.0206020602060206,0.0001000100010001,0.0002000200020002,0.0007000700070007,0.0043004300430043,0.0016001600160016,0,0,0,0.022002200220022,0,0.0001000100010001,0,0,0,0.0131013101310131,0.0112011201120112,0,0,0.002000200020002,0.0049004900490049,0,0.0004000400040004,0.0001000100010001,0,0,0,0,0.0071007100710071,0,0.0012001200120012,0,0.0457045704570457,0.0002000200020002,0.0001000100010001,0.002000200020002,0,0,0,0.0012001200120012,0,0,0.0002000200020002,0.0001000100010001,0,0.002000200020002,0.0061006100610061,0.0072007200720072,0.0006000600060006,0,0,0,0,0.0005000500050005,0.0033003300330033,0,0,0.0006000600060006,0,0.0008000800080008,0.0035003500350035,0.0001000100010001,0.0016001600160016,0.0158015801580158,0,0,0.0004000400040004,0,0,0,0.0136013601360136,0,0,0.0035003500350035,0.019001900190019,0,0,0.0001000100010001,0.0003000300030003,0,0,0,0,0.0002000200020002,0.0118011801180118,0.007000700070007,0.0084008400840084,0.0001000100010001,0.0002000200020002,0,0,0,0,0.0002000200020002,0,0,0,0.0003000300030003,0.0041004100410041,0.0096009600960096,0,0.0022002200220022,0.0193019301930193,0,0,0.0012001200120012,0,0.0009000900090009,0.0062006200620062,0,0.0177017701770177,0,0.0008000800080008,0,0.0031003100310031,0,0.0041004100410041,0,0,0.028002800280028,0.0004000400040004,0.0015001500150015,0,0.006000600060006,0.0015001500150015,0,0.0004000400040004,0.0005000500050005,0.0002000200020002,0.0019001900190019,0,0,0.0005000500050005,0,0,0,0,0,0.0068006800680068,0,0,0.0083008300830083,0,0,0,0.0001000100010001,0.0004000400040004,0.0005000500050005,0.0005000500050005,0,0,0.0116011601160116,0,0,0,0,0,0.0022002200220022,0.0024002400240024,0,0,0,0,0.0015001500150015,0.0042004200420042,0,0,0,0.006000600060006,0.0026002600260026
0.000499750124937531,0,0,0,0,0,0.000299850074962519,0.00289855072463768,0,0,0,0.000399800099950025,0,0.00389805097451274,9.99500249875062e-05,0.000599700149925037,0,0,0,0,0.00549725137431284,0.00269865067466267,0,0.00719640179910045,0,0.047976011994003,9.99500249875062e-05,0,0.0015992003998001,0.00129935032483758,0.00659670164917541,0,0,0.000399800099950025,0,0,0.00079960019990005,0.00139930034982509,0,0,0,0.00709645177411294,0.0241879060469765,0.000599700149925037,0,0.0015992003998001,0,0,0,0,0,0,0,0,9.99500249875062e-05,0.000199900049975012,0,0,0.00279860069965018,0,0,0,0.00139930034982509,0,0,0,0.0229885057471264,0,0,0.00419790104947526,0.000299850074962519,0,0,0,0,0,0,0.000299850074962519,0,0.00749625187406297,0,0.00109945027486257,0.00239880059970015,0,0.00609695152423788,0,0.0428785607196402,0,0,0.00129935032483758,0,0.00109945027486257,0,0,0,0.000399800099950025,0,0,0.000699650174912544,0,0,0,0,0,0.000299850074962519,0.00119940029985007,9.99500249875062e-05,0.261069465267366,0,0,0,0,0.00659670164917541,0.00239880059970015,0.000599700149925037,0,0,0,0.0015992003998001,0.00149925037481259,0,0,0,0,0.00119940029985007,0,0,0,0,0,0.000499750124937531,0.00619690154922539,0,0,0.000899550224887556,0,0.000899550224887556,0,0.000899550224887556,0,0.00499750124937531,0,0.0015992003998001,0,0.0187906046976512,0,0,0.0123938030984508,0,0,0.000199900049975012,0,0,0.00079960019990005,9.99500249875062e-05,0,0,0,0.000699650174912544,0.00579710144927536,0,0.000199900049975012,0,0,0,0,0,0.000299850074962519,0,0,0.000299850074962519,0,0,0,0,0,0.000599700149925037,0.00809595202398801,0.00239880059970015,0,0,0,0,0,0.00179910044977511,0,0,0,0,0,0,0.00509745127436282,0,9.99500249875062e-05,0,0,0,9.99500249875062e-05,0,0,0,0,0.00699650174912544,9.99500249875062e-05,0,0.0598700649675162,0.000999500249875062,0,0,0,0,0,0,0,0.000199900049975012,0.0130934532733633,0.0112943528235882,9.99500249875062e-05,0,0,0.0015992003998001,0.00449775112443778,0,0,0,0.000199900049975012,0.0079960019990005,0,0,0,0.0135932033983008,0,0.00149925037481259,0.133433283358321,0,0,0,0,0,0,0.000399800099950025,0.00269865067466267,0,0.000899550224887556,0,0.0031984007996002,0,0,0,0,0,0.000399800099950025,0.000399800099950025,0,0.00129935032483758,0,0.00209895052473763,0.000999500249875062,0.000499750124937531,0.000199900049975012,0.00189905047476262,0,0,0.00139930034982509,0,0,0,0,0.000199900049975012,0.0160919540229885,0,0.000199900049975012,0.0133933033483258,0,0,0,0,0,0.000299850074962519,0.11544227886057,0,0,0.000399800099950025,0,0,0,0,0,0.00529735132433783,9.99500249875062e-05,0,0.000199900049975012,0,0,0.00199900049975012,0.00359820089955022,0.00149925037481259,0.000499750124937531,0,0.00259870064967516,0.00249875062468766
0,0,0,0,0,0,0,0,0,0,0,0,0,0,0,0,0,0,0,0,0,0,0,7e-04,0,0.0027,0,0,0.001,0.0018,0,0,0,0,0,0,0,0,0,0,0,0,0,0,0,0,0,0,0,0,0,0,0,0,0,0,0,0,0,1e-04,0,0,0,0,0,0,0,0,0,0,0,0,0,0,0,0,0,0,0,0,0,0,0,0,0,0,0,0,0,0,0,0,0,0,0,0,0.0699,0,0,0,0,0.0025,3e-04,0,0,0,0,0.5454,0,0,0,0,0,0,0,0,0,0,0.0027,1e-04,0,0,0,0,0,0,0.0051,0,0,0,0,0,0,0,0,0,0,0,0,0,0.008,0,0,0,0,0,0.0014,0,0,0,0,0,0,0,0,0,0,0,0,0,0,0,0,0,0,0,0,0,0,0,0,0,0,0,0,0,0,0,0,0,0,0,0,0,0,0,0,0,0,0,5e-04,0,0,0,0,0,0,0,0,0,0,0,0,0,0,0,0,0,0,0.0041,0,0,0,0,0,0,0,0,0,0,0,0,0,0,0,0,0,0,0,0,0,0,0,0.0681,0,0,0,0,0,0,0,0,0,0,0,0,0,0,0,0,0,0,0,0,0,0,0,0,0,0,0,0,0,0,0,0,0,0,0,7e-04,0,0,0,0,0,0,0,0,0,0.2842,0,0,0,0,0,0,0,7e-04,0,0,0,0,0,0,0,0,0,0,0,0,0
0,0,0.000999900009999,0,0,0,0,0,0,0,0,0,0,0,0,0,0,0,0,0.0003999600039996,0,0,0,0,0,0.0821917808219178,0,0,0,0,0,0,0,0.0044995500449955,0,0,0,0,0,0,0,0,0,0,0,0.00999900009999,0,0,0,9.99900009999e-05,0,0,0,0,0,0.0024997500249975,0,0,0,0,0,0,0,0,0,0,0.0140985901409859,0,0,0,0,0,0,0,0,0,0,0,0,0,0,0,0,0,0,0,0,0,0,0,0,0,0.0006999300069993,0,0,0.0001999800019998,0,0,0,0,0,0.0022997700229977,0,0,0,0,0,0.272272772722728,0,0,0,0,0,0,0,9.99900009999e-05,0,0,0,9.99900009999e-05,0.0010998900109989,0,0,0.0001999800019998,0,0.0138986101389861,0,0,0,0,0,0,0,0.0002999700029997,0,0,0,0,0,0,0,0,0,0,0,0,0,0,0,0,0,0,0,0,0,0,0,0.0001999800019998,0,0.0056994300569943,0,0,0,0,0.011998800119988,0,0,0,0,0,0,0,0,0,0,0,0,0,0,0,0,0,0,0,0,0,0,0,0,0,0,0,0,0,0,0,0,0,0,0,0,0,0,0,0,0,0,0,0,0,0,0,0,0,0,0,0,0,0,0,0,0,0,0,0.0003999600039996,0,0,0,0.0010998900109989,0,0,0,0,0.0017998200179982,0,0,0,0,0,0,0,0,0,0,0,0,0,0,0,0,0,0,0,0,0,0,0.0012998700129987,0,0,0.0301969803019698,0,0,0,0,0,0,0,0,0,0.0194980501949805,0,0,0,0.277772222777722,9.99900009999e-05,0,0,0,0,0.218078192180782,0,0.0052994700529947,0.0205979402059794,0,0,0,0,0,0,0,0,0,0,0,0,0,0,0,0,0,0
0,0,0,0,0,0,0,0,9.98402555910543e-05,0,0,9.98402555910543e-05,9.98402555910543e-05,0,0.00619009584664537,0,0,0,0,0,0.00179712460063898,0.0023961661341853,0,0,0,0.108426517571885,0,0,9.98402555910543e-05,0.000599041533546326,0.00499201277955272,0,0,0.00199680511182109,0,0,9.98402555910543e-05,9.98402555910543e-05,9.98402555910543e-05,0,0,0,0,0.00069888178913738,0,0.0232627795527157,0.00559105431309904,0,0,0,0,0,0,0,0.000199680511182109,0,0,0,0,0,0,0,0,0,0,0,0.0154752396166134,0,0,0,0.000499201277955272,0,0,0.000499201277955272,0,0,0,0,0,0.00429313099041534,0,0,0.0107827476038339,0,0.0023961661341853,0.000199680511182109,0.00838658146964856,0,0,0.00179712460063898,0,9.98402555910543e-05,0,0,0,0,0,0,0.00119808306709265,0,0,0,0,0,9.98402555910543e-05,9.98402555910543e-05,0,0.322284345047923,0.00319488817891374,0,0,0,0,0.0333466453674121,0,9.98402555910543e-05,0,9.98402555910543e-05,0.00329472843450479,0,0,0,0,9.98402555910543e-05,0.00189696485623003,0.00289536741214057,0,0,0,0,0.00179712460063898,0.00549121405750799,0,0,0,0,0.00359424920127796,0,0,0,0.10033945686901,0,0,0,0.000399361022364217,0,0,0,0,9.98402555910543e-05,0.000599041533546326,0,0,0,0,0,0,0,0.000499201277955272,0.000599041533546326,0,0,0,0,0,0,0,0.000299520766773163,0,0.000199680511182109,0,0,0,9.98402555910543e-05,0,0,0,0,0.00878594249201278,0,0.00399361022364217,0,0,0,0.000599041533546326,0,0,0,0,0,0,0.00549121405750799,0,0,0,0,0,0,0,0,0,0,0,0,0,0.000299520766773163,0,0,0,9.98402555910543e-05,0,0,0.000199680511182109,0.000199680511182109,9.98402555910543e-05,0,0.00289536741214057,0,0.00269568690095847,9.98402555910543e-05,0,0,0,0,0,0,0,0,0.00219648562300319,9.98402555910543e-05,0.00978434504792332,0,0,0.0224640575079872,0,0,0,0,0,0,0,0,0,0,0,0,0,0,0,0,0,0,0,0,0.00179712460063898,0.0125798722044728,0,9.98402555910543e-05,9.98402555910543e-05,0.0023961661341853,0,0,0,0.000599041533546326,0,0,9.98402555910543e-05,0,0,0.000898562300319489,0,0.000399361022364217,0.00289536741214057,0,0,0,0,0,0,0.210862619808307,0,0,0.00219648562300319,0,0,0,0,0,0.00119808306709265,0.00289536741214057,0,0,0,0,0.00119808306709265,9.98402555910543e-05,0.0151757188498403,9.98402555910543e-05,0,0.000499201277955272,0
0,0,0,9.99700089973008e-05,0,0,9.99700089973008e-05,0,0,0,0,0,0,0,0.00429871038688393,0,0,0,0,0,0,0,0,0,0,0.475657302809157,0,0,0,0,0,0,0,0,0,0,0,0,0,0,0,0,0,0,0,0,0,0,0,0,0,0,0,0,0,0,0,0,0,0,0,0,0,0,0,0,0,0,0.000299910026991902,0,0,0,0,0,0,0,0,0,0,0,0,0,0,0,0,0,0,0,0,0,0,0,0,0,0,0,0.00499850044986504,0,0,0,0,0.00509847045886234,0,0,0,0,0,0.211636509047286,0,0,0,0,0,0,0,0,0,0,0.00509847045886234,0,0,0,0,9.99700089973008e-05,0,0,0.0150954713585924,0,0,0,0,0,0,0,0,0,0.00709787063880836,0,0,0,0.0532840147955613,0,0,0,0,0,0,0,0,0,0,0,0,0,0,0,0,0,0,0,0,0,0,0,0,0,0,0,0,0,0,0,0.00129961011696491,0,0,0,0,0,0,0,0,0,0,0,0,0,0,0,0,0,0,0,0,0,0,0,0,0,0,0,0,0,0,9.99700089973008e-05,0,0,0,0,0,0,0,0,0,0,0,0,0,0,0,0,0,0,0,0,0,0,0,0,0,0,0,0,0,0.0386883934819554,0.000199940017994602,0,0,0,0,0,0,0,0,0,0.000399880035989203,0,0.00139958012596221,0,0,0,0,0,0,0,0,0,0,0,0,0,0,0,0,0,0,0,0,0,0,0,0,0,0,0,0,0,0,0,0,0.166949915025492,0,0,0,0,0,9.99700089973008e-05,0,0,0,0,0,0,0,0,0,0,0.00799760071978406,0,0,0,0
0,0,0,0,0,0,0,0,0,0,0,0,0,0.00359820089955022,0.0204897551224388,0,0,0.000399800099950025,0,0,0.00929535232383808,0.0298850574712644,0,0.000499750124937531,0,0,0,0,0.00309845077461269,0,0.0193903048475762,0,0,0.00569715142428786,0,0.00119940029985007,0.000399800099950025,0.00419790104947526,0,0,0,9.99500249875062e-05,0,0.00219890054972514,0.000399800099950025,0.00269865067466267,0,0,0,0,0,0,0,0,0,0,0,0,0,0,0,0,0,0,0,0,0.0108945527236382,0,9.99500249875062e-05,0.0193903048475762,0.00429785107446277,9.99500249875062e-05,0,0,0,0,0,0,0,0,0,0,0,0,0,0,9.99500249875062e-05,0,0,0.0179910044977511,0,0.00109945027486257,0,0,0,0,0,0,0.0145927036481759,0,0,0,0,0,0.000399800099950025,0,0,0.135332333833083,0,0,0,0,0,0.00949525237381309,0,0,0,0,0.00519740129935032,0,0,0,0.00209895052473763,0,0.0285857071464268,0,0,0.00119940029985007,0,0,0,0,0,0,0,9.99500249875062e-05,0,0,0,0,0.0296851574212894,0,0,0,0.00109945027486257,0,0.00119940029985007,0,0,0,0.000999500249875062,0,0,0,0,0,0,0,0,0.0293853073463268,0,0,0,0,0,9.99500249875062e-05,0,0,0,0,0,0,0.00389805097451274,0,0.00879560219890055,0.00569715142428786,0,0,0.0268865567216392,0,0,0,0,0,0,0,0.00199900049975012,0,0,0,0,0.0119940029985007,0,0,0,0,0,0,0,0,0,0,0,0,0,0,0.00109945027486257,0,0,0.00229885057471264,0,0,0.000199900049975012,0,0,0,0,0.0285857071464268,0,0,0,0.00529735132433783,0,0,0,0,0,0,0.000599700149925037,0.000299850074962519,0.00219890054972514,0,0,0.0864567716141929,0,0,0,0,0,0,0.000299850074962519,0,0,0,0,0,0,0,0,0,0,0.000199900049975012,0,0,0,0.000199900049975012,0.00259870064967516,0,0,0,0,0,0,0.000499750124937531,0,0,0,0,0,0.0111944027986007,0,0.00139930034982509,0.293653173413293,0,0.000299850074962519,0,0,0.000199900049975012,0.000599700149925037,0,0,0,0.0424787606196902,0,0,0,0,0,0.000599700149925037,0,0,0.000599700149925037,0,0.000899550224887556,0.0211894052973513,0,0,0,0,0.0197901049475262,0
0,0,0,0,0,0,1e-04,0,0,0,0,0,0,0,0,0,0,0,0,0,0,0,0,0,0,0.3567,0,0,0,0.0045,0,0,0,0.015,0,0,0.0014,0,0,0,0,0,0,0.0068,0,0.0853,0,0,0,0,0,0,0,0,0,0,0,0,0,0,0,0,0,0,0.0022,0,0.0213,0,1e-04,0.0054,0,0,0,0,0,0.0614,0,0,0,0.0018,0,0,0,0,0,0.01,0,0,0,0,0,0,0,0,0,0,0,0,0.0019,0,0,0.0126,0,0,0,0,0,0.1184,0,0.0027,0,0,0,0,0,0,0,4e-04,0.0214,0,0,0,0,2e-04,0.0576,0,0,0,0,0,0.0015,0,0,0,0,0,1e-04,0,0,0,5e-04,0,0,0,0,0,0,0,0,0,0.0011,0,0,5e-04,0,0,0,0,0,2e-04,0,0,0,0,0,0,0,0,0,0,4e-04,0,0,0,0,0,0,0,0,0,0,0,0,0,0,0,0.0011,0,0,0,0,0,0,0,0,0,0,0,0,0,0,0,0,0,0,0,0,0,1e-04,0,0,0,0,0,0,0,0,0,0.0033,0,0,0.0015,0,0,0,0,0,0,0,0,0,0,0,0.0226,0,0,0,0,0,0,0,0,0,0,0,1e-04,0,0,0,0,0,0,0,0,0,0,0.0013,0,0,0.0074,0,0,0,1e-04,0,0,0,0,2e-04,0,0,0,0.0045,0,0,0,0,0,0,0.1043,0,0,0.0127,0,0,1e-04,0,0,0.0015,0,0,0,0,0,0,0,0,0,0,0.0477,0
0.0015984015984016,0,0,0,0,0,0,0,0,9.99000999000999e-05,9.99000999000999e-05,9.99000999000999e-05,0,0,0,0,0,9.99000999000999e-05,0,0,0.000599400599400599,0.0036963036963037,9.99000999000999e-05,0.0013986013986014,0,0,0,0,0,0.0041958041958042,0,0,0,0.00559440559440559,0,0,0.0002997002997003,0.004995004995005,0,0,0,0,0,0.0004995004995005,0,0.0003996003996004,0,0.000599400599400599,0,0,9.99000999000999e-05,0.000899100899100899,9.99000999000999e-05,0.0004995004995005,9.99000999000999e-05,0,9.99000999000999e-05,0,0,0.0014985014985015,0,0,0,0,0,0,0,0,0,0,0.0003996003996004,0,0.000699300699300699,0.000599400599400599,9.99000999000999e-05,0,0.0001998001998002,0.0002997002997003,0.0002997002997003,9.99000999000999e-05,0,0,0.0034965034965035,0,0.0003996003996004,0.000599400599400599,0.0248751248751249,9.99000999000999e-05,0,0,0,0.0034965034965035,0,0,0.000799200799200799,0.003996003996004,0,0,0,0,0,0,0,0,9.99000999000999e-05,0,0,0.425474525474525,0.0030969030969031,0.0028971028971029,0,0,0,0,0,0,0,0,0.0106893106893107,0,0,0,0,0,0.0037962037962038,0,0,0,0.0001998001998002,9.99000999000999e-05,9.99000999000999e-05,0.000799200799200799,9.99000999000999e-05,0,0,0,0,9.99000999000999e-05,0,0,0.0032967032967033,0,0,0,0,0.0553446553446553,0,0,0,0,0,0,0,0,9.99000999000999e-05,0,0,0,0,0.003996003996004,0,9.99000999000999e-05,0,0,0,0,9.99000999000999e-05,0,0,0.0002997002997003,0.0002997002997003,0,0,0,0,0,0,9.99000999000999e-05,0,0,0.000799200799200799,0,0.0003996003996004,0.0002997002997003,0.0010989010989011,0,0,0,9.99000999000999e-05,0,9.99000999000999e-05,0.0018981018981019,0,0,0,0,0.0003996003996004,0,9.99000999000999e-05,0,0,0,0,0.0001998001998002,0,0.0035964035964036,0,0,0,0.0011988011988012,0,0,0,0.0001998001998002,9.99000999000999e-05,0,0.00789210789210789,9.99000999000999e-05,0.003996003996004,0,0.0588411588411588,0,0,0.00669330669330669,9.99000999000999e-05,0,0,0,0.0002997002997003,0,0,9.99000999000999e-05,9.99000999000999e-05,0.238161838161838,0,0,0,0,9.99000999000999e-05,0,0,0,0.0170829170829171,0,0.000799200799200799,0,0,0,0,0,0,0.0003996003996004,0.0015984015984016,0,0.000699300699300699,0.000899100899100899,0,0,9.99000999000999e-05,0.000899100899100899,0,0,0,0.0001998001998002,0.0002997002997003,0,0,0,0,0.0121878121878122,0,0.0012987012987013,0,9.99000999000999e-05,0,9.99000999000999e-05,0,0.0001998001998002,9.99000999000999e-05,0,0,0.0002997002997003,0.0124875124875125,0,0,0,0,0,9.99000999000999e-05,0.000699300699300699,0,0,0,0,0.001998001998002,0.0003996003996004,0.0293706293706294,0,0,0.0115884115884116,0
0,0.0001000100010001,0,0,0.0002000200020002,0.0001000100010001,0,0.0026002600260026,0,0,0,0,0,0,0.0002000200020002,0,0,0,0.0001000100010001,0,0,0.0058005800580058,0,0.0001000100010001,0,0.0287028702870287,0,0,0.0002000200020002,0,0,0,0,0.004000400040004,0,0,0.0004000400040004,0.0002000200020002,0,0.0001000100010001,0,0,0,0.0028002800280028,0,0.0008000800080008,0.0435043504350435,0,0,0,0.0005000500050005,0,0,0,0,0,0,0.0001000100010001,0,0.0279027902790279,0,0,0,0.0016001600160016,0,0,0.0024002400240024,0.0001000100010001,0,0.0067006700670067,0.0009000900090009,0.0001000100010001,0,0.0203020302030203,0,0,0,0,0,0,0,0,0,0,0,0,0,0,0,0.0089008900890089,0,0.0001000100010001,0,0,0,0,0,0,0.0035003500350035,0,0,0,0,0,0.0002000200020002,0,0.0244024402440244,0.0304030403040304,0,0.0004000400040004,0.0002000200020002,0,0,0.0107010701070107,0,0,0.0002000200020002,0,0.0027002700270027,0.0001000100010001,0,0,0,0.0003000300030003,0.0026002600260026,0,0.0241024102410241,0,0,0,0,0.0277027702770277,0,0.0001000100010001,0,0,0.0001000100010001,0,0,0,0.0003000300030003,0,0,0,0.0022002200220022,0,0.0005000500050005,0.0005000500050005,0,0,0,0,0,0.0042004200420042,0,0,0,0,0,0.0156015601560156,0,0,0,0.0093009300930093,0,0,0,0,0,0.0001000100010001,0,0,0,0,0,0,0,0.013001300130013,0.0005000500050005,0,0,0.001000100010001,0,0,0,0,0,0,0,0,0,0.0083008300830083,0.0001000100010001,0,0.0033003300330033,0,0.0006000600060006,0,0,0,0,0,0,0,0,0.0009000900090009,0.0006000600060006,0,0,0.0001000100010001,0.0001000100010001,0,0,0,0.0001000100010001,0,0.0003000300030003,0,0.0002000200020002,0.001000100010001,0.0007000700070007,0.0038003800380038,0,0,0,0,0,0,0.0125012501250125,0.0004000400040004,0.0268026802680268,0,0,0.0405040504050405,0,0,0.0006000600060006,0,0,0,0,0,0,0,0,0,0,0,0,0,0,0.0001000100010001,0,0,0,0.0003000300030003,0,0,0,0.0007000700070007,0,0,0.0001000100010001,0.0003000300030003,0.0018001800180018,0,0,0,0.0004000400040004,0.0025002500250025,0,0,0.0434043404340434,0,0,0,0,0,0,0.487848784878488,0,0.0009000900090009,0.0202020202020202,0,0,0,0,0.0001000100010001,0,0,0,0,0,0,0.0046004600460046,0,0.0001000100010001,0,0,0.0013001300130013,0
0,0,0,0,0,0,0,0,0,0,0,0.000199940017994602,0,0.000199940017994602,0.000599820053983805,0,0,0.000299910026991902,0,0,0,0.00329901029691093,0,0,0,0.112566230130961,0,0.000399880035989203,0.000999700089973008,0.00219934019794062,0.0191942417274818,0,0,0.00169949015295411,0,0,0.00449865040487854,9.99700089973008e-05,0,0,9.99700089973008e-05,0.00579826052184345,0.104468659402179,0,0,0.00919724082775168,0,0,0,0,0,9.99700089973008e-05,0.000199940017994602,0.000199940017994602,0,0,0,0,0.000199940017994602,0.0217934619614116,0,0,0,0.000599820053983805,0,0,0.0166949915025492,0.000199940017994602,0,0,0.00419874037788663,0,0,0,0,0.00129961011696491,0.000499850044986504,0.000199940017994602,0,0.00479856043187044,0,0,0,0,0,0.000299910026991902,0.0240927721683495,0,0,0,0,0.000499850044986504,0.000399880035989203,0,0,0,0,0,0.000699790062981106,0,0.00179946016195141,0.0165950214935519,0,0,0.000199940017994602,0,0,0.130060981705488,0,0.00229931020693792,0.00139958012596221,0.00459862041387584,0,0,0,0,0,0.000199940017994602,0.00369889033290013,9.99700089973008e-05,0.000899730080975707,0,0.000599820053983805,0,0.0175947215835249,0,0,0,0,0,0.00479856043187044,0.00639808057582725,0.00209937018894332,0,0,0,9.99700089973008e-05,0.000399880035989203,0,0,0.000299910026991902,0,0.00269919024292712,0,0,0,0,0,0,0,0,0,0,0,9.99700089973008e-05,0,0,0,0,0.00899730080975707,0,0.000299910026991902,0,0.0384884534639608,0,0,0.000499850044986504,0,0,0.00369889033290013,0.000599820053983805,0,0,0,0,0.000199940017994602,0.00179946016195141,0.00179946016195141,0,0,0,0,0,0,0,0.000199940017994602,0,0,0,0,0.000299910026991902,0.0110966709987004,9.99700089973008e-05,0,0,0,0.000999700089973008,0,0,0,0,0.00419874037788663,0,0,0,0.00179946016195141,0,9.99700089973008e-05,0.000499850044986504,0.000699790062981106,0,0,0,9.99700089973008e-05,0,0,0,0.00129961011696491,9.99700089973008e-05,0,0.00659802059382185,0,0,0,9.99700089973008e-05,0,0,0,0.000499850044986504,0.000699790062981106,0,0,0.00199940017994602,0.0675797260821753,0,0.000499850044986504,0,0,0.00169949015295411,0,0,0.0161951414575627,0.00539838048585424,0,0,0,0,0.000199940017994602,0,0,0,0,9.99700089973008e-05,0.000399880035989203,0.00289913026092172,0.00759772068379486,9.99700089973008e-05,0,0.00119964010796761,0,0,0,0,0,0.0280915725282415,0,0,0,0.000299910026991902,0.000599820053983805,0,0,0.0474857542737179,9.99700089973008e-05,0,9.99700089973008e-05,0,0.00109967009897031,9.99700089973008e-05,0.150254923522943,0,0.000799760071978406,0.0282915125462361,0,0,0,0,0,0.000399880035989203,0.000999700089973008,0,0,0,0.000299910026991902,9.99700089973008e-05,0,0.00219934019794062,0,0,0.00739778066580026,0
0.000500150045013504,0,0,0,0,0.000300090027008102,0.000400120036010803,0,0,0,0,0,0,0,0,0.000100030009002701,0,0.00320096028808643,0,0.000500150045013504,0.0106031809542863,0.00390117035110533,0,0,0,0.00100030009002701,0,0,0.00600180054016205,0.00540162048614584,0,0,0.00230069020706212,0.00360108032409723,0,0,0.000400120036010803,0,0,0,0,0,0,0,0,0.00300090027008102,0,0.00200060018005402,0,0,0,0,0,0.000900270081024307,0.00510153045913774,0,0,0,0,0,0,0,0,0,0,0,0.00190057017105132,0,0,0,0,0,0.000500150045013504,0.00230069020706212,0,0,0,0,0,0,0,0.00200060018005402,0.115634690407122,0,0,0,0,0,0,0.0169050715214564,0,0.0526157847354206,0.0169050715214564,0,0.000200060018005402,0.000400120036010803,0,0,0.00720216064819446,0,0,0.000100030009002701,0,0,0,0,0.0293087926377913,0.0630189056717015,0,0.00190057017105132,0,0,0,0.0193057917375213,0.000100030009002701,0.000100030009002701,0.000100030009002701,0,0.0279083725117535,0,0,0,0,0.000200060018005402,0.00710213063919176,0,0,0,0.00250075022506752,0,0,0.0131039311793538,0,0,0,0,0.00210063018905672,0,0,0,0.000800240072021606,0,0,0,0,0,0.00490147044113234,0.00440132039611884,0,0.000100030009002701,0.00140042012603781,0,0,0.000600180054016205,0.000400120036010803,0,0,0,0,0.0141042312693808,0,0,0,0,0,0,0,0,0,0.00120036010803241,0.000900270081024307,0.000100030009002701,0.00780234070221066,0,0,0,0,0.00320096028808643,0,0,0,0,0,0,0.000100030009002701,0,0,0,0,0,0,0.0278083425027508,0.000200060018005402,0,0,0,0.00110033009902971,0,0,0,0,0,0,0.0116034810443133,0,0.00150045013504051,0.000500150045013504,0.0103030909272782,0,0.000200060018005402,0,0,0,0,0.00110033009902971,0.000800240072021606,0.0368110433129939,0.0228068420526158,0.0286085825747724,0,0.00440132039611884,0,0,0,0,0,0,0,0,0,0,0.000200060018005402,0,0.0784235270581174,0,0,0.00250075022506752,0,0,0.000100030009002701,0,0,0,0,0.00100030009002701,0,0,0,0,0,0,0.000400120036010803,0.00550165049514854,0,0.00300090027008102,0.0202060618185456,0.000500150045013504,0,0.000700210063018906,0.00170051015304591,0,0,0,0.00200060018005402,0,0,0,0,0.0564169250775233,0.0413123937181154,0,0.00440132039611884,0.0795238571571471,0,0,0,0,0.000500150045013504,0.000100030009002701,0,0,0.00870261078323497,0.0279083725117535,0,0,0.0149044713414024,0,0,0,0.0160048014404321,0,0,0,0,0.0111033309992998,0,0,0,0,0.00250075022506752,0
0,0,0,0,0.000499251123315027,0,9.98502246630055e-05,0.000499251123315027,0,0,0.000199700449326011,0.000199700449326011,0,0.0104842735896156,0,0.000499251123315027,0.000399400898652022,0,0,9.98502246630055e-05,0.000299550673989016,0.000199700449326011,0,0,0,0.304343484772841,9.98502246630055e-05,0,0.000599101347978033,0.000698951572641038,0.0090863704443335,0,0,0.0036944583125312,0,0,0.0018971542685971,9.98502246630055e-05,0.000199700449326011,0,0,0.000499251123315027,0,0.00678981527708437,0,0.000599101347978033,0,0,0,0,0,0,0,0,0,0,0,0,0.000698951572641038,9.98502246630055e-05,0.000199700449326011,9.98502246630055e-05,0,0,0,0.000199700449326011,0.000698951572641038,0,0,0.00249625561657514,9.98502246630055e-05,0,0,0,0,0,0,0,0,9.98502246630055e-05,0,9.98502246630055e-05,0,0,0,0,0,0,0,0.00529206190713929,0,9.98502246630055e-05,0.036045931103345,0,0.00219670494258612,0,0,0,0.00289565651522716,0,0.000399400898652022,0,0,0,0,0,0.000599101347978033,0.111532700948577,0,9.98502246630055e-05,0,0,0,0.0036944583125312,0,0,0,0.000499251123315027,9.98502246630055e-05,0,0,0.000199700449326011,0,9.98502246630055e-05,0.036844732900649,0,0,0,0,0,0.00299550673989016,0.00439340988517224,0,0,0,0,0,0,0.000599101347978033,0,0.000798801797304044,0,0.000698951572641038,0,0,0,0.000199700449326011,0.00169745381927109,9.98502246630055e-05,0.00449326010983525,0.0017973040439341,9.98502246630055e-05,0,9.98502246630055e-05,0,0,0,0,0,0.00519221168247629,0,9.98502246630055e-05,0,0.000399400898652022,0,9.98502246630055e-05,0,0,0,0,9.98502246630055e-05,0,9.98502246630055e-05,0,0,0,0.000599101347978033,9.98502246630055e-05,0.000399400898652022,9.98502246630055e-05,0,0,0,0,9.98502246630055e-05,9.98502246630055e-05,0,0,0,0,0,9.98502246630055e-05,0,0,0,0,0,0,0,0,0,0,0,9.98502246630055e-05,0,9.98502246630055e-05,0,0,0.00519221168247629,0,0,0,0,0,9.98502246630055e-05,0,0.000199700449326011,9.98502246630055e-05,0.000299550673989016,0,9.98502246630055e-05,0.00109835247129306,0,0,0,0,0,0,0,0,0.00109835247129306,0,0.000599101347978033,0.0965551672491263,0.00269595606590115,0,0,0,0,0.000199700449326011,0,0.00139790314528208,0,0.00149775336994508,0,0.000998502246630055,0,0,0,0,0,9.98502246630055e-05,0,0,9.98502246630055e-05,9.98502246630055e-05,0,0,9.98502246630055e-05,9.98502246630055e-05,9.98502246630055e-05,0,0,9.98502246630055e-05,0.000199700449326011,0,0,0,9.98502246630055e-05,0.00479281078382426,0.000299550673989016,9.98502246630055e-05,0.140589116325512,0,0,0,9.98502246630055e-05,9.98502246630055e-05,9.98502246630055e-05,0.156265601597604,0,0,0.00259610584123814,0,0,0,0,0,9.98502246630055e-05,0.000199700449326011,0,0,0,0,0.00239640539191213,0,0,0,0,0.00349475786320519,0.00259610584123814
0,0,0,0,0,0,9.99100809271655e-05,0,0,9.99100809271655e-05,0,0,0,0,0.00359676291337796,0,0,0,0,0,0,0.00409631331801379,0,0,0,0.237686082525727,0,0,0,9.99100809271655e-05,0,0,0,0.00199820161854331,0,0,0.00149865121390748,0,0,9.99100809271655e-05,0,0,0,0.0212808472374863,0,0,0,9.99100809271655e-05,0,0,9.99100809271655e-05,0,0,0,0,9.99100809271655e-05,0,0,0,0,0,0,0,9.99100809271655e-05,0,0,0.00499550404635828,0,0,0,0.00239784194225197,0,0,0.00179838145668898,0,0,0,0,0,0.000299730242781497,0,0,0,0.000199820161854331,0,0.000199820161854331,0,0,0,0.00629433509841143,0,0.000399640323708662,0,0,0,0,0,0,0.00449595364172245,0,0,0,0,0.00139874113298032,0,0,0,0.0110900189829154,0,0.000799280647417324,0,0,0,0.105904685782795,0.000199820161854331,0,0.00089919072834449,0,0.00799280647417324,0,0,0,0,9.99100809271655e-05,0.0598461384753722,0,0,0,0,0,0,0.115895693875512,0.00569487461284844,0,0,0,0.000699370566490159,0,0,0,9.99100809271655e-05,0,0,0,0,0,0.000199820161854331,0,0,0,0,0,0,9.99100809271655e-05,9.99100809271655e-05,0,0,9.99100809271655e-05,0.00189829153761615,0,0,0,0,0,0,0,0,0,0,0,0,0,9.99100809271655e-05,0,0,0,0,0.000299730242781497,0.00399640323708662,0,0.000699370566490159,0,0,0,9.99100809271655e-05,0,0,0,0,0,0.000799280647417324,0,0,0,0,0,0,0,0,0,0,0,0.00529523428913977,0.0399640323708662,0,0.000599460485562993,9.99100809271655e-05,0,0,0.000799280647417324,0,0,0.000299730242781497,9.99100809271655e-05,0,0,0,0.00409631331801379,9.99100809271655e-05,0,0,0.000199820161854331,0,0,0,0,0,0,0.0123888500349685,9.99100809271655e-05,0.0292736537116595,9.99100809271655e-05,0,0.177540213807573,0,0,0,0,0,0,0,0,0,0,0,0,0,0,0,0,0,0.000199820161854331,0.000699370566490159,0.000299730242781497,9.99100809271655e-05,0.000799280647417324,9.99100809271655e-05,0,0,0,0,0,0,0,9.99100809271655e-05,0,0,0,0,0,0,0,0.101308822060146,0,0,9.99100809271655e-05,0,0,0.00109901089019882,0,0,0,0,0,0,9.99100809271655e-05,0,0,0.00199820161854331,0.00369667299430513,0.000399640323708662,0,0,9.99100809271655e-05,0,0,0,0,0,0.00689379558397442,0
0,0,0,9.99000999000999e-05,0,0,0.0025974025974026,0,0,0,0,0,0,0.0001998001998002,0.000799200799200799,0,0,0,0,0,0.0001998001998002,0,9.99000999000999e-05,9.99000999000999e-05,0,0.162737262737263,0,0,0.0001998001998002,0,0,0,0,0.00639360639360639,0,0,0,0.0018981018981019,0,0,0,0,0,0,0,0.0194805194805195,0,0.0002997002997003,0,0,9.99000999000999e-05,0,9.99000999000999e-05,0,0,0,0.0001998001998002,0,0,0,0,9.99000999000999e-05,0,0,0,0,0.0014985014985015,0,0.0028971028971029,0,0,0,9.99000999000999e-05,0.000999000999000999,0.0002997002997003,0,0,0,0,0,0,0.0001998001998002,0.000599400599400599,0,0.0038961038961039,9.99000999000999e-05,0,9.99000999000999e-05,0,0.0041958041958042,0,0.0024975024975025,0,0,0,0,0,0,0.0002997002997003,0,0,0,0,0,9.99000999000999e-05,0,9.99000999000999e-05,0.359140859140859,0,0.0028971028971029,0.0012987012987013,0,0,0,0,0,0,0,0.0011988011988012,0,0,0,0,0,0,0,9.99000999000999e-05,0,0,0.0161838161838162,0,0.0010989010989011,0,9.99000999000999e-05,0,0,9.99000999000999e-05,0.0001998001998002,0.000799200799200799,0,0,0,0,0,0,0,0.0001998001998002,0,0,0,9.99000999000999e-05,0.000599400599400599,0,0,0,0,0,0.000799200799200799,0,0.0016983016983017,0,0.0010989010989011,0,0.0201798201798202,9.99000999000999e-05,9.99000999000999e-05,0,0,9.99000999000999e-05,0.0004995004995005,0,0,9.99000999000999e-05,0,0,0,0.003996003996004,9.99000999000999e-05,0.000599400599400599,0.0013986013986014,0,0.0002997002997003,0,0.0002997002997003,0,0.00649350649350649,0,0,0,0,0,0.0310689310689311,9.99000999000999e-05,9.99000999000999e-05,0,0,0,0.000599400599400599,0,0.000599400599400599,0,0.017982017982018,0,0.0679320679320679,0,0.0003996003996004,9.99000999000999e-05,0.0001998001998002,9.99000999000999e-05,9.99000999000999e-05,0,0,0,0,0,0.000799200799200799,0,0.000899100899100899,0,0,0.001998001998002,0,0,0,9.99000999000999e-05,0,0,0,0,0,9.99000999000999e-05,0.0021978021978022,0,0.0173826173826174,0,0,0,0,0.0016983016983017,9.99000999000999e-05,0,0.0155844155844156,0.00929070929070929,0,0,0,0,0,0,0,9.99000999000999e-05,9.99000999000999e-05,0,0,0.0001998001998002,0,9.99000999000999e-05,0,0,0,9.99000999000999e-05,0,0,0,9.99000999000999e-05,0,0,0,0.0014985014985015,0.0038961038961039,0,0,0.0305694305694306,0.0003996003996004,9.99000999000999e-05,0,0,9.99000999000999e-05,0.0003996003996004,0.126473526473526,0,0,0.0256743256743257,0,0,0.000699300699300699,0,9.99000999000999e-05,0.0003996003996004,0,0,0,0,0,0,0,9.99000999000999e-05,0,0,0.0040959040959041,0
0,0,0,9.99600159936026e-05,0,0,9.99600159936026e-05,0,0,0,9.99600159936026e-05,0,0,0,0.000599760095961615,9.99600159936026e-05,0,0.000199920031987205,9.99600159936026e-05,0,0,0.00279888044782087,0,0.00159936025589764,0,0.183326669332267,0,0,0.00839664134346262,0.000199920031987205,0.0253898440623751,0,0,0.00079968012794882,0.000199920031987205,0,0.000199920031987205,0.00559776089564174,0,0,0,0,0,0,0,0.00039984006397441,0,0,0,0,9.99600159936026e-05,0,0,0,0,9.99600159936026e-05,0,0,0,0,0.00039984006397441,0,0,0.00209916033586565,0,0,0.0152938824470212,0,0,0,0.00989604158336665,0,0,0,0,0,9.99600159936026e-05,0,0,0.0039984006397441,0,0,0.0154938024790084,0,0,9.99600159936026e-05,0.0143942423030788,0,0,0.00219912035185926,0,0.00429828068772491,9.99600159936026e-05,0,0,0,0,0,0,0,0,9.99600159936026e-05,0,0.00269892043182727,0,0,0,0.204818072770892,0,0,9.99600159936026e-05,0,0,0.00809676129548181,0,9.99600159936026e-05,0,0,0,0,0,0,0,0,0.00119952019192323,0,0,0,0,0,0,0,0,0.000299880047980808,0.000199920031987205,0,0.000199920031987205,0,0,0,0.0289884046381447,0,0,0.000199920031987205,0,0,0.0039984006397441,0,9.99600159936026e-05,0,0.00159936025589764,0,0,0.00289884046381447,9.99600159936026e-05,0,0,0,0,0.00489804078368653,0,0,0,0,0,9.99600159936026e-05,0,0,0,0,0.000599760095961615,0,9.99600159936026e-05,9.99600159936026e-05,0,0,0.000199920031987205,0,0.00169932027189124,9.99600159936026e-05,0,0,0,0,0.00079968012794882,0,0,0,0,0,0.00229908036785286,0.00199920031987205,0.00109956017592963,0,0,0,0,0,0,0.00129948020791683,0,0,0,0.0419832067173131,0,0.000499800079968013,0,0,0.000199920031987205,0.00189924030387845,0.00279888044782087,0,0,0,0.000599760095961615,0,0,0,0.00249900039984006,0,0.00849660135945622,0.0076969212315074,0,0,0,0,0,0,0.00839664134346262,0,0.0183926429428229,0,0,0.0185925629748101,0,0,0.00039984006397441,0,0,0,0,0,0,0,0.000299880047980808,0.0038984406237505,0,0,0,0,0,0,0,0,0.00949620151939224,9.99600159936026e-05,0.00129948020791683,0,0.00189924030387845,0,0,0,0,0.000199920031987205,0.00579768092762895,0,0,0,0,9.99600159936026e-05,0,0,0.00369852059176329,0,0.00039984006397441,0,0,0,0,0.285885645741703,0,0,0.000199920031987205,0,0,0,0,9.99600159936026e-05,0,0.000299880047980808,0,0,0,0,0,0,0.00039984006397441,0,0,0.00369852059176329,0
0,0,0,0,0,0,0,0,0,0,0,0,0.0011001100110011,0,0,0.0003000300030003,0.0022002200220022,0,0,0,0,0,0,0.0002000200020002,0,0.0205020502050205,0,0,0.0007000700070007,0.0141014101410141,0,0,0,0,0,0,0.0047004700470047,0,0,0,0,0,0,0,0,0,0,0,0,0,0,0,0,0,0,0,0.0005000500050005,0,0,0,0,0,0,0,0,0,0,0,0,0,0,0,0,0,0,0.0881088108810881,0.0001000100010001,0,0,0,0,0,0.0096009600960096,0,0,0.0035003500350035,0.0007000700070007,0,0,0,0,0.0006000600060006,0.0051005100510051,0,0,0.0002000200020002,0,0,0,0,0,0,0,0,0,0,0,0.573857385738574,0,0,0,0,0.0001000100010001,0,0,0.0009000900090009,0,0,0,0,0,0,0,0,0,0,0,0,0,0,0,0,0,0.0001000100010001,0,0.0002000200020002,0.0062006200620062,0,0,0,0.0098009800980098,0,0,0,0,0,0.006000600060006,0,0,0,0,0,0,0.0038003800380038,0,0,0.0015001500150015,0,0,0,0,0.0007000700070007,0,0,0,0,0,0,0,0,0,0,0.0001000100010001,0,0,0,0,0,0,0,0,0,0,0,0.0017001700170017,0,0,0,0,0.002000200020002,0,0,0,0,0,0,0,0,0,0,0,0,0,0,0.0131013101310131,0.0024002400240024,0.0001000100010001,0.0038003800380038,0.0001000100010001,0,0,0,0,0,0,0,0,0,0.0017001700170017,0,0.0113011301130113,0,0,0,0,0,0,0,0,0,0,0,0,0,0,0,0,0,0.0001000100010001,0.0035003500350035,0,0,0,0,0.0002000200020002,0,0,0,0,0,0,0,0,0,0.0018001800180018,0.0003000300030003,0.0008000800080008,0,0,0,0,0,0,0.0006000600060006,0.0392039203920392,0,0,0,0,0.0713071307130713,0,0,0.0587058705870587,0,0.0008000800080008,0,0,0,0,0.0244024402440244,0,0.0051005100510051,0,0,0,0.0001000100010001,0,0,0,0,0,0,0,0,0,0,0.0014001400140014,0,0,0,0
0,0,0,0,0,0,9.98901208670463e-05,0.00219758265907502,0,0,0,0,0,0,9.98901208670463e-05,0.000499450604335231,0.00789131954849665,0,0.00159824193387274,0,0,0.00619318749375687,0,9.98901208670463e-05,0,0.0967935271201678,0,0,0.000699230846069324,0.00519428628508641,9.98901208670463e-05,0,0,0.00579362701028868,0,0,0.000199780241734093,0.00479472580161822,9.98901208670463e-05,0,9.98901208670463e-05,0.00139846169213865,0,0,0,0,0,0,0,0,0,0,0,0.000499450604335231,0,0.00119868145040456,0,0,0,0.0239736290080911,0.000299670362601139,0,9.98901208670463e-05,0.000299670362601139,0,0,0.000998901208670463,0,0,0.010788133053641,0.00889022075716712,9.98901208670463e-05,0.000299670362601139,0.00119868145040456,0,0,9.98901208670463e-05,0,0,0.00739186894416142,0,0.00169813205473979,0,0.00399560483468185,0,0.000299670362601139,0,0,0.000599340725202278,0.000499450604335231,0,0.000399560483468185,0.00179802217560683,0,0,0.00079912096693637,0,0,0,0,0,0,0.000199780241734093,0,0,0,0,0.223653980621317,0,0,0.00479472580161822,0,0,0.0126860453501149,0,0.000399560483468185,0,0.0766157227050245,0.015083408250924,0,0,0,0,0.000199780241734093,0.00529417640595345,0.0655279192887823,0,0.00179802217560683,0,0,0,0,0.00879033063630007,0,0.000599340725202278,0,0.000299670362601139,0,0,0,0.00079912096693637,0,0.0025971431425432,0,0.00789131954849665,0,0.000899011087803416,0.00968934172410349,0,0,0.000599340725202278,0,0,0.000599340725202278,9.98901208670463e-05,0,0,0.000199780241734093,0,0.00439516531815004,0,0.000499450604335231,0,0,0,9.98901208670463e-05,0.000299670362601139,0,0,0,0.000299670362601139,0,0,0,0,0,0.00239736290080911,0.000199780241734093,0.00779142942762961,0,0,0,0,0,0.0012985715712716,0.000199780241734093,0,0,0,0,0,0.00619318749375687,9.98901208670463e-05,9.98901208670463e-05,0,0,0,0,0,0,0,0,9.98901208670463e-05,0,0,0.000499450604335231,0.000699230846069324,0.000998901208670463,0,9.98901208670463e-05,0,0,0,0,0,0.00239736290080911,0.0040954949555489,0.00209769253820797,0,0,0,0.00159824193387274,0,0,0,0,0.0505444011587254,0,0.00649285785635801,0,0.00299670362601139,0,0.000899011087803416,0.0025971431425432,0,0,0,0,0.000699230846069324,0.00289681350514434,0,0.00199780241734093,0,0,0,0.00549395664768754,0,0,0,0,0,0.000599340725202278,0,0,0.00119868145040456,0,0.000399560483468185,0,0.0025971431425432,0.00599340725202278,0,0,0,0.0012985715712716,0,0,0,0,0.000399560483468185,0.000599340725202278,0,0.00219758265907502,0.00609329737288982,0,9.98901208670463e-05,0,0,0,0,0.193087603636,0,0,0.0227749475576865,0,0,0,0,0,0,0.00719208870242733,0,0,0,0,0.000699230846069324,0,0.000699230846069324,0,0,0.00359604435121366,0
0,0.0021,3e-04,0,0,3e-04,0.003,0,0,0,0,0,3e-04,0,0.0015,0,0,0,0,0,6e-04,0,0,4e-04,0,0.6102,0,0,0.0085,1e-04,1e-04,0,0,0.0025,0,0,0.001,0,0,0,0,0,0,0,0,0,0,0,0,0,0,0,0,0,0,0,0,0,0,0,0,0,0,0,0,0,0.0058,0,0,0,0,0,0,0,0,0,0,0,0,0,0,0,0,0,0,1e-04,2e-04,0,0,0,0,0,0.0019,0,0,0,0,0,0,0,0,6e-04,0,0,0,0,0,0,0,0,0,0,0,0,0,2e-04,0,0.0069,0.0018,0,0,0,0,0.0013,0.0023,0,0,0,0,0,0,0.0361,0,0,0,0,1e-04,0,0,0,6e-04,0,0,0,0,0,0,0,0,0,3e-04,0,0,0,0,0,0,0,0,0,0,0,0,0,0,0,0,0,0,8e-04,0,0,0,0,0,0,0,0,0,0,0,0,0,0,6e-04,0,0,0,0,0,0,0,2e-04,0,0,0,0,0,0,0,0,0,0,0,0,0.0038,1e-04,0,0,0.0019,0,0,0,0,0,0,0,0,3e-04,0,0.0078,0,0,0,0,0,0,0,0,0,0,0,0,0.0528,0,0,0,0,0,1e-04,0,0,0,0,5e-04,0,0,0,0,0,0,0,0,0,0,0,1e-04,0,0,3e-04,0,0,0,0,0.0012,0,0,0,0,0.0227,0,0,0.0128,0,0.0011,0,0,0,0,0.1962,0,0,0,0,0,0.004,0,2e-04,0,0,0,0,0,0,0,0,3e-04,0,0,0.0031,0
0,0,9.9930048965724e-05,0,0,0.00179874088138303,0,0,0,0,0,0,0,0,0.00129909063655441,0,0,0,0,0,0,0.00199860097931448,0,0,0,0.016288597981413,0,0,0.000299790146897172,0,0,0,0,0.00179874088138303,0,0,0.000899370440691516,0,9.9930048965724e-05,0,0,0.00359748176276606,0.0142899970020985,0,0,0,0,9.9930048965724e-05,0,0,0,0,0,9.9930048965724e-05,0,0.000199860097931448,0,0,0,0.0183871290096932,0,0,0,0.0020985310282802,0,0,0.0265813930248826,0,0.00109923053862296,0,0.000299790146897172,0,9.9930048965724e-05,0.000899370440691516,0,0,0,0,0,0.0053962226441491,0,0.00159888078345158,0,0,0,0.00699510342760068,0.00639552313380634,0,0,9.9930048965724e-05,0,0,0.35475167382832,0,0,0.0119916058758869,0,0,0,0,0,0.0339762166483462,9.9930048965724e-05,0,0,0,0,0.119316478465074,0,0,0.000899370440691516,0,0,0.0193864294993505,9.9930048965724e-05,0.000199860097931448,0,0.000599580293794344,0.00799440391725792,0,0,0,0,0,0,0.0310782452283402,0,0,9.9930048965724e-05,0,0,0.00189867093034876,0,0,0,0.00449685220345758,0.0138902768062356,0,0,0,0.00219846107724593,0,0.00179874088138303,0,0.00449685220345758,0,0.000399720195862896,0,0,0,0.000299790146897172,0,0,0.000399720195862896,9.9930048965724e-05,0,0,0,0,0.00049965024482862,0,0.00129909063655441,0,0,0,0,0.000299790146897172,0,0,0,0.000399720195862896,0,0,0,0,0,0.00149895073448586,0,0,0,0,0.000399720195862896,0,0,9.9930048965724e-05,0,0,0,0,0,0.00389727190966324,9.9930048965724e-05,9.9930048965724e-05,0,0,0,0,0,0.000199860097931448,0,0,0.00179874088138303,0,9.9930048965724e-05,0,0.00189867093034876,9.9930048965724e-05,0,0.000399720195862896,0,0.000299790146897172,0,0,0,0.00049965024482862,0.00049965024482862,0,9.9930048965724e-05,0.0074947536724293,0,0,0.000699510342760068,0,0,0,0.000599580293794344,0,0,0.0186869191565904,0.00049965024482862,0,0,0.00139902068552014,0.0328769861097232,0,0,0.000899370440691516,0,0.00119916058758869,0,0,0.0099930048965724,0,0,0.00049965024482862,0.00359748176276606,0,0,0,0,0,0,0.000199860097931448,0,0.000599580293794344,0.00049965024482862,0.000399720195862896,0,0,0,0,0,0,0.000199860097931448,0,0,0,0,0,0.072049565304287,0,0.00279804137104027,0.0404716698311182,0,0,0,0,0,0,0.0563605476166683,9.9930048965724e-05,0,0.00309783151793744,0,0,0,0,0,0,0,0,0,0,0,0.000399720195862896,0,0.00529629259518337,0,0,0.00129909063655441,0
0,0,0,0,0,0,9.99500249875062e-05,0,0,0,0,0,0,0,0,0,0,0,0,0,0,0.000499750124937531,0,0,0,0.215592203898051,0,0,0.000899550224887556,0,0.0455772113943028,0,0,0.00659670164917541,0,0,0.00329835082458771,0.00129935032483758,0,0,0,0,0,9.99500249875062e-05,0,0.00649675162418791,0,0,0,0,0,0,0,0,0.00889555222388806,0,0,0,0,0.0359820089955022,0,9.99500249875062e-05,0,0,0,0,0.096151924037981,0,0,0,0.00379810094952524,0,0,0.000199900049975012,0,0.00669665167416292,0,0,0,0.000399800099950025,0.00119940029985007,0,0.0387806096951524,0,0,0,0.0214892553723138,0,0,0.000899550224887556,0,0,0,0,0,0,0,0,0.00249875062468766,0,0,0,0,0,0,0,9.99500249875062e-05,0.107646176911544,0,0,0,0,0,0.00229885057471264,0.00129935032483758,0,0,0,0,9.99500249875062e-05,0,0,0,9.99500249875062e-05,0.00569715142428786,0,0,0,0.000599700149925037,0,0.000599700149925037,9.99500249875062e-05,0,0,0,0,0.000299850074962519,0,0,0,0,0,0,0,0,0,0,0,0,0,0.0015992003998001,0,0,0,0,0,0,0,0.000399800099950025,0.00389805097451274,0,0,0,9.99500249875062e-05,0,0,0,9.99500249875062e-05,0,0,0,0,0,0,0,0,0,0.000499750124937531,0.00079960019990005,0,0,0,0,0,0,0,0,0,0,0,0,0.0214892553723138,0,0,0,0,0,0,0,0,0,0,0,0,0.000299850074962519,0,0,0,0,0,0,0,0,0,0.000499750124937531,0,0.00339830084957521,0,0,9.99500249875062e-05,0,0,0,0,0,0.00289855072463768,0,0,0.00079960019990005,0,0.000699650174912544,0,0,0.0216891554222889,0,0,0,0,0,0,0,0,0,0,0,0,0,0,0,0,0,9.99500249875062e-05,0,0,0,0,0,0,0.00129935032483758,0.00239880059970015,0,0,0,0,0.04007996001999,0,0,0,0,0.000899550224887556,0,0,0.0259870064967516,0,0.00119940029985007,0,0,0,0.000199900049975012,0.146426786606697,0,0,0.0857571214392804,0,0,0,0,0,0,0.000999500249875062,0,0,0,0,0.00459770114942529,0.00139930034982509,0,0,0,0.0129935032483758,0
0,0,0,0,0,0,9.99500249875062e-05,0,0,0,0,0,0,0,0.00709645177411294,0,0,0,0,0,0.00529735132433783,0.00229885057471264,0,0,0,0.146726636681659,0,0,0.000999500249875062,0.00729635182408796,0.00499750124937531,0,0,0.000499750124937531,0,0,0.00169915042478761,0.00369815092453773,0,0,0,0,0.0031984007996002,0.00169915042478761,0,0.0129935032483758,0,0,0,0,0,0,0,0,0,0,0,0,0,0,0,0.000999500249875062,0,0,9.99500249875062e-05,0.000199900049975012,0.0375812093953024,0,0,0.0201899050474763,0.000299850074962519,0,0,0.000499750124937531,0,0,0,0,0,0.00519740129935032,0,0,0,0,0.000399800099950025,0,0,0,0.000699650174912544,0,0,0.0533733133433283,0.0015992003998001,0,0,0,0,0,0.00189905047476262,0,0,0,0,0,9.99500249875062e-05,0,0,0.278360819590205,0,0,0.00389805097451274,0,0.00079960019990005,0.00299850074962519,0,0,0,9.99500249875062e-05,0.0141929035482259,0,0,0,0,0,0.00529735132433783,0,0,0,0,0,0,0.0102948525737131,0,0,0,0,0,0,0,0,0.0258870564717641,0,0.000499750124937531,0,0,0,0.00749625187406297,0,0,0,0,0,0,0.00759620189905048,9.99500249875062e-05,0,0,0,0,0.000399800099950025,0,0,0,0,0,0,0,0,0,0,0,0,0,0,0,0,0,0,0.031384307846077,0,0,0.000199900049975012,0,0,0.00249875062468766,0,0,0,0,0,0,0.00209895052473763,0,0.000999500249875062,0,0,0,0,0,0,0,0,0,0,0,0.0120939530234883,0,0,9.99500249875062e-05,0.0079960019990005,0,0,0,0,9.99500249875062e-05,0.00109945027486257,0,0,0.00649675162418791,9.99500249875062e-05,0.0250874562718641,0,0,0,0,0,0,0,0.000499750124937531,0,0.00689655172413793,0,0,0.0169915042478761,0,0,0,0,0,0.0334832583708146,0,0.000899550224887556,0,0,0.000399800099950025,9.99500249875062e-05,0,0,0,0,0,0,0,0,0.00209895052473763,0,0.00149925037481259,0,9.99500249875062e-05,0.00209895052473763,0,0,0,0.000499750124937531,0,0,0,0,0.00359820089955022,0.000599700149925037,0,0,0.0140929535232384,0,0,0,0,0.000299850074962519,0,0.127736131934033,0,0,0.0106946526736632,0,0,0,9.99500249875062e-05,0,0,0,0,0,0,0,0.00219890054972514,0,0.000399800099950025,0,0,0.0047976011994003,0
0,0,0,0,0,0,0.000399440782903934,0.00149790293588975,0,9.98601957259836e-05,0,0.000299580587177951,0.000199720391451967,0.00249650489314959,9.98601957259836e-05,0.00159776313161574,0,0,0,0,0.00579189135210705,0.000199720391451967,0,0.000199720391451967,0.00109846215298582,0.000299580587177951,0,0,0.000898741761533853,9.98601957259836e-05,9.98601957259836e-05,0,0,0.00679049330936689,0,0,9.98601957259836e-05,0.00409426802476533,0.000699021370081885,0,0,0.00279608548032754,0.0869782304773317,0.00369482724186139,0,0.00189734371879369,0,0.000898741761533853,0,0,9.98601957259836e-05,9.98601957259836e-05,0.000199720391451967,0,0.00109846215298582,0,0,0,0,0.006091471939285,0,0,9.98601957259836e-05,0,0,0.0011983223487118,0.0186738566007589,0,0,0,0.00139804274016377,0,0.000199720391451967,0.000699021370081885,0,0,0.000399440782903934,0.000299580587177951,0,0.0194727381665668,0.000399440782903934,0.000699021370081885,0.0131815458358298,0,0.024166167365688,9.98601957259836e-05,0.0492310764929099,0,0,0.000898741761533853,0.0849810265628121,0.000499300978629918,0.00279608548032754,0.00269622528460156,0.000998601957259836,0.00309566606750549,0,0,0.00219692430597164,0,0,0,0,0,0.000199720391451967,0.00199720391451967,0.0283602955861793,0.199520671060515,0,0,0,0,0,9.98601957259836e-05,0.000299580587177951,0.000199720391451967,0,0.000299580587177951,0.00619133213501098,0,0,0.000599161174355902,0,9.98601957259836e-05,9.98601957259836e-05,0,0,0,0,0.0111843419213102,0.00139804274016377,0.0272618334331935,0,0.000299580587177951,0,9.98601957259836e-05,9.98601957259836e-05,0.000199720391451967,9.98601957259836e-05,0,0.0650089874176153,0,0,0,0,0,0,9.98601957259836e-05,0,0,0.000399440782903934,0.000599161174355902,9.98601957259836e-05,0.000299580587177951,9.98601957259836e-05,0,0,9.98601957259836e-05,0.00139804274016377,0.00409426802476533,0,0,0,0.0625124825244657,0,0,0,0,9.98601957259836e-05,0,0.00279608548032754,0,0,0,0,0,0.000199720391451967,0.000199720391451967,0,0,0.000199720391451967,0,0,0.000299580587177951,0.00519273017775115,0,0,0,0,0,0,0,0.000199720391451967,0,0.00129818254443779,0,0,9.98601957259836e-05,0,0,0,0,0,0,0,0.00279608548032754,9.98601957259836e-05,0,0,9.98601957259836e-05,0,0,0,0.000499300978629918,0.000299580587177951,0,0.00189734371879369,0.0155781905332534,0.000499300978629918,0,0,0,9.98601957259836e-05,0,9.98601957259836e-05,0.000798881565807869,0,0,0.000199720391451967,9.98601957259836e-05,0.0141801477930897,9.98601957259836e-05,9.98601957259836e-05,0.0268623926502896,0,0.000399440782903934,0,0,0,0.000199720391451967,0,0,0.00599161174355902,0,0.000499300978629918,0,0,0,0,0.00129818254443779,0.000199720391451967,9.98601957259836e-05,0.000998601957259836,0,0.000699021370081885,9.98601957259836e-05,9.98601957259836e-05,0.000299580587177951,0.000898741761533853,0.00199720391451967,9.98601957259836e-05,0,0,0,0.000699021370081885,0,0,0,0.000998601957259836,0.0011983223487118,0,0.00339524665468344,0.000998601957259836,0,9.98601957259836e-05,9.98601957259836e-05,0,0.000299580587177951,0.00279608548032754,0.0994607549430797,9.98601957259836e-05,0,0.000798881565807869,0,0,0,0,0,0.00838825644098262,9.98601957259836e-05,0,0.0137807070101857,0,0,0.000798881565807869,0,0.00389454763331336,0,0,0.000299580587177951,0.000399440782903934
0,0,0,0,0,0,0.00149805253170878,0,0,0,0.000499350843902926,0,0,0,0.00119844202536702,9.98701687805852e-05,9.98701687805852e-05,9.98701687805852e-05,9.98701687805852e-05,0,0.00649156097073804,0.00289623489463697,0,0,0,0.0391491061619894,0,0,0.00509337860780985,0.00449415759512634,0,0,0,0.00189753320683112,0,0,0.000599221012683511,0.0211724757814841,0,0,0,0,0,0,0,0,0,0.000798961350244682,0,0,0.000299610506341756,0,0,0,0.01877559173075,0.000898831519025267,0,0.000299610506341756,0,0.0250674123639269,0,0.00279636472585639,0,0.00499350843902926,0,0.00509337860780985,0.0301607909717367,0,0,0.00149805253170878,0.00559272945171277,0.00019974033756117,0,0.000699091181464097,0,0,0,0,0,0.0397483271746729,0,0,0.0026964945570758,0,0.0511335264156596,0.000299610506341756,0,0,0,0.00359532607610107,0,0.00369519624488165,0,0,0,0,0,0,0.000399480675122341,0,0,0,0,0.00129831219414761,9.98701687805852e-05,9.98701687805852e-05,0.0144811744731849,0.0323579346849096,0,0,0,0,0,0.00169779286926995,0,0,0,0,0.0227703984819734,0,0,0,0,9.98701687805852e-05,0.00169779286926995,0,0,0,0.000299610506341756,0,0,0.00719065215220214,0,0,0,0,0,0,0,0,0,0,0,0,0,0,0.00179766303805053,0.000499350843902926,0,0,0.000798961350244682,0,0,0.000499350843902926,0,0,0,0,0.000898831519025267,0,0,0,0,0.114451213422551,0,0,0.000798961350244682,0,0,0.00019974033756117,0.00169779286926995,0.00189753320683112,0.0709078198342155,0,0,0,0,0.00928792569659443,0,0,0,0,0,0.00189753320683112,0.00259662438829522,0,0,0,0,0,0.0109857185658644,0.0222710476380705,9.98701687805852e-05,9.98701687805852e-05,0,0,0,9.98701687805852e-05,0,0,0,0,0,0.102666533506442,0,0.00249675421951463,0,0,9.98701687805852e-05,0,0,0,0.000299610506341756,0,0.00139818236292819,0,0.00519324877659043,0.0193748127434335,0,0.000599221012683511,0,0.004094676920004,0,0,0,0.000399480675122341,0,0,0.000499350843902926,0.00019974033756117,0.0138819534605013,0,0.000299610506341756,0.0300609208029562,0,0,0.000699091181464097,0,0,0.00689104164586038,0,0,0,0,9.98701687805852e-05,9.98701687805852e-05,0,0,0,0,0.000599221012683511,0.000399480675122341,0.00109857185658644,0.00019974033756117,0.00389493658244282,0,0,0.00019974033756117,0.00159792270048936,0.0104863677219615,0.000399480675122341,0,0,0.00139818236292819,0.000998701687805852,0.000299610506341756,0,0,0.0123839009287926,0.000399480675122341,0,0.00529311894537102,0.00289623489463697,0,0,0,0,0.00019974033756117,0.000399480675122341,0.123639268950365,0,0,0.0226705283131928,0,0,0,0,0,0,0.00119844202536702,0,0,0,0,0.00159792270048936,0.00249675421951463,0,0,0,0.00519324877659043,0.0026964945570758
0,0,0,0,0,0,0,0,0,0,0,0,0,0,0.000699720111955218,9.99600159936026e-05,0.000299880047980808,0,0,0,0,0.000899640143942423,0,0.00199920031987205,0,0.121951219512195,0,0,9.99600159936026e-05,0,0,0,0.00139944022391044,0,0,0,0.00369852059176329,0,0,0,0,0,0,0,0,0,0,0,0,0,0,0,0,0,0,0,0.000299880047980808,0,0,0,0,0,9.99600159936026e-05,9.99600159936026e-05,0,0,0,0,0,0,0.000699720111955218,0,0.00209916033586565,0,0,0,9.99600159936026e-05,0,0,0.00559776089564174,0,0,0,0,0,0.00589764094362255,0.00329868052778888,0,0.000199920031987205,0.00919632147141144,0,0.000499800079968013,0.00369852059176329,0,0,0,0,0,0,0,0,0,9.99600159936026e-05,0,0,0,0,0.0659736105557777,0,0,0,0,0,0.030687724910036,0,0.00459816073570572,0,0,0.00119952019192323,0,0,0,0,0,0.0463814474210316,0,0,0,0,0,0,0.000699720111955218,0,0.00039984006397441,0,0,0,9.99600159936026e-05,0,0,0.00209916033586565,0,0,9.99600159936026e-05,0,0,0.00149940023990404,0,0,0,0.00149940023990404,0,0,0.000299880047980808,0,0,0,0,0,0,0,0,0,0,0,0,0,0,0,0,0,0,9.99600159936026e-05,9.99600159936026e-05,0,0,0,0.00239904038384646,0,0,0,0,0.000599760095961615,0,9.99600159936026e-05,0,0,0,0,0,9.99600159936026e-05,0.0220911635345862,0.000199920031987205,0,0,0,0,0,0,0,0,0,0,0.000199920031987205,0,0.0137944822071172,0,0,0.000499800079968013,0.000199920031987205,0,0,0,0,0.000699720111955218,0,0,0,0.0636745301879248,0,9.99600159936026e-05,0,0,0,0,0,0,0,0,0,0.0192922830867653,0,0,0.0999600159936026,0,0,0,0,0,0.00119952019192323,0,0,0,0,0.00159936025589764,0.00649740103958417,0,0,0,0,0,0,0,0,0.00439824070371851,0.00619752099160336,0.0234906037584966,0,0,0,0,0,0,9.99600159936026e-05,0.00039984006397441,0,0,0,0,0.000199920031987205,0,0,0.00619752099160336,0,0,0,0,9.99600159936026e-05,0,0.367353058776489,0,0,0.00729708116753299,0,0,0,0,0,0,0,0,0,0,0,0.00909636145541783,0,0.00289884046381447,0,0,0.0202918832467013,0
0,0,0,0,0,0,0,0,0,0,0,0,0,0,0.000599760095961615,0,0,0,0,0,0.00729708116753299,0.00249900039984006,0,0,0,0.128248700519792,0,0,0.00159936025589764,0,0.0487804878048781,0,0,0.00499800079968013,0,0,0,0,0,0,0,0,0,0,0,0.121051579368253,0,9.99600159936026e-05,0,0,0,0,0,0,0.00039984006397441,0,0,0,0,0,0,0,0,0,0.00299880047980808,0,0,0,0,0,0,0,0,0,0,0,0,0,0,0.0232906837265094,0,0.000599760095961615,0,0,0,0.00109956017592963,0.000199920031987205,0,0,0.00709716113554578,0,0.00469812075169932,0.00189924030387845,0,0,0,0,0,0.00149940023990404,0,0,0.00419832067173131,0,0,0.000199920031987205,0,0,0.04578168732507,0,0.00109956017592963,0,0,0,0.00199920031987205,0,0,0,0.00039984006397441,0,0,0,0,0,0,0.0258896441423431,0.00219912035185926,0,0,0,0,0.0121951219512195,0,0,0,0,0,0.00199920031987205,0,0,0,0,0,0,0,0,0,0.000599760095961615,0,0,0,0.00179928028788485,0,9.99600159936026e-05,0,9.99600159936026e-05,0,0,0,0,0,0,0,0,0,0,0,0,0,9.99600159936026e-05,0,0,0,0,0,0,0,0,0,0.0828668532586965,0,0.00279888044782087,0,0,0,0,0,0,0,0,0,0,0,9.99600159936026e-05,0.000199920031987205,0,0,0,0,0,0,0,0,0,9.99600159936026e-05,0.172630947620952,0.0100959616153539,0,0,9.99600159936026e-05,0.000499800079968013,0,0,0.00039984006397441,0,0,0,0,0,0.00149940023990404,0,0,0.00199920031987205,0,0,0,0.00149940023990404,0,0,0.00239904038384646,0,0,0,0,0.0451819272291084,0,0,0,0,0,0,0,0,0,0.000899640143942423,0,0.00039984006397441,0,0.000499800079968013,0,0,0,0,0.00169932027189124,0,0.000899640143942423,0.0105957616953219,0.000599760095961615,0,0,0.000699720111955218,0,0,0,0.00039984006397441,0,0,0,0,0,0,0,0,0.000999600159936026,0,0,0,0,0,0,0.111755297880848,0,0,0.0519792083166733,0,0,0,0,0,0,0.0177928828468613,0,0,0,0,0.00249900039984006,0,0.000699720111955218,0,0,0.0175929628148741,0
0,0,0,0.000199820161854331,0,0,9.99100809271655e-05,0,0,9.99100809271655e-05,9.99100809271655e-05,0,0,0,0.00179838145668898,0.00269757218503347,0,0,9.99100809271655e-05,0,0,0.00169847137576181,0,0.000299730242781497,0,0.257168548306524,0,0,0.000299730242781497,0.0031971225896693,0,0,0,0.0092916375262264,0,0,0,0.0028973923468878,0,0,0,0,0,0,0,0.00539514437006694,0,9.99100809271655e-05,0,0,0,0,0,0,0,0.000299730242781497,0,0,0,0.0131881306823859,9.99100809271655e-05,0.000399640323708662,0,9.99100809271655e-05,0,0,0.00909181736437207,0,0,0.0165850734339095,0.00309721250874213,9.99100809271655e-05,0,0.00089919072834449,0,0,0,0,0,0.00349685283245079,0,0,0.000599460485562993,0,0,9.99100809271655e-05,0,0,0,0.00429613347986812,0.0332700569487461,0.000399640323708662,0,0,0,0,0,0,0.00619442501748426,0.00599460485562993,0,0,0,0,0,0.000199820161854331,0,0.0705365171345789,0,0.00299730242781497,0,0,0,0.0188830052952343,0.000299730242781497,0,0,9.99100809271655e-05,0.00269757218503347,0,0,0,0,0,0.0829253671695474,0,0.000299730242781497,0,0.000199820161854331,0,0,0.0112898391447697,0,9.99100809271655e-05,0,0,0.0102907383354981,0,0,0,0.000699370566490159,0,0,0,0,0,9.99100809271655e-05,9.99100809271655e-05,9.99100809271655e-05,0.000399640323708662,0.000399640323708662,0,0,0.000499550404635828,9.99100809271655e-05,0,0,0,0,9.99100809271655e-05,0,0,0,0.01268858027775,0,0,9.99100809271655e-05,0,9.99100809271655e-05,0.00089919072834449,0.000199820161854331,0,0.00119892097112599,0,0,0,0,0.00219802178039764,0.0305724847637127,9.99100809271655e-05,0,0,0,0,9.99100809271655e-05,0,0,0,0,0,0.000599460485562993,0.00349685283245079,9.99100809271655e-05,9.99100809271655e-05,0,0,0,9.99100809271655e-05,0,0,0,0,9.99100809271655e-05,0.000199820161854331,0,0.000199820161854331,0,0,0,9.99100809271655e-05,0,0,0,0,0,9.99100809271655e-05,0,0,0,0.000799280647417324,0,0.00189829153761615,0,0,0,0,0,0,0,9.99100809271655e-05,0.00189829153761615,0,0,0.00749325606953742,0,0,0.000199820161854331,0,0,0.000299730242781497,0,0,0,0,0,0.00219802178039764,0,0,0,0,0,9.99100809271655e-05,0.000499550404635828,0,0.000299730242781497,9.99100809271655e-05,9.99100809271655e-05,0,0.000799280647417324,0,0.000299730242781497,0,0,0.000199820161854331,0,0,0,0,0.000299730242781497,0.00809271655510041,0,0,0.00829253671695474,0,0,0,0,0,0.000499550404635828,0.300529523428914,0,0,0.00389649315615946,0,0,0,0,0,0.000799280647417324,0,0,0,0,0,0.0152862423818563,0,0.00149865121390748,0,0,0.00329703267059646,0
0,0,0,0,0,0,0,0.0016,0,0,0,2e-04,0,0.0243,0.0737,4e-04,0.0022,0,0,0,0.0049,0.0019,0,0,0,0.1865,0,0,0.0031,3e-04,0,0,0,0,0,0,0,0,0,0,0,0,0.0758,0.0084,0,0.0706,0,5e-04,0,0,0,0,6e-04,1e-04,0.0102,2e-04,0,0,4e-04,0.0013,0,0,0,1e-04,0,0,0.0017,0,0,0,0.0569,0,0,1e-04,0,1e-04,0,5e-04,0,0.0026,0,0,0,0,0.0254,1e-04,2e-04,0,0,0.0011,0,0.0148,0.0063,0,0.0137,0.0023,0,0,0,0,0,0.0024,0,0,0,0,0,0.0034,0.0096,0,0.0083,0,0,1e-04,0,2e-04,0,0,0.0016,4e-04,0,0,0,0,0.0027,0.0201,0,0,1e-04,0,0.0052,0,0,0,0,0,0.0028,1e-04,0.0128,0,0.0023,3e-04,8e-04,0,0.0114,0,8e-04,8e-04,0,0,0.0011,0,0,2e-04,1e-04,0,0,0.0048,0,0.0018,0,2e-04,0,0,0,0,4e-04,0,0,0,1e-04,0,1e-04,0,0,0,0.0013,0.0121,0.0165,0,0,0,0,1e-04,0.0013,0,0,0,0,0,0,0.0029,1e-04,5e-04,0,0,0,0,0,0,0,0,0,0.059,0,5e-04,3e-04,1e-04,0,0.0013,3e-04,0,0,0.0019,3e-04,0,1e-04,0.0041,0.0393,0,0.0088,3e-04,0,0,0,9e-04,0.0055,6e-04,0.005,0,0.0106,0,0.0015,0.002,0,0,3e-04,0,0.0011,0,1e-04,0.0031,0,0,2e-04,1e-04,0,0,0,0,0,3e-04,0,0,5e-04,4e-04,2e-04,0,6e-04,0.0254,2e-04,0,0,1e-04,0,0,0,0,6e-04,4e-04,0.0191,0,0.0092,0,0,0,0,0,0,0.0012,0,0.01,0.0387,0,0,0,0,4e-04,0,0.0048,0,0,0,0,0,0,1e-04,0,0.002,0.0156,0
0,0,0,0,0,0,9.99700089973008e-05,0.00179946016195141,0,0,0,0.00149955013495951,0,0,0.00439868039588124,0.00429871038688393,0,0,0,0,0,0,0,0.000199940017994602,0.00849745076477057,0.213236029191243,0,0,0.00129961011696491,0.000299910026991902,0,0,0,0,0,0,0.000999700089973008,0,0.00349895031490553,0.000399880035989203,0,0.00109967009897031,0.0776766969909027,0,0,0,0,0,0.00339898030590823,0,0.00159952014395681,0,0.000599820053983805,0,0.00449865040487854,0,0,0,0,0.00699790062981106,0,0,0,0.000299910026991902,0,0,0,0,0,0,0,0,0,0,0,0.0139958012596221,0,0,0,0,0,0,0,0,0,0.000499850044986504,0,0.0175947215835249,0,0,0,0,0.00159952014395681,0,0,0,0,0,0,0,0,9.99700089973008e-05,0,0,0,0,0,0.0266919924022793,0.00629811056682995,0,0.00209937018894332,0,0,0.0186943916824953,0,0,0,0.00169949015295411,0.00579826052184345,0,0,0,0,0.000499850044986504,0.00759772068379486,0,0,0,0,0,0.0271918424472658,0,0,0,0,0,0.000599820053983805,0,0.026592022393282,0,0.00109967009897031,0.000699790062981106,0.00129961011696491,0,0,0,0,0.00419874037788663,0,0,0,0,0,9.99700089973008e-05,0,0,0,0.000699790062981106,0,0,0,0.000199940017994602,0.000299910026991902,0,0,9.99700089973008e-05,0.00459862041387584,0,0,0,0,0,0.00129961011696491,0,0,0,0.00309907027891633,0,0,0,0,0,0,0,0,0,0,0,0,0,0,0.00559832050384884,0,0,0,0,0,0,0,0,0,0,0,0,0,0,0.000499850044986504,0,0,0.00199940017994602,0.000599820053983805,0,0,0,0,0.00219934019794062,0.00959712086374088,0,0.00169949015295411,0,0,0.00309907027891633,0,0,0,0,0.0216934919524143,0,0.0231930420873738,0,0,0.00169949015295411,0.00139958012596221,0.0302909127261821,0.00209937018894332,0,0,0,0.000999700089973008,0,0,0.0229931020693792,0,0,0,0,9.99700089973008e-05,0,0,0,0,0,0,0,0,0.000699790062981106,0.000399880035989203,0,0,0,0,0,0,0.000699790062981106,9.99700089973008e-05,0,0,0,0,0.0765770268919324,0,0,0.012296311106668,0,9.99700089973008e-05,0,0.00109967009897031,0,0,0.164550634809557,0,0,0.079776067179846,0,0,0,0.000899730080975707,0.00659802059382185,0,0.0115965210436869,0,0,0,0,0,0,0.000199940017994602,0,0,0.00269919024292712,0
0,0.0012,0,5e-04,0,0,0.0074,0.0058,0,0,0,0,1e-04,0.0224,0.0078,0,0,1e-04,0,0,0.0046,0.0013,0,0.0168,0,0,0,0,0.021,0,2e-04,0,0,0.003,0,0,2e-04,0,3e-04,0,5e-04,0,0,0.0124,0,5e-04,0,0,0,0,0,1e-04,0,0,0,0,0,0.001,0,6e-04,0,0,0,0,0,0,0.0022,0,0,0,0.0021,0,0,0,0,0,0,0,0,0.0039,0,0,0,0,0,0,2e-04,0,0,0.0023,0,0.0157,0.0737,0,0,0.0274,0,0,0,5e-04,0,0.0035,0,0,1e-04,0,0,0.1042,0,0,0,0,0,0,0,5e-04,0,6e-04,0,0,4e-04,0,0,0.0019,0.0058,0,0,0,0,0,0,0.0146,0,0,0,0,0.007,0,0,0,0.1093,0,0,0,0.0391,0,0,0,0,0,0.0015,0,0,0,0,0.001,0,0,0,0,0,0,0,0,0,0,0,0.0092,0,0,5e-04,0,0,0,0,0,8e-04,0,0.004,0,0,0,0,0,0,0,0,0,0,0,0,2e-04,0.0676,3e-04,0,0,0,0,0,0,4e-04,0,0,0,0,0.0021,0,0,6e-04,0,0,0,0,0,0,0,6e-04,0,0.0355,0,0,0,0,0,1e-04,0,0.1466,0,0,0,0.0215,0,0,0.0101,0,0,0,0,0,0,0,0,0,0,7e-04,0,0,0.0102,0,0,0,0,0,0,0,1e-04,0,0,0,0.001,1e-04,0,0,0,0,0,0,0,0,0,0,0,0.0476,0,0.0014,3e-04,0.0104,0,0,0.0948,0,0,0,7e-04,0,0,0,0.005,0,0,0,0,0,0,3e-04,0,9e-04,0,0,0.0011,0
0,0,0,0,0,0,9.99700089973008e-05,0.00139958012596221,0,0,0,0.000199940017994602,0,0.0228931320603819,0.000899730080975707,0,0,0,0,0,0.000499850044986504,0.00209937018894332,0,0,0,0.35519344196741,0,0.000299910026991902,0.00179946016195141,9.99700089973008e-05,0.000199940017994602,0,0,0.00139958012596221,0,0,0,0,9.99700089973008e-05,0,0,0.00109967009897031,0.0819754073777867,0.00339898030590823,0,0.0297910626811956,0,0,0,0,0,9.99700089973008e-05,0,0,0,0,0,0,0.00179946016195141,0,0,0,0,0,0,0.00229931020693792,0,0,0,0.00819754073777867,0.000299910026991902,0,0,9.99700089973008e-05,0,0,0,0.000199940017994602,0,0.000999700089973008,0,0,0,0,0.00939718084574628,0,0,0,0.000199940017994602,0.000999700089973008,0,0.000199940017994602,0.00169949015295411,0.00389883035089473,0,0,0,0,0.00189943017094872,0,0,0.000399880035989203,0,0,0,0,0.0109967009897031,0.0341897430770769,0,0,0.00109967009897031,0,0,0.00669799060281915,0,0,0,0.000399880035989203,0.00169949015295411,0,0.000299910026991902,0,0,0.000199940017994602,0.0130960711786464,0,0,0,0,0,0.000199940017994602,0,0,0,0,0,0,0,0.000599820053983805,0,0,0.000699790062981106,0,0,0,0,0,0,0.000199940017994602,9.99700089973008e-05,0.000499850044986504,0,0,0,9.99700089973008e-05,0,0,0,0.00349895031490553,0,0,0,0.000499850044986504,0.0377886634009797,0,0,0.000199940017994602,0,0,0.00179946016195141,0.000199940017994602,0,0,0,0,0,0,0,0.00259922023392982,0,9.99700089973008e-05,0,0,0,0,0,0,0,0,0,0,0.00619814055783265,0,0.000399880035989203,0,0,0,0,0,0,0,0,0,0,0.0167949615115465,0.000399880035989203,0,0,0,0.000299910026991902,0,0,0.00339898030590823,0,0,0,0.00679796061181645,0.000299910026991902,0,0.000199940017994602,9.99700089973008e-05,0.00139958012596221,0,0,0,0,0.000299910026991902,0,0.00119964010796761,0,0.00389883035089473,0,0.000999700089973008,0.00829751074677597,0,0.000299910026991902,0,0,0,0,0,0.0130960711786464,0,0,0,0,0,0,0,0,0,0,0.000199940017994602,9.99700089973008e-05,9.99700089973008e-05,0,0,0,0.000199940017994602,0.000199940017994602,0,0,0,0,0,0.000199940017994602,0,0,0.000299910026991902,0.000199940017994602,0,0.000799760071978406,0.062481255623313,0.000299910026991902,0,0,0,0,0.000299910026991902,0.212136359092272,0,0.000599820053983805,9.99700089973008e-05,0,0,0,0,0,0.00139958012596221,0.000699790062981106,0,0,9.99700089973008e-05,0,0,0,0.00129961011696491,0,0,0,0
0,0,9.9930048965724e-05,0,0,0.00169881083241731,0.00269811132207455,0,0,0,9.9930048965724e-05,0,0,0,0.00189867093034876,0,0.00129909063655441,9.9930048965724e-05,0,0,0,0.00179874088138303,0,0,0,0.0787448785849905,0,0,0.000799440391725792,0,0.020285799940042,0,0,0.0214849605276307,0,0,9.9930048965724e-05,0.00469671230138903,0,0,0,0,0,0.0106925152393325,0,0.160487658638953,0,0.000399720195862896,0.00099930048965724,0,0,0,0,0.000199860097931448,0,0.000399720195862896,0,0,0.000199860097931448,0,0.000299790146897172,0,0,0.000199860097931448,0,0.00219846107724593,0.00339762166483462,0,0.000399720195862896,0,0,0,0,0.00129909063655441,0,0,0,0.000399720195862896,0,0.00819426401518937,0,0.00109923053862296,0.0174877585690017,0,0,0.0125911861696812,9.9930048965724e-05,0,0,0.00179874088138303,0,0.000599580293794344,0.00549615269311482,0,0,0,0,0,0.00839412411312082,0,0,0,9.9930048965724e-05,0,0.00109923053862296,0,0.0154891575896872,0.0494653742380334,0,0,0.019186569401419,0.00049965024482862,0,0.00399720195862896,0,0,0,0.000399720195862896,0.00179874088138303,0,0,0,0,0.000599580293794344,0.00399720195862896,0,0.00359748176276606,0.00169881083241731,0.00099930048965724,0,0,0,0,0.000599580293794344,0,0,0.00099930048965724,0,0.000799440391725792,0,0.00559608274208054,0.00099930048965724,0,0,0,0,0.00409713200759468,0,0.00049965024482862,0,0.00049965024482862,0,0.000399720195862896,9.9930048965724e-05,9.9930048965724e-05,0,0,0.00099930048965724,0,0.00909363445588088,0,0.000399720195862896,0,0.0677525731987609,0,0,0.00159888078345158,0,0,0.000199860097931448,0,0,9.9930048965724e-05,0,0,0,0.00049965024482862,0.00649545318277206,0.0176876186669331,9.9930048965724e-05,0,0,0.00049965024482862,0,0.00049965024482862,0,0,0,0,0,9.9930048965724e-05,0.00559608274208054,0.000199860097931448,0,0,0,0,0,0,0,0,0.0137903467572699,0,9.9930048965724e-05,0,0.00199860097931448,9.9930048965724e-05,0,0,0.000399720195862896,0.0142899970020985,0,0,0,0.000299790146897172,0.00199860097931448,0,0.000199860097931448,0.000199860097931448,0,9.9930048965724e-05,0.00189867093034876,0,0,0,0,0,0,0.00189867093034876,0,0.00269811132207455,0,0.00109923053862296,0.0834415908863795,0,0,0.000199860097931448,0,0,0.00159888078345158,0,0.0504646747276906,0.0110922354351954,0,0.00049965024482862,0.00129909063655441,0.00149895073448586,0,0,0,0,0.000199860097931448,0.00129909063655441,0,0.00139902068552014,0.00169881083241731,0.00119916058758869,0,0,0,0.000599580293794344,0,0,0.00109923053862296,0,0,0,0,0.000599580293794344,0.0205855900869391,0,0,0.0164884580793445,0,0,0,0,9.9930048965724e-05,0.000199860097931448,0.14559808134306,0,0,0.00439692215449186,0,0,0,0,0,0.00239832117517738,0.000899370440691516,0,0,0,9.9930048965724e-05,0.000299790146897172,0,0.000399720195862896,0,0,0.00669531328070351,0
0,0,0,0,0,0,0.000100030009002701,0,0,0,0.000500150045013504,0.000500150045013504,0,0,0.000400120036010803,0,0,0,0,0,0.00470141042312694,0.000900270081024307,0.000100030009002701,0.00180054016204861,0,0.170651195358608,0,0,0.00360108032409723,0,0.0134040212063619,0,0,0.00620186055816745,0,0,0,0.00500150045013504,0,0,0.000200060018005402,0.000500150045013504,0,0,0,0.0662198659597879,0,0,0.000100030009002701,0.000900270081024307,0,0,0,0,0,0,0,0,0,0.00690207062118636,0,0.000100030009002701,0.000200060018005402,0,0,0.00140042012603781,0.0151045313594078,0,0,0,0.00140042012603781,0,0.000600180054016205,0,0.111133340002001,0,0,0,0,0,0,0.000200060018005402,0,0,0,0.000100030009002701,0,0,0,0.00490147044113234,0,0.00150045013504051,0.011703511053316,0,0,0.0113033910173052,0,0,0.0817245173552066,0,0,0,0,0.00410123036911073,0.000300090027008102,0,0.0168050415124537,0.0490147044113234,0,0,0.00370111033309993,0,0,0.00520156046814044,0,0,0.00600180054016205,0,0.000400120036010803,0.00150045013504051,0,0,0,0.000400120036010803,0.00140042012603781,0,0,0,0.000200060018005402,0,0.000900270081024307,0,0,0.00130039011703511,0,0,0,0,0.000200060018005402,0,0,0,0,0,0,0,0,0,0,0,0.000400120036010803,0,0,0,0,0,0,0,0,0.00120036010803241,0,0.000100030009002701,0,0,0,0.000100030009002701,0.000200060018005402,0,0,0.000100030009002701,0,0,0.000800240072021606,0,0,0,0.000600180054016205,0.000600180054016205,0.00280084025207562,0,0,0,0,0,0,0.000200060018005402,0,0,0,0,0,0.00270081024307292,0.000300090027008102,0.000400120036010803,0,0.000100030009002701,0.00100030009002701,0,0,0,0,0.00120036010803241,0,0,0,0,0,0,0,0.00320096028808643,0,0,0,0,0.000300090027008102,0,0.0440132039611884,0,0,0,0,0,0,0,0,0,0,0,0,0,0.00410123036911073,0,0.00150045013504051,0.00660198059417825,0,0,0,0,0.00180054016204861,0,0,0.0335100530159048,0.00470141042312694,0,0,0,0,0,0,0,0.00120036010803241,0.000100030009002701,0,0,0,0,0,0,0.000100030009002701,0,0.000200060018005402,0,0,0,0.000300090027008102,0,0,0,0,0.00130039011703511,0,0,0.00570171051315395,0.0449134740422127,0.000500150045013504,0,0,0,0.000100030009002701,0.212163649094728,0,0,0.00300090027008102,0,0,0,0,0.00140042012603781,0.000900270081024307,0,0,0,0,0,0,0,0,0,0,0.000100030009002701,0
0,0,0,0,0,0,9.99200639488409e-05,0.00159872102318145,0.000199840127897682,9.99200639488409e-05,0.000399680255795364,0.000399680255795364,0,0,0.000399680255795364,0.00249800159872102,0.000299760191846523,9.99200639488409e-05,0.00119904076738609,0,0.00369704236610711,0.00209832134292566,0,9.99200639488409e-05,0.000699440447641887,0.193745003996803,0,0,0.000399680255795364,0.00109912070343725,9.99200639488409e-05,0,0,0.0146882494004796,0,0,9.99200639488409e-05,0.00329736211031175,9.99200639488409e-05,0,0,0.000499600319744205,0,0.00329736211031175,0,0.0166866506794564,0.00959232613908873,0,0,0,9.99200639488409e-05,0,0.000399680255795364,0,0,0.000999200639488409,0,0,0.00199840127897682,0.0126898481215028,0.000299760191846523,0.000799360511590727,0,9.99200639488409e-05,0.0145883293365308,0,0.000899280575539568,0.000399680255795364,0,0.00599520383693046,0.000399680255795364,0,0,0,0,0,0,0,0,0.008792965627498,0,0.00349720223820943,0.00159872102318145,0,9.99200639488409e-05,9.99200639488409e-05,0,0,0,0.0021982414068745,0,9.99200639488409e-05,0.0387689848121503,0,0,0,0,0,0.00199840127897682,0.000299760191846523,0.00259792166266986,0,0,0,0,0,0,0.0157873701039169,0,0,0.00269784172661871,0,0,0.098621103117506,0,0,0,0.000199840127897682,0.00679456434852118,0,0,0.00109912070343725,0,0,0.0210831334932054,0,0.00399680255795364,0,0,9.99200639488409e-05,0.0038968824940048,0.0127897681854516,0.00249800159872102,9.99200639488409e-05,0.000499600319744205,9.99200639488409e-05,0.000199840127897682,0,9.99200639488409e-05,0,9.99200639488409e-05,0.000699440447641887,0.00149880095923261,0.000199840127897682,0.0117905675459632,0,0.000199840127897682,0.00189848121502798,0.000399680255795364,9.99200639488409e-05,0.000399680255795364,0,0,0.000699440447641887,0,0,9.99200639488409e-05,0,0.026378896882494,0.000699440447641887,0,9.99200639488409e-05,0.000199840127897682,0.0254796163069544,0,9.99200639488409e-05,0.000599520383693046,0,0,0.000499600319744205,9.99200639488409e-05,0,0.00229816147082334,0,0,0,0.00199840127897682,0.00119904076738609,0.0101918465227818,9.99200639488409e-05,0.000299760191846523,0.000199840127897682,0.000499600319744205,0,0.000499600319744205,0,0,0,0,0,0,0.00499600319744205,0.000199840127897682,9.99200639488409e-05,0.000199840127897682,0,0,0,0,0,0,0,0,0,0.107513988808953,9.99200639488409e-05,9.99200639488409e-05,0,0.000199840127897682,0.000199840127897682,0,0,0.00269784172661871,0,0.000199840127897682,0.000899280575539568,0.00379696243005596,0.000299760191846523,0.000999200639488409,0,0.00319744204636291,0.000799360511590727,9.99200639488409e-05,0,0,0,0,0,0.00919264588329336,0,0.00819344524380496,0,0.000799360511590727,0.0192845723421263,0,0,0.000299760191846523,0,0,9.99200639488409e-05,0,0.0314748201438849,0,0,0,0.00329736211031175,0,0.000399680255795364,9.99200639488409e-05,0.0038968824940048,9.99200639488409e-05,0.000399680255795364,0.000399680255795364,0,9.99200639488409e-05,9.99200639488409e-05,0.000499600319744205,0,0.000299760191846523,9.99200639488409e-05,0.000699440447641887,0,0.000499600319744205,9.99200639488409e-05,0,0.000199840127897682,0,0,0.000699440447641887,0.00749400479616307,0.000999200639488409,0.00199840127897682,0.0060951239008793,0,0,0,0,0,9.99200639488409e-05,0.146183053557154,9.99200639488409e-05,0,0.00449640287769784,0,0,0,0,0,0.00199840127897682,0.000599520383693046,0,0,0,0,0.00109912070343725,0,0.000699440447641887,0,0,0.00299760191846523,0
0,0,0,0,0,0,9.9930048965724e-05,0,0,0,0,0,0.000899370440691516,9.9930048965724e-05,0.000799440391725792,0,0,0,0,0,0.0053962226441491,0,0,0,0,0,0,0,0.00129909063655441,0,0,0,0,0,0,0,0.000599580293794344,0.0169881083241731,0,9.9930048965724e-05,0.000299790146897172,0,0,0,0,0,0,0,0,9.9930048965724e-05,0.000799440391725792,0,0,0,0,0,0,0.000799440391725792,0,0,0,0.000599580293794344,0.000199860097931448,0,0,0,0.0542620165883881,0,0,0,0,0,0,0,0,0.0879384430898371,0,0,0,0,0,0,0,0,0,0,0,9.9930048965724e-05,0,0,0.0417707604676726,0.000299790146897172,0.00469671230138903,0,0,0,0.045268312181473,0,0,0,0,9.9930048965724e-05,0,0,0,0,0,0,0,0.0578594983511542,0,0,0,0.00399720195862896,0,9.9930048965724e-05,0.0095932847007095,0,0.0849405416208654,0,0,0,0.00979314479864095,9.9930048965724e-05,0.00219846107724593,0,0,0,0,0,0,0.0297791545917858,0,0,0,0,0.00139902068552014,9.9930048965724e-05,0,0,0.00379734186069751,0,0,0,0,0,0,0,0,0.000699510342760068,0,0,0,0,9.9930048965724e-05,0,0,0.000299790146897172,0,0,0,0,0,0,0,9.9930048965724e-05,0,0,0,0,0,0,0.265514140101929,0,0,0,0,0,0,0,0,0,0,0,0,0,0,0,0,0,0,0.0154891575896872,0.000299790146897172,0,0,0.002897971420006,0,0,0,0,0,0,0,0,0,0.00369741181173179,0,0,9.9930048965724e-05,9.9930048965724e-05,0,0,0,0,0,0,0.0107924452882982,0,0.016288597981413,0,0,0,0,0,0,9.9930048965724e-05,0,0,0,0,0,0,0,0,0.00429699210552613,0,0,0,0,0.000199860097931448,0,0,0,0,0,0,0,0,0,0,0.000599580293794344,0,0,0,0,0.00189867093034876,0.000899370440691516,0,0,0,0,0,0,0.000299790146897172,0,0,0,0,0,0.0722494254022184,0,0,0.00649545318277206,0,9.9930048965724e-05,0,0.000199860097931448,0,0,0.000199860097931448,0,0,0,0,0.10282802038573,0.00229839112621165,0,0.0190866393524533,0,0,0,0,0,0,0.000599580293794344,0,0,0,0,0.00409713200759468,0
0,0.000599880023995201,0,0,0,0,0,0.000899820035992801,0,0,0,0,0,0,0.000599880023995201,0,0.000399920015996801,9.99800039992002e-05,0,0.0013997200559888,0.000599880023995201,0.00499900019996001,0,0,0,0.150569886022795,0,0,0.0012997400519896,0,0,0,0,0.0326934613077385,0,0,0.00389922015596881,0.000599880023995201,0,0,0,0,0,0.00539892021595681,0,0.0951809638072385,0.0161967606478704,0,0,9.99800039992002e-05,0,0,0,0,0,0,0,0,9.99800039992002e-05,0.00969806038792242,0,0,0,0,0,0,0,0,0,0.0146970605878824,0,0,0,9.99800039992002e-05,0,0,0,0,0,0.000499900019996001,0,0,0,0,0,0,0.0442911417716457,0,0,0.0108978204359128,0,0,0.0002999400119976,0,9.99800039992002e-05,0.00519896020795841,0,0,0.00399920015996801,0,0,0,0,0,0,0,0.0350929814037193,0.0663867226554689,0,0.00449910017996401,0,0.00419916016796641,0,0,0,0,0,0,0.0137972405518896,0,0,0.0002999400119976,0,0,0.0363927214557089,0.0127974405118976,0,0.0015996800639872,0,0,0.00689862027594481,0,0,0,0,0,0.000999800039992002,0,0,0,0.000799840031993601,0,0,0,0.0021995600879824,0,0,0,0,0.000599880023995201,0.0028994201159768,0.000699860027994401,0,0,0,0,0,0,0,0.00759848030393921,0,0,0,0.0191961607678464,0,9.99800039992002e-05,0,0,0,0,0.0010997800439912,0,0,0,0,0,0,0,0,9.99800039992002e-05,0,0,0,0,0,0,0,9.99800039992002e-05,0,0,0,0.0377924415116977,0,0,0,0,0,0.000499900019996001,0,0,0,0,0.000799840031993601,0,0,0.0016996600679864,0.000899820035992801,0,0,0,0,0,0,0.0001999600079984,9.99800039992002e-05,0,0.00639872025594881,0,0,0.000399920015996801,0.0020995800839832,0,0,0,0,0,0.00639872025594881,0,0.00699860027994401,0.0002999400119976,0.0013997200559888,0,0,0.0769846030793841,0,0,0,0,0,0,0,0,0,0.0025994801039792,0,0,0,0,0,0,0,0,0,0,0,0,0,0,0.0030993801239752,0.021995600879824,0,0,0,0.0013997200559888,0,0,0,0.00519896020795841,0,9.99800039992002e-05,0,0.0030993801239752,0.0870825834833033,0,0,0,0,0,0,0,0,0,0.0756848630273945,0,0,0,0,9.99800039992002e-05,0,0.00429914017196561,0,0,0,0,0.00699860027994401,0,0.0011997600479904,0.0023995200959808,0,0.017996400719856,0
0,0,0,0,0,3e-04,8e-04,0,0.173,0,0,0,1e-04,0,0.0056,1e-04,0,0,0,0.0027,0.0074,0,0,0,0,0.0161,0,0,6e-04,0.0061,0.0102,0,0,0.0021,0,0,0,0.008,0,1e-04,0,0,0,0.0105,0,0.0192,0,0,0,0,0.0054,0,0,0,1e-04,0,0,0,0,0,1e-04,0,0,0,0,0,0.0155,0,0,0.012,0,0,0,0,0,0,0,0,0,0,0,0,0,0,0.0119,1e-04,0,1e-04,0,0.0059,0.0045,0,0,0,0,0,0,0,0.0042,0,0,0.0018,0,0,0,0,0.0448,0,0,0,0,0.0014,0,0.0106,0,0,2e-04,0,0.0261,0,0,0,0,2e-04,0.0068,0,0,0,0,0,8e-04,0.0842,0,0,0,0,0.0012,0,0,0,0.0012,0,0,0,0,0,0.0022,2e-04,0,0,0.003,0.0064,0,0,1e-04,0,0.003,0,0,0,0,0,0,0,0,0,0,0,0,4e-04,0,0,0,0,0,0,0,0.004,0,4e-04,0,0,0,0,3e-04,0,0,0,0,0,0,0.0161,0,0,0,7e-04,0,3e-04,0,0,0,0,0,0,0.0662,0.0015,0.0011,0.0037,0,9e-04,0,0,0,3e-04,0,0,0,0,0,0,0,9e-04,0,0,0,0,0,0,0,0,0,0,0,8e-04,0.0033,5e-04,0,0,3e-04,0,0,0,0,0,0,0,0,0,0,0,0.0246,6e-04,0.0029,0,0,2e-04,1e-04,0,7e-04,0.009,0,0,0,2e-04,0.0565,0,0,0.0046,8e-04,0.0321,3e-04,0,0.0209,0,0,0,1e-04,0,0,0.1801,0,0,0.0141,0,0,0.0017,0,1e-04,0,4e-04,0,0.0226,0,0,0.0022,0,6e-04,0,0,0.0057,3e-04
0,0,0,0,0,0,0,0,0,0,0,0,0.000199840127897682,0,0.00139888089528377,0.000399680255795364,0.000199840127897682,0,0,0,0,0.0038968824940048,0,9.99200639488409e-05,0,0.195543565147882,0,0,0.000199840127897682,0.000699440447641887,0.0463629096722622,0,0,0.00359712230215827,0,0,0.00649480415667466,0.00619504396482814,0,0,0,0,0,0,0,0,0,0,0,0,0.00559552358113509,0,0,0,0.00529576338928857,0,0,0,0,0.0140887290167866,0,0,0,0.000899280575539568,0,0,0.0199840127897682,0,0,0.000199840127897682,0.00589528377298161,0,0,0,0,0,0,9.99200639488409e-05,0,0,0,0.000899280575539568,0.00309752198241407,0,0,0.000199840127897682,0,0,0,0.011290967226219,0.0242805755395683,0.00149880095923261,0.000299760191846523,0,0,0,0,0,0,0,0,0,0,0,0,0,0,0.0148880895283773,0,0,0.00209832134292566,0,0,0.0733413269384492,0,0,0,0,0.00199840127897682,0,0,0,0,0.000199840127897682,0.0185851318944844,0,0,0,0,0,0,0,0,0,0,0,0.00199840127897682,0.000199840127897682,0.0100919264588329,0,9.99200639488409e-05,0.00209832134292566,0,0,0,0,0.000799360511590727,0,9.99200639488409e-05,9.99200639488409e-05,0,0.00179856115107914,0,0.00139888089528377,0,0,0,0,0,0,0,0.000599520383693046,0,0,0,0,0.000599520383693046,0,0,0.00149880095923261,0,0,0,0,0,0,0.00109912070343725,0.00799360511590727,0.0366706634692246,0,0,0,0,0,0.000299760191846523,0.00179856115107914,0,0,0,0,0.000499600319744205,0.00459632294164668,0,0,0,0,0,0,0,0,0,0.0111910471622702,9.99200639488409e-05,0.0473621103117506,0,9.99200639488409e-05,0,0.000599520383693046,0,0,0.00429656274980016,0,0,0,0,0.00149880095923261,0,0,9.99200639488409e-05,0,9.99200639488409e-05,0,0,0.0038968824940048,0,0.00319744204636291,0,0,0,0,0,0,0.00119904076738609,0,0,0,0,0,0.0016986410871303,0,0,0.0264788169464428,0,0,0,0.000399680255795364,9.99200639488409e-05,0,0,0,0,0,0.00489608313349321,0,0.00639488409272582,0.000199840127897682,9.99200639488409e-05,0,0,0,0.000399680255795364,0,0,9.99200639488409e-05,0.0240807354116707,0,0,0,0.000299760191846523,0.00289768185451639,0,0,0,0,0,9.99200639488409e-05,0.000299760191846523,0,0,0.273081534772182,0,0,0.018185451638689,0,0,0,0,0,0,0.00349720223820943,0,0,0,0,0.000899280575539568,0,0.000199840127897682,0,0.00299760191846523,0.0146882494004796,0
0,4e-04,0,0,0,0,0,0.0013,0,0,0,4e-04,0,0,0,0.0011,0.0016,0,0,0,5e-04,1e-04,0,0,0,0.2805,0,0,0.0015,0.018,0.0479,0,0,0.0032,0,0,3e-04,6e-04,0,0,0,0,0.0526,0.0017,0,0.0039,0,0,0,0,0,0,0,0,0,0,0,1e-04,0,0.0111,0,0,0,5e-04,0,0,0.0307,0,0.0183,0.0023,0,0,0,0.0012,0,0,0,0,0,0.0017,0,0.0033,0.0119,0,0,5e-04,0,0,0,0.0014,0,0,0.0059,0,0,0,0,0,0.0013,0,0,0.0013,0,0,1e-04,0,0,0.0732,0,0,0.0226,0,0,0.0064,0,0,0,0,0.004,4e-04,0,0,0,4e-04,0.0023,0.0011,0,0,0,0,0.002,0.0171,0,0,0,0,0.0021,0,0,0,0.0936,0,0.0017,0,0,0,0.0025,0,0,0,7e-04,5e-04,0,0,0,0,0,0,0,0.0014,0,0,0,0,0,0,5e-04,0,0,0,0,0,1e-04,0,0,0,0,8e-04,0,0,0,0,0,0,2e-04,0,8e-04,0,0,0,0,0.0026,0,0,0,0,0,0,0,0,0.0028,0,0,0,0,0.0205,0,0,4e-04,0,0,0,0,0,1e-04,0.0018,0.0093,0,0.1047,0,0,0,0,0,0,3e-04,0,0,4e-04,0,0.001,0,0.0027,0.0018,0,0,0,0,0,0.001,0,0.0118,0,0,8e-04,0,0,0,0,0,0,0,0,0,0.0012,2e-04,0,0,0,0.0014,0,0,0,3e-04,0,0,0,0,0,0.011,0,3e-04,0.051,0,0,0,0,0,0,0.0153,2e-04,0,0.0092,0,0,0,0,6e-04,0.0015,4e-04,0,0,0,0,1e-04,0,1e-04,0,0,0.0036,0
0,0,0,0,0,0,0,9.99800039992002e-05,0,0,0,0,0,0,0.000799840031993601,0,0.000399920015996801,0,0,0,0,0,0,0.0002999400119976,0,0.439712057588482,0,0,0.0186962607478504,0.001499700059988,0,0,0,0,0,0,0.0002999400119976,0.00499900019996001,0,0,0,0,0,0,0,0,0,0,0,0,9.99800039992002e-05,0,0,0,0.000499900019996001,0,0,0,0,0.000899820035992801,0,0.0018996200759848,0,0,0,0,0.00589882023595281,0,0,0.0230953809238152,0.000499900019996001,0,0,0,0,0,0,0,0,0.0002999400119976,0,0,9.99800039992002e-05,0,0,0,0.0001999600079984,0,0,0,9.99800039992002e-05,0.000799840031993601,0.001499700059988,0,0,0,0,0,0,0,0,0,0,0,0,0,0,0.0479904019196161,0,0,0,0,0,0.00689862027594481,0,0.0002999400119976,0,0,0.00439912017596481,0,0,0,0,0,0.0175964807038592,0,0,0,0,0,0,0.0015996800639872,0,9.99800039992002e-05,0,0,0.000399920015996801,0,0,0,0.0010997800439912,0,0,0,0,0,0.000499900019996001,0,0,0.0018996200759848,0.0028994201159768,0,0,9.99800039992002e-05,0,0,0,0,0,0,0,0,0,0.024495100979804,0,0,0,0,0,0,9.99800039992002e-05,0,0,0,0,0,0,0,0.0495900819836033,0,0,0,0,0,0.0001999600079984,0,0,0,0,0,0,0.0110977804439112,9.99800039992002e-05,0.0027994401119776,0,0,0,0,0,0,0,0,0,0.0001999600079984,0,0.000799840031993601,0,0,0.0001999600079984,0,0,0,0,0,0.000999800039992002,0,0.00349930013997201,0,0.0001999600079984,0,0.0001999600079984,0,0,0,0,0,0,0,0,0,0,0,0,0.0444911017796441,0,0,0.0002999400119976,0,0,0,0,0,0,0,0,0,0,9.99800039992002e-05,0,0,0,0.0001999600079984,0,0,9.99800039992002e-05,9.99800039992002e-05,0,0,0.0015996800639872,0,9.99800039992002e-05,0,0,0,0,0,0,0,0,0.0707858428314337,0,0,0.0974805038992202,0,0,0,9.99800039992002e-05,0,0,0.0321935612877425,0,0,0.0649870025994801,0,0,0,0,0,0,0,0,0,0,0,0,0,0.000699860027994401,0,0,0.00379924015196961,0
0,0,0,0,0.0005999400059994,0,0.0018998100189981,0.0025997400259974,0,0,0.0008999100089991,0.0003999600039996,0,0.0043995600439956,9.99900009999e-05,0.0013998600139986,0.0076992300769923,9.99900009999e-05,0,0,0.0010998900109989,0.0061993800619938,0,0.0001999800019998,0.0003999600039996,0.0568943105689431,0.0006999300069993,0,0.003999600039996,0,0.0012998700129987,0.0017998200179982,0,0.0027997200279972,0.0004999500049995,0.0020997900209979,0.0001999800019998,0.0147985201479852,0,0,0,0.0023997600239976,0.0203979602039796,0.0108989101089891,0,0.005999400059994,0,0.0001999800019998,0,0,9.99900009999e-05,0.0011998800119988,0,0,0.0136986301369863,0,0,0.0001999800019998,0,0.0028997100289971,0,0.0007999200079992,9.99900009999e-05,0,0.0001999800019998,0.0012998700129987,0.0040995900409959,0,9.99900009999e-05,0,0.0026997300269973,0,0,0,0,0.0063993600639936,0,0.0001999800019998,0,0.0021997800219978,0.0002999700029997,0.0003999600039996,0,0,0.0001999800019998,0.0001999800019998,9.99900009999e-05,9.99900009999e-05,0,0.0095990400959904,0,0.0045995400459954,0.0006999300069993,0,0,0,0,0,0.0061993800619938,0,0.0005999400059994,0,0,0.0050994900509949,0.0005999400059994,0.0005999400059994,0.0173982601739826,0.0090990900909909,0,0,0.0022997700229977,0.0031996800319968,0,9.99900009999e-05,0,0,0,0.0001999800019998,0.0044995500449955,0,0,0.0004999500049995,0,0,0.0050994900509949,0,0,0,9.99900009999e-05,0.0085991400859914,0.0150984901509849,0.0267973202679732,0.0010998900109989,0,0,0.004999500049995,0.004999500049995,0,0.0115988401159884,0,0.0005999400059994,0.0001999800019998,0,0,0,0,0.0051994800519948,0,0,0,0.0003999600039996,0.0011998800119988,0,0.0002999700029997,0,0,0,0,0,0.0132986701329867,9.99900009999e-05,0.0006999300069993,0,0.0112988701129887,0,0,0.0001999800019998,0,9.99900009999e-05,0,0,9.99900009999e-05,0,0,0,0,0.0006999300069993,0.0102989701029897,0.005999400059994,0.0003999600039996,0,0.0003999600039996,0,0,0.0030996900309969,0,0,0,0.0015998400159984,0.0020997900209979,0,0.0028997100289971,9.99900009999e-05,0,0.0221977802219778,0,0,0,0,0.0756924307569243,0,0,0,0.0562943705629437,0,0.0006999300069993,9.99900009999e-05,0,0,0,0,0,0.0070992900709929,0,0.0014998500149985,0.0005999400059994,0.0055994400559944,0.0063993600639936,0.0035996400359964,0.0001999800019998,0.0062993700629937,0,0.0098990100989901,0,0,0.0037996200379962,0,0,0.0020997900209979,0.0004999500049995,0.0020997900209979,0,0.0015998400159984,0.0300969903009699,0,0,0,0,0.0005999400059994,0.0005999400059994,0,0.0111988801119888,0,0,0,0,0.0013998600139986,0.0005999400059994,0.0003999600039996,0,9.99900009999e-05,9.99900009999e-05,0.0013998600139986,0,0.0006999300069993,0.0002999700029997,9.99900009999e-05,0,9.99900009999e-05,0,0.0002999700029997,0,0,0.0031996800319968,9.99900009999e-05,0,0,0.0028997100289971,0.0238976102389761,0.0083991600839916,0,9.99900009999e-05,0.0214978502149785,0,0.0038996100389961,0,0,9.99900009999e-05,0.0001999800019998,0.234776522347765,0,0,0.0198980101989801,0,0,0,0,0,0.0020997900209979,0.0044995500449955,0.0031996800319968,0,0,0,0.0061993800619938,0,0,0.0053994600539946,9.99900009999e-05,0.0097990200979902,0
0.0018003600720144,0,0.000700140028005601,0.000700140028005601,0,0,0.0001000200040008,0,0,0,0,0,0,0,0.000700140028005601,0,0.0031006201240248,0,0,0,0,0.00650130026005201,0,0.0002000400080016,0,0.375475095019004,0,0,0.001000200040008,0.00430086017203441,0,0,0,0.0223044608921784,0.0012002400480096,0,0.0018003600720144,0.0017003400680136,0.0002000400080016,0,0.0001000200040008,0.00520104020804161,0,0,0,0,0,0.0017003400680136,0.0001000200040008,0,0.000400080016003201,0.00960192038407682,0.0011002200440088,0,0,0,0,0,0.0002000400080016,0,0,0,0,0,0,0,0,0.0021004200840168,0,0,0,0,0,0,0,0,0.0002000400080016,0,0,0.00720144028805761,0,0.0016003200640128,0.00450090018003601,0,0,0.00320064012802561,0,0,0.0014002800560112,0.0002000400080016,0,0.0003000600120024,0.0028005601120224,0,0,0.00470094018803761,0,0,0,0,0,0.0132026405281056,0,0,0,0,0,0.0107021404280856,0,0.00250050010002,0.00350070014002801,0,0,0,0,0.00530106021204241,0,0.000800160032006401,0.0734146829365873,0,0,0,0.003000600120024,0.000400080016003201,0.0354070814162833,0,0,0,0,0,0,0,0.0016003200640128,0.000600120024004801,0,0,0.0003000600120024,0,0.000500100020004001,0,0.0012002400480096,0.000700140028005601,0.0026005201040208,0.000800160032006401,0,0,0,0,0,0,0.0027005401080216,0,0,0.0019003800760152,0.0001000200040008,0,0,0.00530106021204241,0,0,0.00320064012802561,0,0,0,0,0,0.0014002800560112,0.000500100020004001,0.000400080016003201,0,0.0026005201040208,0,0,0.0001000200040008,0,0.000700140028005601,0.0026005201040208,0,0.0171034206841368,0,0,0,0,0,0.00770154030806161,0.00250050010002,0,0,0,0,0,0.0109021804360872,0.0001000200040008,0.0002000400080016,0,0,0,0,0,0,0,0.00430086017203441,0,0.0101020204040808,0,0.0244048809761952,0,0.000600120024004801,0,0.0011002200440088,0,0,0,0,0,0.000900180036007201,0.00730146029205841,0,0.0134026805361072,0,0.0116023204640928,0,0,0,0,0,0,0,0,0,0,0,0.002000400080016,0.00420084016803361,0,0,0,0,0,0.0014002800560112,0,0.0016003200640128,0,0,0.000600120024004801,0,0.0019003800760152,0.0001000200040008,0,0,0,0.0001000200040008,0,0,0.000600120024004801,0.026505301060212,0.00570114022804561,0,0,0.00850170034006801,0.00390078015603121,0,0,0.000500100020004001,0.000600120024004801,0,0,0,0.000600120024004801,0.0129025805161032,0,0,0.0354070814162833,0,0.0001000200040008,0,0,0,0,0.0003000600120024,0,0,0.102020404080816,0,0,0,0,0.0001000200040008,0,0.0131026205241048,0,0,0,0,0,0,0.0003000600120024,0,0,0.0183036607321464,0
0,0,0,0.000199940017994602,0,0,0,0,0,0,0,0,0,0,0.00609817054883535,0,0,0,0,0,0.000199940017994602,0.00469859042287314,0,0,0.000299910026991902,0.296611016694992,0,0,0,0.000199940017994602,9.99700089973008e-05,0,0.000299910026991902,0,0,0,0.00119964010796761,0,0,0,0,0,0,0.00709787063880836,0,0.0462861141657503,0,0,0,0,0,0,0,0,9.99700089973008e-05,0,0,0,0,0.00489853044086774,0,0,0,0,0,0,0.00259922023392982,0,0,0,0,0,0,0,0,0,0,0,0,0.0120963710886734,0,0.00179946016195141,0,0,0,0.00299910026991902,0,0,0,0.0115965210436869,0,9.99700089973008e-05,0,0,0,0,0,0,0.00839748075577327,0,0,0.00159952014395681,0,0,0,0,0,0.0189943017094872,0,0.00369889033290013,0,0,0,0.0211936419074278,0,0,0,0,0.0273917824652604,0,0,0,0,9.99700089973008e-05,0.03888833349995,0,0,0,0,0,0.00529841047685694,0,0,0,0.000399880035989203,0,0.0136958912326302,0,0,0,0,0,0,0,0,0,0,0.000199940017994602,0,0,0.000899730080975707,0,0,0,9.99700089973008e-05,0,0,0,0.000699790062981106,0,0,0,0,0,0,0,0,0.000399880035989203,0,9.99700089973008e-05,0,0,0,0,0,0,0,0,0.00679796061181645,0,0,0,0,0,0,0,9.99700089973008e-05,0,0,0,0,0.0120963710886734,0,0,0,0,0,9.99700089973008e-05,0,0,0,0,0,0,9.99700089973008e-05,0.00149955013495951,0,0,0.000299910026991902,0,0,0,0,0,0,0,0.00529841047685694,0,0,0,0,0.00149955013495951,0,0,0,0,0.000199940017994602,0,0.00239928021593522,0,0.0186943916824953,0,0,0.0176946915925222,0,0.000399880035989203,0,0,0,0,0,0,0,0,0.000399880035989203,0,0,0,0,0,0,0,0,0,0.000199940017994602,0,0.00439868039588124,0,0,0.00179946016195141,0,0,0,0,0,0,0,0,0,0.00909727081875437,0,0,0,0,0,0,0.000899730080975707,0,9.99700089973008e-05,0.276217134859542,0,0,0.0344896531040688,0,0,0,0,0,0,0.00109967009897031,0,0,0,0,0.000999700089973008,0,0.0411876437068879,0.0113965810256923,0,0.00899730080975707,0
0,0,0,0.0001000100010001,0,0.0002000200020002,0,0,0,0,0,0,0,0,0.0073007300730073,0,0,0.0001000100010001,0,0,0,0.0106010601060106,0,0.0001000100010001,0,0.345534553455346,0,0,0.0026002600260026,0,0,0,0,0.0169016901690169,0,0,0.0042004200420042,0.0078007800780078,0.0001000100010001,0,0,0,0,0,0,0,0,0.0001000100010001,0,0,0,0,0,0,0,0,0,0,0,0,0,0,0,0.0005000500050005,0,0,0.0003000300030003,0,0,0,0,0,0,0.0015001500150015,0,0.0001000100010001,0,0,0,0,0,0,0,0,0,0.0027002700270027,0,0,0,0.0051005100510051,0,0.0009000900090009,0.0013001300130013,0,0,0,0,0,0,0,0,0,0,0,0,0,0,0.0084008400840084,0,0.0083008300830083,0,0,0,0.0003000300030003,0,0,0,0.0036003600360036,0.0044004400440044,0,0,0,0,0.0002000200020002,0.0312031203120312,0,0,0,0,0,0,0,0,0.0022002200220022,0,0,0.0145014501450145,0,0,0,0,0,0,0,0,0,0.0008000800080008,0,0,0,0.0005000500050005,0,0,0.0004000400040004,0,0,0,0,0,0,0,0,0,0,0,0.0001000100010001,0,0,0,0,0,0.0033003300330033,0.0016001600160016,0,0,0,0,0.0033003300330033,0,0,0,0,0,0,0,0,0,0,0,0,0,0.0089008900890089,0,0,0,0.0002000200020002,0,0,0,0,0,0,0,0,0.16961696169617,0.0039003900390039,0,0,0.0003000300030003,0.0018001800180018,0,0,0,0,0,0,0,0,0.0254025402540254,0,0,0,0,0,0,0,0,0,0.0077007700770077,0,0,0.0012001200120012,0,0.0723072307230723,0,0,0,0,0,0,0,0,0,0,0,0,0,0,0,0,0,0,0,0,0,0.0201020102010201,0,0,0,0,0,0,0,0,0,0,0,0,0,0.0221022102210221,0,0,0,0,0,0,0,0,0,0.151915191519152,0,0,0,0,0,0,0,0,0,0,0,0,0,0,0,0,0.0038003800380038,0,0,0.0196019601960196,0
0,0,0,9.99700089973008e-05,0,0,9.99700089973008e-05,0.00159952014395681,0,0,0,0,0,0.00709787063880836,9.99700089973008e-05,0,0,0,0,0,0,0.00109967009897031,0,0,0,0.0171948415475357,0,0,0.000799760071978406,0,0,0,0,0.00199940017994602,0,0,0,0.00949715085474358,0,0,0,0,0,0.00349895031490553,0,0.000899730080975707,0,0,0,0,0,0,0,0,0,0.000399880035989203,0,0,0,0.0124962511246626,0,0.000499850044986504,0,0.00239928021593522,0,0,0.015295411376587,0,0.000399880035989203,0.00259922023392982,0.00219934019794062,9.99700089973008e-05,0,0.000199940017994602,0,0,0,0,0,0,0,0.000499850044986504,0.00809757072878137,0,0.00619814055783265,0,0,0,0,0.00169949015295411,0,0.000799760071978406,0,0,0,0,0,0,0.000499850044986504,0,0,0.000499850044986504,0,9.99700089973008e-05,0.000199940017994602,0,0.00749775067479756,0.0807757672698191,0,0,0,0,0,0.000899730080975707,0,0,0,0,0.000199940017994602,0.000599820053983805,0,0,0,0,0.00169949015295411,0.00679796061181645,0.00489853044086774,0,0,0,0.000599820053983805,9.99700089973008e-05,0,0,0,0,0,0,0,0,0,0,0,0,0,0,0.00669799060281915,0.000899730080975707,0,0,0.00129961011696491,0,0,0.00669799060281915,0,0,0,0,0.00479856043187044,0.00439868039588124,0,0,0,0,0,0,0,0,0,0,0,0,9.99700089973008e-05,0,0,0,0,0.00909727081875437,0.0133959812056383,0,0,0,0,0,0.00239928021593522,0,0,0,0,0,0,0.00149955013495951,0.000299910026991902,0,0,0,0,0,0,0,0,0,0,0.00129961011696491,0,0.00649805058482455,0,0,9.99700089973008e-05,0,0,0,0.000699790062981106,0,0.000799760071978406,0,0,0,0,0.000699790062981106,0,0.000199940017994602,0,0,0,0,0,0,0.00109967009897031,0,0.00389883035089473,0,0,0.119064280715785,0,0,0,0,0,0.00269919024292712,0,0,0,0,0,0,0,0,0,0,0.000399880035989203,0.000199940017994602,0,0,0,0,0,0,0,0,0,0,0,0.000199940017994602,0,0,0,0,0,0.454463660901729,0,0,0.00529841047685694,0,0,0,0,0,0.000899730080975707,0.124862541237629,0,0,0.00689793062081376,0,0,0,0,0,0.00649805058482455,0.00149955013495951,0,0,0,0,0.00219934019794062,0,0.00349895031490553,0,0,0.00119964010796761,0
0,0,9.9930048965724e-05,0.000299790146897172,0,0,9.9930048965724e-05,0.000199860097931448,0,0,9.9930048965724e-05,0.000599580293794344,0,0.00649545318277206,0.000799440391725792,0,0,0,0,9.9930048965724e-05,0,0.0020985310282802,0,0.000599580293794344,0.000399720195862896,0.300889377435795,0,0,0.000299790146897172,0,0.00929349455381233,0,0,0.000899370440691516,0,0,0.00129909063655441,0.0148895772958929,9.9930048965724e-05,0,9.9930048965724e-05,0.00389727190966324,0,0.00269811132207455,0.00259818127310882,0.002897971420006,0,0,0,0,0,9.9930048965724e-05,0,0,0.000399720195862896,0,0,9.9930048965724e-05,0.00169881083241731,0.026781253122814,0,0.0114919556310583,0,0,0,0.000699510342760068,0.0128909763165784,0.002897971420006,0,0,0.000599580293794344,0,0,0.000399720195862896,0,0,0,0,0,0,0,0,0,0,0.00299790146897172,0.000399720195862896,0.000199860097931448,0,0.000199860097931448,0.00439692215449186,0,0.00139902068552014,0.00109923053862296,0,0,0,0,0,0.00109923053862296,0,0,0,0,0,0.000299790146897172,0,0.00119916058758869,0.0227840511641851,0,0,0.00099930048965724,0,0,0.00629559308484061,0,0,0,0.000199860097931448,0.00189867093034876,0,0.000199860097931448,0.00049965024482862,0,9.9930048965724e-05,0.00359748176276606,9.9930048965724e-05,0,0,0,0,0.000599580293794344,0.00939342460277806,0.00699510342760068,0,0,0,0.000299790146897172,0,0,0,9.9930048965724e-05,0.000199860097931448,0.00099930048965724,0,0.000299790146897172,0,0,0,0.000199860097931448,0.00099930048965724,0.00109923053862296,0.00139902068552014,0,0,9.9930048965724e-05,0.000299790146897172,0,0,9.9930048965724e-05,0.00369741181173179,0,0.000799440391725792,0,0.0305785949835115,0.00599580293794344,0,0.00219846107724593,0,0,0.000199860097931448,0.000299790146897172,0,0,0,0,0,0.000799440391725792,0,0.0342760067952433,0,0.000699510342760068,0,0,0,0.000299790146897172,0.00229839112621165,0,0.000899370440691516,0,0,0.00179874088138303,0.00229839112621165,9.9930048965724e-05,0,0.000699510342760068,0,0,9.9930048965724e-05,0,0,0,0.00909363445588088,0.0102927950434696,9.9930048965724e-05,0,0,0,0,0,0.00109923053862296,0,0,0,9.9930048965724e-05,0.000799440391725792,0,0.00639552313380634,0,9.9930048965724e-05,0,0,0.000799440391725792,0,0,0,0,0.000399720195862896,0,0.000899370440691516,9.9930048965724e-05,0.0185869891076247,0,0.00149895073448586,0.229539322474268,0,9.9930048965724e-05,0,0,0.000599580293794344,0,0,0.0112920955331268,0,0.00049965024482862,0,0,0,0.00109923053862296,0,9.9930048965724e-05,0,0,0.000799440391725792,0,0.0020985310282802,0,0.00049965024482862,0.000199860097931448,0.000699510342760068,0,0.000199860097931448,0,0,0,0,0,0,0,0,0.0855401219146597,0,0.000399720195862896,0.00679524332966923,0,9.9930048965724e-05,0,0.000299790146897172,0,0.00109923053862296,0.000599580293794344,0,0,0.011591885680024,0,0,0,0,0.000199860097931448,0.00399720195862896,0.000699510342760068,0,0,0,0,0.0045967822524233,0,0.00199860097931448,9.9930048965724e-05,0,0.0130908364145098,0
0,0,0,0,0,0,0.0017,0,0,0,6e-04,0.0011,0,0,0.0015,3e-04,2e-04,2e-04,0,1e-04,0.022,0.0017,4e-04,2e-04,0.0012,0.1998,0,0,5e-04,5e-04,2e-04,0.0026,0,0.0015,0,0,3e-04,0.0021,5e-04,2e-04,0,0.0018,0,0.009,0,2e-04,0,4e-04,0,0,0,2e-04,4e-04,0,0,4e-04,0,0,6e-04,0.0306,0,0,0,0.0042,0,0.0012,0,0.0029,0,0,9e-04,6e-04,0,0,1e-04,0,0,0,0,0.0281,0,3e-04,7e-04,0,0.0032,1e-04,0,0,0,0,0,3e-04,0,0.0029,0,0.0013,0,0,0.0043,0,0,0,0,0,2e-04,0,0,0.0265,0,0.0061,0.004,0,0,0.0114,0,0,0,0.0017,0.0014,0,0,0,0,0.0088,0.0013,0,0,0.0268,0,0,3e-04,0.0264,0,2e-04,0,0,0,3e-04,0.0217,3e-04,2e-04,4e-04,0.0017,0,0,0,9e-04,0,4e-04,0.001,0,0,0,0,0,0,0,0,0,0.002,0,0.0011,2e-04,1e-04,0,1e-04,9e-04,0,0,0,3e-04,0,6e-04,0,0,0,6e-04,7e-04,0.0174,0,0.0011,0,0,0,0.0018,0,0,0,0,0,0,0.0017,0,0,0,0,0,0,0,0,0,0,0,1e-04,0,1e-04,0,0,0,1e-04,5e-04,0,9e-04,0,1e-04,0,0.0054,0,0.0124,0,0,0.0027,0,0,0,0,0,0,0,0,0,0,0.0015,0.0201,0,0,0,0,0.001,1e-04,0,0.0026,0.0109,0,0,0,0.0308,0,2e-04,0,0,2e-04,0.0016,0,9e-04,1e-04,0,1e-04,1e-04,0.0067,0,0,0,1e-04,0.011,0,0,0,0,0.1282,0,0,0.0129,0.0018,0,0,0,0,2e-04,0.2211,0,0,8e-04,0,0,0,0,0,0.0027,0.001,0.0082,0,0,0,0.0051,0,0.0019,0,0,0.0011,0
0.000999900009999,0,0,0,0,0,9.99900009999e-05,0,0,0,0,0,0,0,0.0002999700029997,0.0025997400259974,0.001999800019998,9.99900009999e-05,0,0,0,0.0044995500449955,0,0,0,0.0682931706829317,0,0,0.0003999600039996,0,0.0580941905809419,0,0,0.0032996700329967,0.0027997200279972,0,9.99900009999e-05,0.0025997400259974,9.99900009999e-05,0,0,0,0,0,0,0.0230976902309769,0,0,0,9.99900009999e-05,0,0,0,0,0,0,0,0,0,0.0482951704829517,0,0,0,0,0,0,0.062993700629937,0,0,0,0,0,0,0,0,0,0,0,0,0.0618938106189381,0,0,0.0307969203079692,0,0,0.0001999800019998,0,0,0.0002999700029997,0.0005999400059994,0,0,0.0013998600139986,0,0.016998300169983,0.0032996700329967,0,0,0.0006999300069993,0.0002999700029997,0,0,0,0,0,0,0,0.263073692630737,0,0,0.0101989801019898,0,0,0.0116988301169883,0,0,0,0.0005999400059994,0.0240975902409759,0,0,0.0038996100389961,0,9.99900009999e-05,0.0007999200079992,0,0,0,0,0,0.0044995500449955,0.0081991800819918,0,0.000999900009999,0,0,9.99900009999e-05,0,0.0006999300069993,0,0.0004999500049995,0.0007999200079992,0,0,0,0,0.0066993300669933,0,0,0,0.0041995800419958,0.0141985801419858,0.0002999700029997,0,0,0,0,0,0,0.0185981401859814,0,9.99900009999e-05,0,0,0,0,0.0007999200079992,0,0,0,0,0.002999700029997,0,0,0.0003999600039996,0,0.0022997700229977,0.0037996200379962,0,0,0,0,0,0,0,0,0,0,0,0,0,0.0042995700429957,9.99900009999e-05,0,0.0001999800019998,0,0,0,0.0001999800019998,0.0001999800019998,0,0.0025997400259974,0,0,0,0,0,0,9.99900009999e-05,9.99900009999e-05,0,0,0,0,0.0003999600039996,0,0.0044995500449955,0,0.0187981201879812,0,0,0,0,0,0,0.0020997900209979,0,0,0.0046995300469953,0,0.0058994100589941,0,0.0017998200179982,0.0060993900609939,0.0001999800019998,0,0,0,0.0025997400259974,0,0,0.001999800019998,0,0,0,0.0016998300169983,0,0.0001999800019998,0,0,0,0,0,0,0,0.0006999300069993,0,0,0,0.0026997300269973,0,0,0,0,0,0,0,0,0,0.0002999700029997,0,0,0.0011998800119988,0.0004999500049995,0,0,0,0,0,0.119488051194881,0,0,0.0288971102889711,0,0,0,0,0,0,0,0,0,0,0,9.99900009999e-05,0,0.0008999100089991,0,0,0.0044995500449955,0
0,0,0,0,0,0,0,0,0,0,0,0,7e-04,0,6e-04,0,0,0,0,0,0,0,0,0,0,0.1617,0,0,0.0049,0,0,0,0,0.019,0,0,7e-04,0.0575,0,2e-04,0,0,0,0,0,0,0,0,0,0,0,0,0,0,0,0,0,0,0,0,0,0,0,0,0,0,0,0,0.0082,0.1455,0,0,0,0,0,0,0,0,0,0,0,0,0,0,0,0,0,0,0,0,0,0.0013,0.0015,0,0,0,0,0,0.0106,0,0,0.0017,0,0,0,0,0,0.185,0,0.0039,0,0,0,0,0,0,0,0,0.0287,0,0,0,0,2e-04,0,0,0,0,0,0,0,0,0,0,0,0,5e-04,0,0,0,0.139,0,0,0,0,0,0,0,0,0,0,0,0,0,0,0,0,0,0,0,0,0,0,0,0,0,0,0,0,0,0,0,1e-04,0,0,0,0,0,0,0,0,0,0,0,0,0,0,0,0,0,0,0,0,0,0,0,0,0,0,0,0,0,0,0,0,0.0392,0,0,8e-04,0,0,0,0,0,0,0,0,0,0.0478,0,0.0157,0,0,0,0,1e-04,0,0,0,0,0,0,0,0.0093,0,0,0,0,0,0,0,0,0,0,0.0016,0,0,0,0,0,0,0,0,0,0,0.0063,0,0,0,0,0,0,0,0,0,0,0,0,0,8e-04,0,0,0.0569,0,0,0,0,0,0.0012,0,0,0,0.0302,0,0,0.0105,0,0,0,0,0,0,0,0,0,0,0,0,0,0.0081,0
0,0,0.0001999600079984,0.0023995200959808,0,0,0,0,0,0,0,0,0,0,0.0002999400119976,0,0,0,0,0,0,0.00339932013597281,0,0,0.000599880023995201,0.18506298740252,0,0,0,0,0.0028994201159768,0,0,0.0001999600079984,0.0177964407118576,0,0.0122975404919016,0,0.000499900019996001,0,9.99800039992002e-05,0,0.0817836432713457,0,0,0.0013997200559888,0,0,0,0,0,0,0,0,0,0.0011997600479904,0,0,0,0,0,0,0,0,0,0.0001999600079984,0.012997400519896,0,0.000899820035992801,0,0.00849830033993201,0,0,0,0,0,0,0,0,0,0,0.00779844031193761,0,0,0,9.99800039992002e-05,0,0,0.0015996800639872,0.0027994401119776,0,0,0.000399920015996801,0,0,0.0002999400119976,0,0,0.002999400119976,0,0.000699860027994401,0.0012997400519896,0,0.0023995200959808,0,0,0,0.0610877824435113,0,0,0,0,0,0.0136972605478904,0,0,0,0,0.00479904019196161,0,0,0,0,0,0.001999600079984,0,0,0,0,0,0,0,0,0,0,0,0,0,0,0,9.99800039992002e-05,0,0.001499700059988,0,0,0,0,0,0,0,9.99800039992002e-05,0,0,0,0,0.0012997400519896,0,0,0,0,0,0,0,0,0,0,0,0,0,0,0,0,0,0.0001999600079984,0,0,0,0.0018996200759848,0.0545890821835633,0,0,0,0,0,0.000599880023995201,0,0.0001999600079984,0,0,0,9.99800039992002e-05,0.0145970805838832,9.99800039992002e-05,0,0.0028994201159768,0,0,0,0,0,0,0,0,0.0115976804639072,0.0465906818636273,0,0,0,0,0.000899820035992801,0,0,0,0,0.00559888022395521,0,0,0,0.0233953209358128,0,0.00969806038792242,0,0,0,0,0,0,0,0.00359928014397121,0,0,0,0,0.0479904019196161,0,0,0,0,0,0.000499900019996001,0,0,0,0,0.000399920015996801,0,0,0,0,0,0,0,0,0,0,0,9.99800039992002e-05,0,0,0,0,0,0,0,0,0,0,0,0,0.000699860027994401,0,0,0.0182963407318536,0,0,0,0,0,0.0012997400519896,0.257148570285943,0,0,0.0400919816036793,0,0,0,0,0,0,0,0,0,0,0,0.00679864027194561,0,0.0017996400719856,0,0,0.0105978804239152,0
0,0,0,0,0,0,0,0.000199760287654814,0,0,0,0.000299640431482221,0,0.00339592489013184,0,0.00948861366360368,0,0,0,0.000499400719137036,9.98801438274071e-05,0.000299640431482221,0,0,0.000499400719137036,0.129744306831802,0.000299640431482221,0,0,0,0.0233719536556133,9.98801438274071e-05,0,0.00599280862964443,0,0.0238713543747503,9.98801438274071e-05,0.00269676388333999,0,0,0,0.00159808230123851,0.00868957251298442,9.98801438274071e-05,0,0.0129844186975629,0,9.98801438274071e-05,0,0,0,0,0,0,0.00119856172592889,0,0,0,0.00119856172592889,0.0149820215741111,0,9.98801438274071e-05,0,0,0.000199760287654814,0,0.0218737514982022,0,0,0,0.00119856172592889,0,0,0.000199760287654814,0,0,0,0,0,0.00848981222532961,0.000399520575309628,0.000299640431482221,0.0111865761086696,0.00069916100679185,0.000299640431482221,0,0,0,0.00149820215741111,0.000199760287654814,9.98801438274071e-05,0,0,9.98801438274071e-05,0.0169796244506592,0,0,0,9.98801438274071e-05,0,0.00219736316420296,0,0,0.00109868158210148,0,0.00379544546544147,9.98801438274071e-05,0.287554934079105,0.000199760287654814,0,0.0184778266080703,9.98801438274071e-05,0,0.00189772273272074,0,0,0,0,0.00329604474630443,0,0,0.00519376747902517,0,0,0.000399520575309628,0.00229724330803036,0,0,0.000199760287654814,0.000599280862964443,9.98801438274071e-05,0.000499400719137036,0.000399520575309628,0,0,9.98801438274071e-05,0.00119856172592889,0,0,0,0.038753495805034,0.000599280862964443,0.00069916100679185,0,0.00189772273272074,0,0,0.00129844186975629,0,0.000299640431482221,0.000299640431482221,0.00109868158210148,0,0,9.98801438274071e-05,0,0,0,0.000199760287654814,0.000399520575309628,0,0,0.0013983220135837,0.0555333599680384,0,0,0.000898921294446664,0,0,0,0,0,0,0,0,0,0,0.000499400719137036,0.00389532560926888,9.98801438274071e-05,0.000898921294446664,0,0,0,0,0.00739113064322813,0.000299640431482221,0,0.000499400719137036,0.00369556532161406,0,0.00219736316420296,0,0,0.00269676388333999,0,0,9.98801438274071e-05,0,0,9.98801438274071e-05,0,0,0.0867958449860168,9.98801438274071e-05,0.00159808230123851,0,0,0,0,0,0,9.98801438274071e-05,0.000599280862964443,9.98801438274071e-05,0,0.0301638034358769,0.000199760287654814,0.0116859768278066,0.00379544546544147,0,9.98801438274071e-05,9.98801438274071e-05,0,0,0.000599280862964443,0.011286456252497,0,0.00349580503395925,0,0.00149820215741111,0,0.000998801438274071,0.0201757890531362,0,9.98801438274071e-05,0,0,0.000599280862964443,0,0,0.00229724330803036,0,0.000399520575309628,0,0,0,0.000998801438274071,0.000399520575309628,0.000199760287654814,0.00129844186975629,0.000399520575309628,0.000299640431482221,0,0.000199760287654814,0.000399520575309628,0,0.00069916100679185,0.00069916100679185,0.00249700359568518,0.000299640431482221,0.000599280862964443,0.000199760287654814,0,0,0,0,0.000299640431482221,0,0,0.0103875349580503,0.00629244906112665,0,0,0,0,9.98801438274071e-05,0,9.98801438274071e-05,0.000499400719137036,0,0,0.000898921294446664,0,0,0,0,0,0.000898921294446664,9.98801438274071e-05,0,0.000399520575309628,0,0,9.98801438274071e-05,0.000399520575309628,0.00499400719137036,0.0212744706352377,0.00539352776667998,9.98801438274071e-05,0.000499400719137036
0,0,0,0,0,0,0,0,0.001,4e-04,0.0029,0,0,0,0,0,0,0,0,0,0,0.0037,0,0,0,0.0567,9e-04,0,2e-04,0,0,0,0,0,0,0,0.0107,0.029,0,0,2e-04,0,0,0,0,0,0,0,0,0,0,0,0,0,0.0046,3e-04,0,0,0,0.0023,0.0013,0,0,0,0,0,0,0,0,0,0.0105,0,0,0,0,0,0,0,0,0,0.0038,0,0.0636,0,0.0434,0,6e-04,0,0,0.0129,0.0519,0,0,0,0,0,0,0.001,0.0059,0,0.0024,0,0,0,2e-04,0.002,0,0.1084,0,0,0,0.0187,0,0,0,0,0,0,0,0,0,9e-04,0,0,0.0208,0.0112,0,0,0.0105,0,0.0062,0.0121,0,0,0,0,0,0,0,0,0,0,0,0,0,0,0,0,0,0,0,0.0058,0,0,0,0,0,0,0,0.0189,0,0,0,0.1705,0,0,0,0,0,0,0,0,0,0,0,0,0,0.0046,0,0,0,0,0,0,0.0038,0,0,0,0,0,0,0.0017,2e-04,0,0,0,0,0,0,0.0542,0,0,0,0,0,0.002,2e-04,0,0,0.003,0,0,0.0748,0,0.0027,0,0,0.005,5e-04,0,0,0,0,0,0,0,0.0059,0,0.0268,0,0.0057,0,0,0,0,0.0011,0,0,0,0,0,0,0,4e-04,0,0,0,0,0,0,0,0,0,0,0,0,2e-04,2e-04,0.0024,0,0,0,0,2e-04,0,3e-04,0,0,0,0.0541,0.0019,0.0073,0,0,0,0,0,0,0.0037,0,0,0,0.0321,0,0,0,0,0,0,0.0033,0,0,0,0.0024,0.0023,0,0,0,0,0,6e-04
0,0,0,0,0,0,0.000199920031987205,9.99600159936026e-05,0,0,0,0,0,0.0137944822071172,0.000999600159936026,0,0,0,0,0,0,0.00299880047980808,0,0,0,0.306577369052379,0,0,0.000699720111955218,0,0,0,0,0,0,0.00239904038384646,0.000599760095961615,0,0,0,0,0,0,0.00709716113554578,0,0,0,0,9.99600159936026e-05,0,0,0,0,0,0.0111955217912835,0,0,0,0,0,0,0,9.99600159936026e-05,0,0.000199920031987205,0,0,0,0,0,0.00279888044782087,0,0,0,0,0,0,0,0,0,0,0,0,0,0,0,0,0,0,0.00629748100759696,0.0522790883646541,0.000199920031987205,0.00599760095961615,0,0,0,0,0,0.00999600159936026,0,0,0,0,0,0,0,0,0.0401839264294282,0,0,0,0,0,0.0110955617752899,0,0,0,0,0,0,0,0,0,9.99600159936026e-05,0,0,0,0,0,0,0.0186925229908037,0.0139944022391044,0,9.99600159936026e-05,0,0,9.99600159936026e-05,0,0,0,0,0,0,0,0,0,0,0,0,9.99600159936026e-05,0,0,0,0,9.99600159936026e-05,0,0,0.00189924030387845,0,0.00679728108756497,0,0,0,0,0,0,0,0,0,0,0,0,0,0,0,0,0,0,0,0,0,0,0,0,0,0,0,0,0,0,0,0,9.99600159936026e-05,0,0,0,0,0,0,0,0,0,0,0.0308876449420232,0,0,0,0,0,9.99600159936026e-05,0,0,0,0,0,0,0.0240903638544582,0.00249900039984006,9.99600159936026e-05,0.00259896041583367,0,0,0,0,0,0,0.000199920031987205,0,0.0432826869252299,0,0,0,0,0.00449820071971212,0,0,0,0,0,0,0,0.00139944022391044,0,0.000999600159936026,0,0,0,0,0,0,0,0,0,0,0,0,0,0,0,0.0121951219512195,0,0,0,0,0,0,0,0,0,0.00509796081567373,0,0,0,0,9.99600159936026e-05,0,0,0,0.000199920031987205,0.304878048780488,0,0,0.0325869652139144,0,0,0,0,0,0,0,0,0,0,0,0.0128948420631747,0,0,0,0,0.00349860055977609,0
0,9.9940035978413e-05,0,0,0,0,0.000299820107935239,0.00199880071956826,0,0,0,0,0,0.00289826104337398,0.00289826104337398,0,0,0.000399760143913652,0,0,0.0030981411153308,0.00149910053967619,9.9940035978413e-05,0,0,0.181790925444733,0,0,0.000999400359784129,0,0,0,0,0.0155906456126324,0,0,0.000699580251848891,0,0,0,0,0,0,0,0,0.0158904657205677,0,0,0.000199880071956826,0,0,0,0,0,0,0,0,0,0,0.000199880071956826,0,0.00149910053967619,0,0,0,0,0.00219868079152508,0,0.00579652208674795,0,0,0,0,0,0,0,0,0,0,0.000299820107935239,0,0,0,0,0,0.000299820107935239,0,0,0,0,0,0,0.0216869878073156,0,0,0,0,0,0,0,0,0.0155906456126324,0,0,0,0,0,0.0322806316210274,0,0,0,0,0,0.00319808115130921,0,0,0,0,0.00549670197881271,0,0.000699580251848891,0,0,0,0.0194883070157905,0,0,0,0,0,0,0,0,0.000199880071956826,0,0.000999400359784129,0,0,0,0,0,0,0,0,0,0,0,0,0,0.0022986208275035,0,0,0,0,0,0,0,0,0,0.00369778133120128,0,0,0,0,0,0,0,0,0,0,0,0,0.00189886068358985,0,0,0,0,0,0.00669598241055367,0,0,0,0,0,0,0,0,0,0,0.00139916050369778,0,0.00179892064761143,9.9940035978413e-05,0,0,0,9.9940035978413e-05,0,0,0,0,0,0,0.000199880071956826,0,0,0,0,9.9940035978413e-05,0.000999400359784129,0,0,0,0,0,0,0.00789526284229462,0,0,0,0,0,0,0,0,0,0,0,0.00989406356186288,0,0.0101938836697981,0,0,0.0667599440335798,0,0,0,0,0,0,0,0,0,0,0.000799520287827304,0,0,0,0,0,0,0.000199880071956826,0,0,0,0,0,0,0,0,0,0,0,0.000299820107935239,0.000499700179892065,0,0,0,0,0.0193883669798121,0,0,0.281431141315211,0,0.000799520287827304,0,0,0,0.000199880071956826,0.231461123326004,0,0,0.0115930441734959,0,0,0,0,0.000499700179892065,0,0,0,0,0,0,0,0,0.000399760143913652,0,0,0,0
0,0,0,0,0,0,0,0,0,0,0,0,0,0,0.00179928028788485,0,9.99600159936026e-05,0,0,0,0,0.000899640143942423,0,0,0,0.186225509796082,9.99600159936026e-05,0,0.00109956017592963,0,0,0,0,0.0158936425429828,0,0,0,0,0,0,0,0,0,0,0,0.0038984406237505,0,0,0,0,0,0,0,0,0.000299880047980808,0,0,0,0,0,0,0,0,0,0,0,0,0,0,0,9.99600159936026e-05,0,0,0,0,0,0,0,0,0,0,0,0,0,0,9.99600159936026e-05,0,0,0,0.000899640143942423,0,0.00289884046381447,0.0176929228308677,0,0,0,0,0,0.000999600159936026,0,0,0.00039984006397441,0,0,0,0,0,0.330867652938824,0,0,0,0,0,0.000699720111955218,0,0,0,0,0.00719712115153938,0,0,0,0,0,0.00169932027189124,0,0,0,0,0,9.99600159936026e-05,0,0,0,0,0,0.00259896041583367,0,0,0,0.000599760095961615,0,0,0,0,0,0.000199920031987205,0,0,0,0,0,0,0,0,0,0,0,0,0,0,0,0,0,0,0,0,0,0,0,0,0,0,0,0,0,0,0,0,0,0,0,0,0,9.99600159936026e-05,0,0,0,0,0.00169932027189124,0,0.00259896041583367,9.99600159936026e-05,0,0,0,0,0,0,0,0,0,0,0,0,0.000599760095961615,9.99600159936026e-05,0,9.99600159936026e-05,0,0,0,0,0,0.000599760095961615,0,0,0,0.01609356257497,0,0.00529788084766094,0,0,0,0,0,0,0,0.00239904038384646,0,0,0,0,0,0,0,0,0,0,9.99600159936026e-05,0,0,0,0,0,0,0,0,0,0,0,0,0,0,0,9.99600159936026e-05,0,0,0.00039984006397441,0.000599760095961615,0,0,0.000499800079968013,9.99600159936026e-05,0,0,0,0,0,0.215613754498201,0,0.000299880047980808,0.0268892443022791,0,0,0,0,0,0,0.142842862854858,0,0,0.00329868052778888,0,0,0,0,0,0,0,0,0,0,0,0.000599760095961615,0,9.99600159936026e-05,0,0,0.00149940023990404,0
0,0,0,0,0,9.99800039992002e-05,9.99800039992002e-05,0,0,0,0,0,0,0,0.000999800039992002,0,0,0,0,0,0,0,0,9.99800039992002e-05,0,0.107778444311138,0,0,0.000899820035992801,0.000799840031993601,0.0013997200559888,0,0,0,0,0,0.0017996400719856,0.0478904219156169,9.99800039992002e-05,0,9.99800039992002e-05,9.99800039992002e-05,0,0,0,0.0362927414517097,0,0,0,0,0.000699860027994401,0,0,0,0,0,0,0,0,0,0,0,0,0,0,0,0,0,0,0,0,0,0,0,0,0.0022995400919816,0,0,0,0.013497300539892,0,0,0,0,0,0,0.0936812637472506,0,0,0.0191961607678464,0,9.99800039992002e-05,0.000599880023995201,0,0,0,0,0,0.00779844031193761,0,0,0.0002999400119976,0,0,0,0,0,0.264047190561888,0,0,0,0,0,0,0,9.99800039992002e-05,0,0,0.0357928414317137,0,0,0,0,0.0001999600079984,0.00669866026794641,0,0,0,0,0,0,0,0,9.99800039992002e-05,0,0.0002999400119976,0.000799840031993601,0,0,0,0.001499700059988,0,0,0,0,0,0,0,0,0,0.00449910017996401,0.0015996800639872,0,0,9.99800039992002e-05,0,0,0,0,0.000899820035992801,0,0,0,0.0527894421115777,0,0,0,0,0,0,0,0,0,0,0,0,0.000999800039992002,9.99800039992002e-05,0,0,0,0,0,0,0,0,0,0,0,0,0,0.0250949810037992,0,0,0,0,0,0,0,0,0,0,0,0,0,0,0,0,9.99800039992002e-05,0.0001999600079984,0,0,0,0,0.0002999400119976,0,0,0,0.00459908018396321,0,0,0,0,0,0,0,0,0,0.014497100579884,0,0,9.99800039992002e-05,0,0.0115976804639072,0,0,0,0,0,0,0.0002999400119976,0,0,0,0,0,0,0,0,0,0,0,0,0,0,0,0,0,0.000499900019996001,0.00529894021195761,0,0,0,0,0.0176964607078584,0,0,0,0,0,0,0,0.0102979404119176,9.99800039992002e-05,0,0,0,0,0.0001999600079984,0.132073585282943,0,0,0.0631873625274945,0,0,0,0,0,0,0.00339932013597281,0,0,9.99800039992002e-05,0,0,0,0.0013997200559888,0,0,0.0017996400719856,0
0.0005000500050005,0,0,0.0003000300030003,0,0,0,0,0,0,0,0,0,0,0,0,0,0,0,0,0,0,0,0.0005000500050005,0,0.482748274827483,0,0,0.0058005800580058,0.0001000100010001,0,0,0,0,0,0,0,0,0,0,0,0,0,0,0,0,0,0,0,0,0,0,0,0,0,0,0,0,0,0,0,0,0.0008000800080008,0,0,0,0,0.0002000200020002,0,0,0,0,0,0,0,0.0015001500150015,0,0,0,0,0,0,0,0,0,0,0,0,0,0,0,0,0.0003000300030003,0,0,0,0.0635063506350635,0,0,0,0,0.0167016701670167,0,0,0,0,0,0,0,0,0,0,0.0001000100010001,0,0,0,0,0.0001000100010001,0,0,0,0,0.0006000600060006,0,0,0,0.252025202520252,0,0,0,0,0,0,0,0,0.0001000100010001,0.0003000300030003,0,0,0,0.0747074707470747,0,0,0,0,0,0,0,0,0,0,0,0.0004000400040004,0,0,0,0,0,0,0,0,0,0,0,0,0,0,0.0001000100010001,0,0,0,0,0,0,0,0.0006000600060006,0,0,0,0,0,0.0001000100010001,0,0,0,0,0,0,0,0,0,0,0,0.0011001100110011,0,0,0,0,0,0,0,0,0,0,0,0,0,0,0,0.0012001200120012,0,0,0,0,0,0,0,0,0.0002000200020002,0,0,0,0,0,0,0,0,0.0519051905190519,0,0,0,0,0,0,0,0,0,0,0,0.0085008500850085,0,0,0,0,0,0,0.0001000100010001,0,0,0,0,0,0,0,0,0,0.0028002800280028,0,0,0,0,0,0,0,0,0,0,0,0,0.0008000800080008,0,0,0.0252025202520252,0,0,0,0,0,0,0,0,0.0001000100010001,0,0,0.0001000100010001,0,0,0.0027002700270027,0,0,0,0,0,0.0004000400040004,0,0,0.0028002800280028,0,0,0,0
0,0,0,0,0,0,0,0,0,0,0,0.000599820053983805,0,0,0.00279916025192442,0,0,0,0,0,0.000199940017994602,0.00279916025192442,0,0.000299910026991902,0,0.0514845546336099,0,0,0.0126961911426572,0,0,0,0,0.0130960711786464,0.000899730080975707,0,0.00279916025192442,0.00479856043187044,0,0,0,0,0.0990702789163251,9.99700089973008e-05,0.000399880035989203,0.0114965510346896,0,0,0,9.99700089973008e-05,0,0.00159952014395681,0,0,0,0,0.000199940017994602,0,9.99700089973008e-05,0.00699790062981106,0,0.00109967009897031,0,0.000199940017994602,0.000399880035989203,0,0.00629811056682995,0,0,0,0,0,0,0,0,0,0,0,0,0.00309907027891633,0,0.00439868039588124,0,0,0,0.000599820053983805,0.000199940017994602,0,0,0.00109967009897031,0,0.0120963710886734,0.0128961311606518,0,0,9.99700089973008e-05,9.99700089973008e-05,0,0.00369889033290013,0,0.00129961011696491,0,0,0,0.000199940017994602,0,0,0.205338398480456,0.0123962811156653,0.0515845246426072,0,0,0,0.00319904028791363,0,0.000299910026991902,0,0,0.0159952014395681,0,0,0,0,0.000199940017994602,0.0181945416375087,0.00539838048585424,0,0,0,0,0,0.00109967009897031,0.00139958012596221,0.000899730080975707,0,9.99700089973008e-05,0.000699790062981106,0,0,0,0.00449865040487854,0,0.00119964010796761,0,0,0,0,0,0,0,9.99700089973008e-05,0,0,0,0,0,0,9.99700089973008e-05,0,0.0111966410076977,0,0,0,0,0,9.99700089973008e-05,0,0,0,0,0,0,0.00119964010796761,0,0,0,0,0,0.0383884834549635,9.99700089973008e-05,0,0,0,0,0.00139958012596221,0,0,0,0,0,0,0.0199940017994602,0.000699790062981106,0.000199940017994602,0,0.000199940017994602,0,0,0,0,0,0,0,0,0.0617814655603319,0.0120963710886734,0,0,0,0,0.000399880035989203,0,0,0,0,0,0.0106967909627112,0,0,0,0,9.99700089973008e-05,0,0,0,0,0,0,0.00299910026991902,0,9.99700089973008e-05,0,0,0.0342897130860742,0,0,0,0,0,0,0,0,0,0,0,0,0,0,0,0,0,0,0,0,0,0,0,0,0,0,0.000299910026991902,0,0,0,0,0,0,0,0,0.000199940017994602,0,0,0.0169949015295411,0,0,0,0,0,0.00659802059382185,0.171048685394382,0,0,0.00759772068379486,0,0,0,0,0,0.00179946016195141,0,0,0,0,0,0.00849745076477057,0,0,0,0,0.00799760071978406,0
0,0.00419622339894095,0.00199820161854331,0,0,0,0,0.0031971225896693,0,0,9.99100809271655e-05,0.00129883105205315,0,0,0.000699370566490159,0.0025976621041063,0,0.000399640323708662,0,0,0.0102907383354981,0.000599460485562993,0,0,0,0,0,0,0.000199820161854331,0.000999100809271655,0.000399640323708662,0,0,0.00139874113298032,0.00119892097112599,0,0.00149865121390748,0,0,0,0,0,0.000399640323708662,0.00619442501748426,0,0,0,0,0,0,0,0.00439604356079528,0,0,0,0.000199820161854331,0,0.000399640323708662,0,0.0449595364172245,0,0,0,0.0399640323708662,0.000299730242781497,0.0155859726246378,0.00389649315615946,0,0,0.00999100809271656,0,0.000199820161854331,0,0.00279748226596064,0,0,0,0,0,0.0028973923468878,0,0.00339694275152363,0,0,0,0.0025976621041063,0.0124887601158957,0,0,0.00309721250874213,0.0789289639324608,0,0.00249775202317914,0,0,0,0,0,0.00379658307523229,0,0.00229793186132481,0.0057947846937756,9.99100809271655e-05,0,0,0,0,0.0139874113298032,0,0.0759316615046458,0.00639424517933859,0.00109901089019882,0.00089919072834449,0.0107902887401339,0,0.000399640323708662,0,0.00379658307523229,0.00359676291337796,0.000399640323708662,0,0,0,0.000699370566490159,0.00449595364172245,0.0100909181736437,0,0,0.000299730242781497,0,0,9.99100809271655e-05,0,0,0.000399640323708662,0,0.00199820161854331,0,0,0,0,0,0.00109901089019882,0.000499550404635828,0.0347687081626536,0,0.000599460485562993,0,0.000199820161854331,0,0,0,0,0,0,0,0,0,0.000699370566490159,0,0,0,0,0,0,0,0,0,0,0.00669397542212009,0.00139874113298032,0,9.99100809271655e-05,0,0,0,0,0.00409631331801379,0.000799280647417324,0,0,0,0,0.000399640323708662,0.000599460485562993,0,0,0,0,0,0,0.0164851633529823,0,0,0,0,0,0,0.00109901089019882,0,0,0,0,9.99100809271655e-05,0,0.000499550404635828,0.000199820161854331,0.0054950544509941,0.000699370566490159,0.000399640323708662,0,0,0,0.000799280647417324,0.000599460485562993,0.00159856129483465,0,0.00179838145668898,0.0160855230292737,0.00309721250874213,0.00159856129483465,0,0,0,0,0.00119892097112599,0,0,0.0146867818962933,0,0,0,0.0025976621041063,0.0320711359776201,0,0,0,9.99100809271655e-05,0.00369667299430513,0.00279748226596064,0,0.00199820161854331,0,0,0.000499550404635828,0.000999100809271655,0,0,0,0,0,0,0.000399640323708662,0,0.000299730242781497,0.00309721250874213,0.00109901089019882,0,0,0,0,0,0,0.000299730242781497,0.000399640323708662,9.99100809271655e-05,0,0,0.00379658307523229,0.00279748226596064,0,0,0.0300729343590768,0,9.99100809271655e-05,0,0,0,0,0.349485463083225,9.99100809271655e-05,0,0.00219802178039764,0.00239784194225197,0,0,0,0,0,0.00179838145668898,0,0,0,0,0.00359676291337796,0,0.00939154760715356,0,0,0.0117893895494055,0
0.000199920031987205,0.00679728108756497,0,0,9.99600159936026e-05,0,0,0,0,0,0.000199920031987205,9.99600159936026e-05,0,0,0.00289884046381447,0,0,9.99600159936026e-05,9.99600159936026e-05,0,0.000899640143942423,0.00249900039984006,0,0,0,0.171431427429028,0,0,0.00119952019192323,0.000199920031987205,0.0328868452618952,0.00159936025589764,9.99600159936026e-05,0.00499800079968013,0,0,0.00039984006397441,0.0287884846061575,9.99600159936026e-05,0,0,0.000599760095961615,0,0.00179928028788485,0,0.016593362654938,0.0347860855657737,9.99600159936026e-05,0,0,9.99600159936026e-05,0,0,0.000299880047980808,0.00509796081567373,0,0,0,0,0.0236905237904838,9.99600159936026e-05,0,0,0,0,0,0.00639744102359056,0,0,0,0.00539784086365454,9.99600159936026e-05,9.99600159936026e-05,0.000199920031987205,0,0,0,0,0,0.0376849260295882,0,0.000499800079968013,0.00219912035185926,0,0.0103958416633347,0,0,0,0,0.000499800079968013,0,0.00319872051179528,0,0,0,0,0,0,0.00429828068772491,0,0,0,0,0.000199920031987205,9.99600159936026e-05,0,0.0133946421431427,0.0491803278688525,0,0.000899640143942423,0,0,0,0.00419832067173131,0,0,0,0,0.00869652139144342,0.000499800079968013,0,0,0,9.99600159936026e-05,0.00569772091163535,0,0,0,0.00109956017592963,0,0.00589764094362255,0.00729708116753299,0,0,0,0,0.000899640143942423,0,0,0,0,0,0,0,0.000999600159936026,0,0.00619752099160336,0.000199920031987205,0,0,0.000899640143942423,0.00959616153538585,0,0,9.99600159936026e-05,0,0,0,0.00259896041583367,0.016593362654938,0,0,0,0.000199920031987205,0,0,0,0,0,0,0.00039984006397441,0,0,0,0,0,0,0.00589764094362255,0.0488804478208716,0,0.00319872051179528,0,0,9.99600159936026e-05,0.00039984006397441,0,0,0.0101959216313475,0,0,0,0.00319872051179528,0,0.000299880047980808,0,0,0,0.000199920031987205,0,0,0,0,0,0.110655737704918,0,0.000299880047980808,9.99600159936026e-05,0,9.99600159936026e-05,9.99600159936026e-05,0,0.00649740103958417,0,0.000199920031987205,0.00109956017592963,9.99600159936026e-05,0.00479808076769292,0.00969612155137945,0.00959616153538585,0.000699720111955218,0.00429828068772491,0.00519792083166733,0,0.000299880047980808,0,0,0,0,0.00969612155137945,0.00139944022391044,0.0174930027988804,0,0,0.000899640143942423,0,0,9.99600159936026e-05,0,0,0.000699720111955218,0,0,0,0,0,9.99600159936026e-05,0,0,0,0.00259896041583367,0,0.00419832067173131,0.00189924030387845,9.99600159936026e-05,0.000199920031987205,9.99600159936026e-05,0,0.00039984006397441,0.00639744102359056,0.000599760095961615,0,0,0.000199920031987205,0.000599760095961615,0,0,0,0,0,0.00569772091163535,0,0.0104958016793283,0.000899640143942423,0,0,0,0,9.99600159936026e-05,0.00139944022391044,0.104658136745302,0,0,0.0302878848460616,0,0,0,0,0,0.0104958016793283,0.00619752099160336,0,0,9.99600159936026e-05,0,0.00189924030387845,9.99600159936026e-05,0.000199920031987205,0.00489804078368653,0,0.00309876049580168,0
0,0,9.99100809271655e-05,0.000399640323708662,0,0,0,0.00199820161854331,0.0100909181736437,0.000199820161854331,0,0.000299730242781497,0,0,0.0025976621041063,0.0092916375262264,0.000299730242781497,9.99100809271655e-05,0,9.99100809271655e-05,0.000399640323708662,0.0025976621041063,0,0,0,0.0600459586372265,0,0,0.00149865121390748,0.00399640323708662,0.0189829153761615,0,0,0.000799280647417324,0.000799280647417324,0,0.000999100809271655,9.99100809271655e-05,0,0,0.000199820161854331,0.00119892097112599,0.0262763512838445,0.000299730242781497,0,0.000199820161854331,0,0,0,0,0.000399640323708662,0.00359676291337796,0.000499550404635828,0,0.000699370566490159,0.000399640323708662,0.000399640323708662,0,0.00269757218503347,0.000199820161854331,0.000199820161854331,9.99100809271655e-05,0,0,0,0.000199820161854331,0.00759316615046458,0,0,0,0.000599460485562993,0,0,0.000299730242781497,0,0,0,0,0,9.99100809271655e-05,0,0,0.000599460485562993,0,9.99100809271655e-05,0.0130882206014587,0.0140873214107303,0,0,9.99100809271655e-05,0,0.000199820161854331,0.0118892996303327,0,0.011489659306624,9.99100809271655e-05,0,0,0.000299730242781497,0,0.00089919072834449,0.00509541412728544,0,0,0,0,0,0.229693276051554,0,0,0.00339694275152363,0,0,9.99100809271655e-05,0,0.000199820161854331,0,0,0.00239784194225197,0.000799280647417324,0.000299730242781497,0.00119892097112599,0,0,0.00139874113298032,0.000799280647417324,0,0,9.99100809271655e-05,0,9.99100809271655e-05,0.000299730242781497,9.99100809271655e-05,0,0,0,0.00509541412728544,0,0.000499550404635828,0,0,0.000999100809271655,0,0,0.00979118793086222,0,0.00949145768808073,0,0,0,0.000599460485562993,0.0031971225896693,0,0.000699370566490159,0,9.99100809271655e-05,0,0,0.000399640323708662,0.00109901089019882,0,0.00109901089019882,0,0,0,0,0.00149865121390748,0,0,0.000999100809271655,0,0,0,0,0,0.00449595364172245,0.00109901089019882,0,9.99100809271655e-05,0,0.000799280647417324,0,0,0.000299730242781497,0,0,0.00979118793086222,0.00659406534119293,0,0,0.00649415526026576,0.000599460485562993,0.000199820161854331,0,0,0,0,0,0,0,0,0.00169847137576181,0,0,0,0.00389649315615946,0,0,0,0.000299730242781497,0.0188830052952343,0,0.000599460485562993,0,9.99100809271655e-05,0.00179838145668898,0,0.0155859726246378,0,0,0,0,0,0,0,0,0.00759316615046458,0,9.99100809271655e-05,9.99100809271655e-05,9.99100809271655e-05,0,0.00219802178039764,0.00089919072834449,0,0,0,0,0.00169847137576181,0.00329703267059646,0,0,0.0149865121390748,0,0.017484264162254,0,0,0,0,0,0,0,0,0,0.00359676291337796,0.00249775202317914,0.00959136776900789,0,9.99100809271655e-05,0.00109901089019882,0,0,0,0.000399640323708662,0.000199820161854331,0,0,0.00369667299430513,0,0.302927365371166,0.000399640323708662,9.99100809271655e-05,0.0371665501049056,9.99100809271655e-05,9.99100809271655e-05,0,0,0,0,0.00459586372264962,0,0,0.00149865121390748,0,0,0,0,9.99100809271655e-05,0.00219802178039764,0.00089919072834449,0,0,0,0,0.00269757218503347,0,0.000799280647417324,0,0,0.00719352582675592,0
0,0,0,0,0.0023004600920184,0,0.0001000200040008,0,0,0,0,0,0,0,0,0,0,0,0,0,0.00470094018803761,0,0,0.00370074014802961,0,0,0,0,0.00490098019603921,0.0001000200040008,0.0238047609521904,0.00850170034006801,0,0,0,0,0.0001000200040008,0.0352070414082817,0,0,0,0,0,0,0,0.0168033606721344,0,0,0,0,0.0002000400080016,0,0,0,0,0,0,0.0001000200040008,0,0.02750550110022,0,0.00630126025205041,0,0,0,0,0,0,0,0.00370074014802961,0.000400080016003201,0,0,0,0,0,0,0,0,0,0,0,0,0,0.029005801160232,0,0,0,0,0.001000200040008,0.315563112622525,0.000900180036007201,0,0,0,0,0,0,0,0,0,0,0,0,0,0,0.0125025005001,0,0,0,0,0,0,0.0029005801160232,0,0,0,0,0.0328065613122624,0,0,0,0,0.0001000200040008,0,0,0,0,0,0,0,0.161332266453291,0,0,0,0,0,0,0.0001000200040008,0,0.000900180036007201,0,0,0,0,0,0,0,0,0.0027005401080216,0,0,0,0,0,0,0,0,0,0.00410082016403281,0,0,0,0.0226045209041808,0,0,0,0,0,0,0,0.0001000200040008,0.0001000200040008,0,0,0,0,0.0188037607521504,0,0,0,0,0,0,0,0,0,0,0,0,0,0.00500100020004001,0.0001000200040008,0,0,0,0.00320064012802561,0,0,0,0,0,0,0,0.0375075015003001,0.001000200040008,0,0,0,0.0001000200040008,0,0.0028005601120224,0,0,0.0002000400080016,0,0.0268053610722144,0,0.00460092018403681,0.0011002200440088,0,0,0,0,0,0,0,0,0.003000600120024,0,0,0,0,0,0,0,0,0,0,0,0,0,0,0,0,0,0,0,0,0,0.0021004200840168,0,0,0,0,0,0,0,0,0,0,0,0,0.0003000600120024,0,0,0,0,0,0,0,0.00360072014402881,0,0,0.0001000200040008,0,0,0,0.0001000200040008,0.160932186437287,0,0,0,0,0,0,0,0.00340068013602721,0,0,0,0,0,0,0.0001000200040008,0,0,0,0,0,0
0,0.016001600160016,0,0,0,0,0.0002000200020002,0,0,0,0,0,0.0007000700070007,0,0.0025002500250025,0,0.0021002100210021,0,0,0,0.0001000100010001,0.0008000800080008,0,0,0,0.163316331633163,0,0,0.0073007300730073,0,0.0023002300230023,0,0,0.0248024802480248,0,0,0.0002000200020002,0.0075007500750075,0,0,0,0,0.028002800280028,0,0,0.0105010501050105,0,0,0,0,0,0,0,0,0,0,0,0.0001000100010001,0,0,0,0.0011001100110011,0,0,0,0.0006000600060006,0.0079007900790079,0,0.0004000400040004,0.0042004200420042,0.0019001900190019,0,0,0,0,0,0,0,0,0.0043004300430043,0,0.002000200020002,0.0006000600060006,0,0.0028002800280028,0.0005000500050005,0.0174017401740174,0,0,0.0054005400540054,0.0001000100010001,0.0008000800080008,0.0205020502050205,0,0,0.0038003800380038,0.0053005300530053,0,0.0046004600460046,0,0,0.004000400040004,0,0,0.0003000300030003,0,0.0011001100110011,0.054005400540054,0,0,0.004000400040004,0,0.0069006900690069,0.0011001100110011,0,0,0,0,0.006000600060006,0,0,0,0.0008000800080008,0,0.013001300130013,0,0.0024002400240024,0,0,0,0.0105010501050105,0.0194019401940194,0,0,0,0,0.006000600060006,0.0004000400040004,0.0204020402040204,0,0.155015501550155,0,0,0,0,0,0,0,0,0,0.0044004400440044,0,0,0,0.0001000100010001,0,0,0.0002000200020002,0,0.0096009600960096,0,0,0,0,0,0.0001000100010001,0,0,0,0.001000100010001,0,0,0,0.0001000100010001,0,0,0,0.0012001200120012,0.0024002400240024,0,0,0,0,0,0,0.0004000400040004,0,0,0,0,0,0.0025002500250025,0.0002000200020002,0,0,0.0008000800080008,0,0,0,0.0442044204420442,0,0,0,0,0,0.0032003200320032,0,0,0.0001000100010001,0,0,0,0,0,0,0.0011001100110011,0.006000600060006,0,0,0,0,0.0013001300130013,0,0,0,0.0021002100210021,0,0,0.004000400040004,0,0.0079007900790079,0,0.0018001800180018,0.0305030503050305,0,0,0,0,0,0,0,0.0027002700270027,0,0,0.0005000500050005,0,0,0,0,0,0.0001000100010001,0,0,0,0,0.0007000700070007,0.0024002400240024,0,0.0003000300030003,0,0.0049004900490049,0.0018001800180018,0,0,0,0,0,0,0,0.0186018601860186,0,0,0.0971097109710971,0,0,0,0,0,0,0.0394039403940394,0,0,0.0175017501750175,0,0,0.0002000200020002,0,0.0001000100010001,0.0103010301030103,0,0,0,0,0,0.0009000900090009,0,0.0192019201920192,0,0,0.0021002100210021,0
0,0,0,0,0,0,0,0,0,9.99500249875062e-05,0,0,0,9.99500249875062e-05,0.00139930034982509,0,0,0,0,0,0.00079960019990005,0.00249875062468766,0,9.99500249875062e-05,0,0.0930534732633683,0,0,0.000199900049975012,0.00129935032483758,0.0496751624187906,0,0,0.0201899050474763,0,0,0.000399800099950025,0.00879560219890055,0.000599700149925037,0,0,0.000399800099950025,0.0721639180409795,0.00289855072463768,0,0.0496751624187906,0,0.000199900049975012,0,0,0.0015992003998001,0,0.000199900049975012,0,0.00279860069965018,0,0,0,0,0,0,0,0,0.000499750124937531,0,0,0.0152923538230885,0,0,0,0,0,0,9.99500249875062e-05,0,0.00499750124937531,9.99500249875062e-05,0,0,0.00749625187406297,0,0.0047976011994003,0.0148925537231384,0,0.00129935032483758,0.000899550224887556,0.000199900049975012,0.00199900049975012,0,0.00269865067466267,0,9.99500249875062e-05,0.015192403798101,0,0,0,9.99500249875062e-05,0,0,0,0,0,0,0,0.000999500249875062,0,0,0.133933033483258,0,0,0,0,0,0.00179910044977511,0,0,0,0.00109945027486257,0.00789605197401299,0,0,0,0,9.99500249875062e-05,0.110244877561219,0,0,0,0,0,0.00539730134932534,0.000699650174912544,0,0,0,0,0.000199900049975012,0,0.000499750124937531,0,0.00209895052473763,0,0,0,0,0,0,0,0,0,0,0,0,9.99500249875062e-05,0,0,0,0,0,0.00119940029985007,0,0.000699650174912544,0.000899550224887556,0,0,0,0,0,0,0.000199900049975012,0,0,0,0,0,0,0.00179910044977511,0.00629685157421289,0,0,0,0,0,0,0,0,0,0,0,0.00079960019990005,0,0,0,0,0,0,0,0,0,0,0,0,0,0,0,0.00239880059970015,9.99500249875062e-05,0,0,0,0,0,0,0,0,0,0,0.00339830084957521,0.0191904047976012,0,0,0,0,0,0,0,0,0,0.00739630184907546,0,0.00519740129935032,0,0.00349825087456272,0.00529735132433783,0,0,0,0,0.00079960019990005,0.000899550224887556,0,0.00109945027486257,0.00619690154922539,0,0,0,0,0,0,0,0,9.99500249875062e-05,0,0,0.00289855072463768,0,0.000199900049975012,0,0,0.0265867066466767,0,0,0,0,0.00129935032483758,0,0,0,0.000399800099950025,0.0015992003998001,0,0,0.00269865067466267,0.000399800099950025,0,0,0.00459770114942529,9.99500249875062e-05,0,0.156121939030485,0,0,0.0524737631184408,0,0,0,0.00209895052473763,0,0,0.00419790104947526,0,0,0,0,0.00119940029985007,0.000299850074962519,0.023288355822089,0,0,0.00719640179910045,0
0,0.0006999300069993,0.0006999300069993,0,0,0,0,0,0,0,0,0,0,0,0.0021997800219978,0,0.0082991700829917,0,0,0,0,0.0011998800119988,0,9.99900009999e-05,0,0.343065693430657,0,0.0008999100089991,0.0014998500149985,0,0.0233976602339766,0,0,0,0.0200979902009799,0,0.0005999400059994,0,0,0,0,0,0.0664933506649335,0,0,0,0,0,0,0,0,0,0,0,0,0,0,9.99900009999e-05,0,0.0297970202979702,0,0,0,0.022997700229977,0,0,0.0224977502249775,0,0,0.0058994100589941,0,0,0,0,0,0,0,0,0,0.0020997900209979,0,0.0007999200079992,0.0046995300469953,0,0,0.0006999300069993,0.0016998300169983,9.99900009999e-05,0,0,0,9.99900009999e-05,0.0012998700129987,0,0,0.0010998900109989,0.0003999600039996,0,0,0,0,0.0173982601739826,0,0,0,0,0,0.0108989101089891,0,0.0031996800319968,0.0045995400459954,0,0,0,0,0,0,0.0002999700029997,0.0301969803019698,0,0,0,0.0002999700029997,0.002999700029997,0.0041995800419958,0.0118988101189881,9.99900009999e-05,0,0,0,0,0,0,0,0,0,0.0004999500049995,0.0014998500149985,0,0,0.0003999600039996,0,0.0016998300169983,0,0,0,0,0,0,0,0,0,0,0,0,0,0,0,0,0,0,0.0016998300169983,0,0,0,0,0.000999900009999,0,0,0.002999700029997,0.0004999500049995,0,0,0.0002999700029997,0,0,0,0,0.0225977402259774,0,0,0,0,0,0,0,0,0,0,0,0,0.0035996400359964,0,9.99900009999e-05,0,9.99900009999e-05,0,0,0,0,0,0,0,0,0,0.0011998800119988,0,0,9.99900009999e-05,0,0.0004999500049995,0,0,0,0,0.0010998900109989,0.0051994800519948,0,9.99900009999e-05,0,0,0,0,0,0,0,0,0,0,0,0,0,0,0.0083991600839916,0,0,0,0,0.006999300069993,0.0071992800719928,0,0.0020997900209979,0,0,0.0001999800019998,0,0,0,0,0,0,0,0,0,0,0.0001999800019998,0.000999900009999,0,0,0,0,0,0,0.0004999500049995,0,0,0,0,0,0.0428957104289571,0,0,0.0196980301969803,0,0,0,0,0,0,0.153484651534847,0,0,0.0530946905309469,0,0,0,0,0,0,0,0,0,0,0,9.99900009999e-05,0,0.000999900009999,0,0,0.0082991700829917,0
0,0,0,0,0,0,0.0002999400119976,0,0,0,0,0.000999800039992002,0,0,9.99800039992002e-05,0.00809838032393521,0.00969806038792242,0,0,0.0012997400519896,0.000499900019996001,0.00589882023595281,0,0,0,0.327734453109378,0,0,0.00659868026394721,0,0,0,0,0.00419916016796641,0,0,0.000799840031993601,0.0438912217556489,0,0,0,0,0.000399920015996801,0.001499700059988,0,0.0176964607078584,0,0,0,0,0,0,0,0,0,0.000499900019996001,0,0,0.002999400119976,0.0028994201159768,0,0.0001999600079984,0,0,0.0001999600079984,9.99800039992002e-05,0.0025994801039792,0,0,0,0.00439912017596481,0,0,0.000399920015996801,0,0,0,0,0,0.0027994401119776,0,0.0015996800639872,0.0384923015396921,0,0.000399920015996801,0.0001999600079984,0,0,0,0,0.00339932013597281,0.00379924015196961,0.000399920015996801,0,0,9.99800039992002e-05,0.0013997200559888,0,0.0021995600879824,0.0001999600079984,0.001999600079984,0.000499900019996001,0,0,0,0,0,0.0178964207158568,0.00499900019996001,0,0.0015996800639872,0,0,0.0108978204359128,0.0001999600079984,0,0,0,0.0018996200759848,0,0,0,0,0,0.00869826034793041,0.0025994801039792,0,0,0,0,0.0205958808238352,0.014497100579884,0,0,0,0,0,0.000399920015996801,0.0012997400519896,0.0002999400119976,0.00539892021595681,0.000499900019996001,0.0011997600479904,0,0,0,0.00629874025194961,0,0,0,0.000599880023995201,0.0001999600079984,0.000899820035992801,0,0,0,0,0,0,0.001499700059988,0,0,0,0,0,0,0,0,0,0,0,0,0.000599880023995201,0,0,0,0,0.002999400119976,0.0426914617076585,0,0,0,0,0,0.00899820035992801,0,0,0,0,0,0,0.0195960807838432,0.0001999600079984,0.000699860027994401,0.0002999400119976,0,0,0,0.0001999600079984,0,9.99800039992002e-05,0,0,0,0,0.010997800439912,0,0,0,0,0,0,0.0103979204159168,0,0.0002999400119976,0,0,0,0.0001999600079984,0.00409918016396721,0.0342931413717257,0,0,0,0,0.0013997200559888,0,0,0,0,0.00629874025194961,0,0.0010997800439912,0.0030993801239752,0,0,0,0,0.0016996600679864,0.00819836032793441,0,0.0013997200559888,0,0,0,0,0,0,0,0,0.000599880023995201,0.000999800039992002,0,0,0,0.000999800039992002,0.001999600079984,0,0.001499700059988,0.0002999400119976,0.000799840031993601,0,0,0,0,0,0,0,0,0.0001999600079984,0,0.0108978204359128,0.0150969806038792,0,0,0,0,0,0.000499900019996001,0.165966806638672,0,0,0.0118976204759048,0,0,0,0,0,0.000399920015996801,0.0160967806438712,0,0,0,0,0.00469906018796241,0,0.001499700059988,0,0,0.0016996600679864,0
0,0,9.99600159936026e-05,0,0.000599760095961615,0,0.000599760095961615,0.00179928028788485,0,0,0.000599760095961615,0.00199920031987205,0,0,0,0.00159936025589764,0.0123950419832067,9.99600159936026e-05,0,0.000999600159936026,0.00289884046381447,0.000299880047980808,0,0.000299880047980808,0,0.203018792483007,0,0,0.00109956017592963,0.00079968012794882,0,0,0,0.00939624150339864,0.0132946821271491,0,0.000199920031987205,0.0103958416633347,0,0,0,0,0.0213914434226309,0.00409836065573771,0,0.0076969212315074,0,0,0,0,0,9.99600159936026e-05,0,0,0,0.000199920031987205,0,0.000299880047980808,0.000499800079968013,9.99600159936026e-05,0.000199920031987205,0.0152938824470212,0,0,0.0174930027988804,0.00079968012794882,9.99600159936026e-05,0,0,0.0280887644942023,0.000299880047980808,9.99600159936026e-05,0,0.00079968012794882,0,0,0,0,0,0,0,0.000199920031987205,0.00819672131147541,0,0.00199920031987205,0,0,0,0,0.00879648140743703,0.0670731707317073,0,0.00249900039984006,0,0.000199920031987205,0.000699720111955218,0,0,0.00329868052778888,0,0.000499800079968013,0.00039984006397441,0,0,0,0,0.0245901639344262,0.022890843662535,0,0,0.00429828068772491,0.00039984006397441,0,0.00309876049580168,0,0,0.00349860055977609,0.000599760095961615,0.00759696121551379,0,0,0,0,0.00269892043182727,0.0213914434226309,0.00289884046381447,0,0.00219912035185926,9.99600159936026e-05,0,0.00269892043182727,0.00919632147141144,9.99600159936026e-05,0,0,0,0.00579768092762895,0,0.0149940023990404,0,0.000299880047980808,0.000599760095961615,0.00159936025589764,0,0.00079968012794882,0,0.000499800079968013,0.0108956417433027,0,0.000199920031987205,0.00129948020791683,0.000299880047980808,0,0.00309876049580168,0,0,0,0,0,0.00209916033586565,0,0.00079968012794882,0,0,0,0,0.000699720111955218,0,0,0.00449820071971212,9.99600159936026e-05,0,0.00179928028788485,0,0,0,0,0.00259896041583367,0,0,0,0,0,0.00039984006397441,0.000199920031987205,0.000199920031987205,0,0,0,0,0,0.00149940023990404,9.99600159936026e-05,0,0,0,0,0,0,0.00659736105557777,0,0,0,9.99600159936026e-05,0,0.000199920031987205,0,0,0,0.000199920031987205,0,0,0.0148940423830468,0,0.00039984006397441,0,0,0.00039984006397441,9.99600159936026e-05,0.00039984006397441,0.00619752099160336,0,0,0,0,0.000999600159936026,0.00289884046381447,0,0,0,0.00849660135945622,0,0.00189924030387845,0.0159936025589764,0,0,0,0,0.00199920031987205,0,0,0,0,0,0.000899640143942423,0,0,0,0,0,0,0,0,0,0,0.00039984006397441,0,0,0,0.00039984006397441,0,0,0,9.99600159936026e-05,0.000299880047980808,0.000499800079968013,0,0,0.0178928428628549,0.0420831667333067,0,0.000199920031987205,0.0240903638544582,0,0.00039984006397441,0,0,0,9.99600159936026e-05,0.192123150739704,0,0.0116953218712515,0.0076969212315074,0,0,0,0,0.000299880047980808,0,0.000599760095961615,0,0.0139944022391044,0,0,0,0,9.99600159936026e-05,0,0,0.00479808076769292,0.00199920031987205
0,0,9.99800039992002e-05,0,0,0,0,0.00459908018396321,0,0,0,0,0,0,0,0,0,0,0,9.99800039992002e-05,0.00869826034793041,0.00419916016796641,0,0,0,0.299240151969606,0,0,0.0120975804839032,0,0.00639872025594881,0,0,0.00529894021195761,0,0,0,0.0181963607278544,0,0,0,0,0,0,0,0.0202959408118376,0,0,0,0,0,9.99800039992002e-05,0,0,0,0,0,0,0,0.00449910017996401,0,0,0,0,0,0,0.0023995200959808,0,0,0.0025994801039792,0.0025994801039792,0,0,0,0,0,0,0,0,0,0,0,0.002999400119976,0,0,0,0,0.0025994801039792,0,0.0018996200759848,0,0.000599880023995201,0,0,0,0.00409918016396721,0,0,0.0015996800639872,9.99800039992002e-05,0,0.000499900019996001,0,0,0,0,0,0.0730853829234153,0,0.00429914017196561,0,0,0,0.0105978804239152,0,0,9.99800039992002e-05,0,0.0177964407118576,0,0,0,0,0,0.0016996600679864,0,0.0002999400119976,0,0,0,0.0013997200559888,0.0126974605078984,0,0,0,0,0,0,0,0,0,0,0,0,0,0,0,0,0,0,0,0,0,0,0,0,0,0,0.0010997800439912,0,0,0,0,0.0617876424715057,0,0,0,0,0,0,0,0,0,0,0,0,0,0,0.0187962407518496,0,0,0,0,0,0,0.0011997600479904,0,0,0,0,0,0.00539892021595681,0,0,0,0,0.0001999600079984,0,0,0,0,0,0,0.191461707658468,0.0001999600079984,0,0,0,9.99800039992002e-05,0,0,0,0,0,0.00379924015196961,0,0.00519896020795841,0,0,0,0,0,0,0,0,0,0,0,0.00489902019596081,0,0.0508898220355929,0,0,0.0430913817236553,0,0,0,0,0,0,0,0,0,0,0,0,0,0,0,0,0,0,0,0,0,0,0,0,0.001499700059988,0.0221955608878224,0,0,9.99800039992002e-05,0.0010997800439912,0,0,0,0.0235952809438112,0,0.0010997800439912,0,0,0.0018996200759848,0.000699860027994401,0,0,0,0,0,0.000699860027994401,0,0.000399920015996801,0.0256948610277944,0,0,0,0,0,0.0017996400719856,0,0,0,0,0,0,0,0,0,0,0.00329934013197361,0
0,0,0,0,0,0,0.000200100050025013,0,0,0,0,0,0,0,0.00770385192596298,0,0.00260130065032516,0,0,0,0,0.00600300150075038,0,0.00130065032516258,0,0.00180090045022511,0,0,0.00610305152576288,0.031815907953977,0.165882941470735,0,0,0,0,0,0,0.0270135067533767,0,0,0,0,0,0,0,0,0,0,0.00100050025012506,0.000200100050025013,0,0,0.00100050025012506,0,0,0,0,0,0,0.0032016008004002,0,0,0,0,0,0,0.0168084042021011,0.00300150075037519,0,0,0,0,0,0,0,0,0,0,0,0,0,0,0.0579289644822411,0,0,0.00210105052526263,0,0,0,0,0,0.0161080540270135,0.00350175087543772,0,0,0,0,0,0,0.000300150075037519,0,0,0,0,0,0,0,0,0,0,0,0,0,0,0,0.000300150075037519,0,0,0,0,0,0,0,0,0.0379189594797399,0,0,0,0.00150075037518759,0,0,0,0,0.000300150075037519,0,0,0.0259129564782391,0,0.000900450225112556,0,0,0,0,0,0,0,0,0,0.000300150075037519,0.000400200100050025,0,0,0,0,0,0,0.00260130065032516,0.000200100050025013,0,0,0.00450225112556278,0,0,0,0,0,0,0.000300150075037519,0,0.00440220110055028,0,0.000300150075037519,0.000100050025012506,0,0,0,0,0.063431715857929,0,0,0,0,0,0,0,0,0,0,0,0,0,0.0102051025512756,0.00440220110055028,0.000300150075037519,0,0,0,0,0,0,0,0,0,0,0,0.00270135067533767,0.000500250125062531,0,0.000700350175087544,0.00450225112556278,0.000500250125062531,0,0,0,0.00550275137568784,0,0,0,0.0325162581290645,0,0,0,0,0,0,0,0,0,0,0,0,0,0,0,0,0,0,0,0,0,0,0,0,0,0,0.000300150075037519,0,0.00110055027513757,0,0,0,0,0,0.000200100050025013,0,0.00180090045022511,0,0,0.00180090045022511,0.0080040020010005,0.000700350175087544,0,0,0,0,0,0,0,0,0.0504252126063032,0.031615807903952,0,0,0,0,0,0,0,0.00520260130065033,0.314757378689345,0,0,0,0,0,0,0,0.000200100050025013,0,0.00270135067533767,0,0,0,0,0,0,0.00120060030015007,0,0,0.0192096048024012,0
0,0,0,0,0,0,0,0,0,0,0,0.000599880023995201,9.99800039992002e-05,0.0170965806838632,0.00519896020795841,0,0.0011997600479904,0,0,0,0,0.000999800039992002,0,0.00639872025594881,0,0.107178564287143,0,0,0.00709858028394321,0.0025994801039792,0.02249550089982,0.0349930013997201,0,0.016996600679864,0,0,0.000999800039992002,0.00609878024395121,0.000899820035992801,0,0,0,0.0002999400119976,0,0,0.0186962607478504,0,0,0,0,0,0,0,0,0,0,0,0,0,0,0,0,0,0,0,0,0.0002999400119976,0,9.99800039992002e-05,0,0,0,0,0,0,0,0,0,0,0.0002999400119976,0,0,0.0117976404719056,0,0,0.012997400519896,9.99800039992002e-05,9.99800039992002e-05,0.0018996200759848,0,9.99800039992002e-05,0,0.00759848030393921,0,0.0011997600479904,0.00739852029594081,0,0,0,0,0,9.99800039992002e-05,0,0,0,0,0,0.00489902019596081,0,0,0,0,0,0,0,0,0,0.0847830433913217,0.0016996600679864,0,0,0,0,0,0,0,0,0,0,0.0031993601279744,0.000599880023995201,0,0,0,0,0,0.0022995400919816,0.0012997400519896,0,0,0.000499900019996001,0.0002999400119976,0.0010997800439912,0,0,0.0010997800439912,0,0,0,0,9.99800039992002e-05,0,0,0,0,0,0,0,0,0,0.0018996200759848,0,0.000799840031993601,0,0,0,0,0.0002999400119976,0,0,0,0,0,0.000399920015996801,0,0,0.000999800039992002,0,0.0384923015396921,0,0,0,0,0,0.0001999600079984,0.0015996800639872,0,0,0,0,0,0,0,0.0025994801039792,0,0,0,0,0,0,0,0.00429914017196561,0,0,0.142371525694861,0.0018996200759848,0,0.000799840031993601,0,0,0,0.00499900019996001,0,0,0,0.0025994801039792,0.00449910017996401,0,0.0001999600079984,0,0.0002999400119976,0,0,0,0,9.99800039992002e-05,0,0,0.0011997600479904,0,0,0,0.00529894021195761,0.0356928614277145,0,0,0,0,0.0016996600679864,0.00969806038792242,0,0.0165966806638672,0,9.99800039992002e-05,0.000399920015996801,0,0,0,0,0,0,0,0,0,0.000399920015996801,0.00779844031193761,0,0,0.0002999400119976,0.00389922015596881,9.99800039992002e-05,0,0,0.000399920015996801,0,0,0,0,0,0.224255148970206,0,0,0.0140971805638872,0,0.00339932013597281,0,0,0,0,0.0262947410517896,0,0,0.0138972205558888,0,0,0.0170965806838632,0,0,0,0,0.00599880023995201,0,0,0,0,0,0.001999600079984,0,0,0.00419916016796641,0
0,0,0.000299910026991902,0,0,0,0.000299910026991902,0.00939718084574628,0,0,0,0.00439868039588124,0,0.0113965810256923,0.00219934019794062,0.00149955013495951,0.000999700089973008,0,0,0,0.00259922023392982,0.000299910026991902,0,0,0,0.0319904028791363,0,0,0,0,0,0,0,0.00189943017094872,0.00329901029691093,0,0.000199940017994602,0.00169949015295411,0,0,0,0,0.0949715085474358,0.00209937018894332,0,0.00719784064780566,0,0,0,0,0,0,0,0,0,0.000499850044986504,0,0,0,0.000399880035989203,0,0,0,0.000299910026991902,0,0.000199940017994602,0.0101969409177247,0,0,0.00329901029691093,0.00259922023392982,0,0,0.00409877036888933,0,0,0,0,0,0.000899730080975707,0,0.000999700089973008,0,0,0.0334899530140958,0,0,0,0.00129961011696491,0.00109967009897031,0,0,0.0954713585924223,0,0,0,0,0,0.000599820053983805,0,0.0128961311606518,0,0.00209937018894332,0,0,0,0,0.104168749375187,0.00799760071978406,9.99700089973008e-05,0.00609817054883535,0.00619814055783265,0,0.00749775067479756,0,0,0,0.00209937018894332,0.00709787063880836,0,0.00159952014395681,0.00899730080975707,0,0,0.00279916025192442,0.00309907027891633,0,0.00339898030590823,0,0,0.00329901029691093,0.0632810156952914,0,0,0,0,0,0.000699790062981106,0,0.000499850044986504,0.000199940017994602,0.000599820053983805,0.00489853044086774,0.000299910026991902,0,0,0.000799760071978406,0.00599820053983805,0,0,0.000899730080975707,0.00109967009897031,0,0.000599820053983805,0,0,0,0,0.00179946016195141,0.00669799060281915,0,0.00169949015295411,0,0.0249925022493252,0,0,0,0,0,0,9.99700089973008e-05,0,0.00119964010796761,0,0,0,0,0.000399880035989203,0.00239928021593522,0,0,0,0,0,0.000199940017994602,0.00459862041387584,0,0,0,0,0.00159952014395681,0.00669799060281915,0,0,0,0,0,0.000199940017994602,0,0,0,0,0,0.000599820053983805,0.076776966909927,0.000499850044986504,0,0.00219934019794062,0,0,0,0,0.00139958012596221,0.000599820053983805,0.000599820053983805,0.00179946016195141,0.0137958612416275,0.000899730080975707,0,0.00189943017094872,0.00599820053983805,0.000399880035989203,0,0,0,0.000299910026991902,0.0100969709087274,0,0.00399880035989203,0,0.00339898030590823,0,0.00179946016195141,0.00489853044086774,0,0,0,0,0.00369889033290013,0,0,0.00289913026092172,0,0.00729781065680296,0.000299910026991902,0.000299910026991902,0,0,0,0,0,0,0,0,0.000299910026991902,0.000299910026991902,0.000199940017994602,0,0.000199940017994602,0.000399880035989203,0.000199940017994602,0,0,9.99700089973008e-05,0,0,0,0,0,0.00769769069279216,0,0.00149955013495951,0.00269919024292712,0,0,0,0,0.00149955013495951,0.000799760071978406,0.17964610616815,0,0,0.00749775067479756,0,0,0,0,0,0.00269919024292712,0.000799760071978406,0,0,0,0,0.00229931020693792,0,0.000299910026991902,0,0,0.000299910026991902,0
0,0,0,0,0,0,0.0002999400119976,0,0,0,0,0.000999800039992002,0,0,0.0021995600879824,0,0,0,0,0,0,0.002999400119976,0,0,0,0.359528094381124,0,0.0001999600079984,0.00679864027194561,0.0020995800839832,0,0,0,0.00439912017596481,0,0,0.00469906018796241,0,0.000399920015996801,0.0001999600079984,0,0.000699860027994401,0,0,0,0,0,0,0,0,0,0,0,0,0,0,0,0,0,0,0,0,0,0,0,0,0.0281943611277744,0,0,0,0,0.000399920015996801,0,0,0,0,0,0,0,0,0,0,0,0,0,9.99800039992002e-05,0.0282943411317736,0,0,0,0,0,0.00529894021195761,0,0,0,0,0,0.000399920015996801,0,0,0.0023995200959808,0,0,0,0,0,0.0782843431313737,0,0,0,0,0,0.00569886022795441,0,0,0,0,0.0162967406518696,0.0028994201159768,0,0,0,9.99800039992002e-05,0.00459908018396321,0,0,0.0030993801239752,0,0,0,0,0,0,0,0,0.0013997200559888,0,0.0002999400119976,0,9.99800039992002e-05,0,0,0,0,0,0,0,0,0.000399920015996801,0,0,0,0,9.99800039992002e-05,0,0,0,0,0,0,0,0,0,0,9.99800039992002e-05,0,0,0,0.000799840031993601,0,0,0,0,0,0,0,0,0.0737852429514097,0,0,0,0,0,0,0,0,0.0208958208358328,0,0,0,0.00439912017596481,0,0,0,0,0,0,0,0,0,0,0.00669866026794641,0,0,0,0,0,0,0,9.99800039992002e-05,0,0,0,0.0022995400919816,0,0.00359928014397121,0,0.0405918816236753,0,0,0,0,0,0,0,0,0,0,0,0,0,0.0017996400719856,0.133073385322935,0,0,0,0,0,0,0,0.00499900019996001,0,0,0,0,0,0,0,0,0,0,0,0.0001999600079984,0,0,0,0,0,0,0,0,0,0,0,0,0,0,0,0.0898820235952809,0,0,0.00429914017196561,0,0,0,0,0,0,0.0225954809038192,0,0,0.02249550089982,0,0,0,0,0,0,0,0,0,0,0,0,0,0.0010997800439912,0,0,0.0023995200959808,0
0,0,0,0,0,0,0.00169881083241731,0,0,0,0,0,0,0,0.000399720195862896,0,0.0132906965124413,0,0,0,0,0.00349755171380034,9.9930048965724e-05,0.00109923053862296,0,0.135705006495453,0,0,0.0103927250924353,0.000799440391725792,0,0,0,0.00109923053862296,0.00119916058758869,0,0,0,0.00109923053862296,0,0.000299790146897172,0.00699510342760068,0,0,0,0,0,0,0,0,0,0.000599580293794344,0,0,0,0,0,0.000199860097931448,0,0,0,0.00349755171380034,0,0,0,0.000199860097931448,0,0.000299790146897172,0,0,0,0,0,0,0,0.0213850304786649,0,0,0,0.00159888078345158,0,0.00439692215449186,0,0,0,0.000199860097931448,0,0,0.000399720195862896,0.0165883881283102,0.112721095233337,0.00739482362346358,0,0,0,0,0,0,0,0,0,0,0,0.00469671230138903,0,0,0.0324772659138603,0.00479664235035475,0,0,0.00369741181173179,0,0,0.00219846107724593,0,0,0,0.0020985310282802,0.00159888078345158,0,0,0,0,0,0,0,0,0,0,0,0,0.00299790146897172,0.0158888777855501,0,0,0,0.00169881083241731,0,0.000299790146897172,0,0,0,0,0,0.00259818127310882,0,0.000799440391725792,0,0,0.0233836314579794,0.00279804137104027,0,0,0,9.9930048965724e-05,0,0,0,0,0,0,0,0,0,0,0,0.00219846107724593,0,0,0.00099930048965724,0,0,9.9930048965724e-05,0,0,0,0.00129909063655441,0.00509643249725192,0,0,0,0,0,0,0.00199860097931448,0.000399720195862896,0,0,0,0,0,0.00339762166483462,0.000199860097931448,0,0,0,0,0,0,0,0,0,0,0.0189867093034876,0,0.00219846107724593,0.00319776156690317,0.000199860097931448,0,0.00319776156690317,0,0,0.000699510342760068,0,0,0,0,0.0132906965124413,0,0,0,0,0,0,0,0,0,0,0.00669531328070351,0,0.0205855900869391,0,0.00109923053862296,0.0620565604077146,0,0,0,0,0,0.000199860097931448,0,0.00509643249725192,0,0,0,0,0,0,0,0,0,0.000599580293794344,0,0,9.9930048965724e-05,0.000199860097931448,0,0,0,0.000299790146897172,0,0,0,0.000299790146897172,9.9930048965724e-05,0,0,0,0.000699510342760068,0.00349755171380034,0,0,0.037273908264215,0,0.00679524332966923,0,0,0,0.000199860097931448,0.305386229639253,0,0,0.0343759368442091,0,0,0,0,0,0.00049965024482862,0.00429699210552613,0,0,0,0,0.000699510342760068,0,0,0,0,0.00219846107724593,0
0,9.99900009999e-05,0,0,0.0008999100089991,0,0,0,0,0,0,0,0,0,0,0,0,0,0,0,0,0,0,0,0,0.346465353464654,0,0,0.0012998700129987,0,0.0177982201779822,0,0,0,0,0,0,0.0583941605839416,0,0,0,0,0,0,0,0.0107989201079892,0,0,0,0,0,0,0,0,0,0,0,0,0.0006999300069993,0,0,0,0,0,0,0,0.0112988701129887,0,0,0,0,0,0,0,0,0,0,0,0,0.0091990800919908,0,0,0,0,0,0,0.0136986301369863,0,0,0,0,0,0,0,0,0,0.0026997300269973,0,0,0,0,0,0.0013998600139986,0,0,0,0,0.152684731526847,0,0,0.0132986701329867,0,0,0.0021997800219978,0,0,0,0,0,0,0,0,0,0,0,0,0,0,0,0,0.0002999700029997,0.0450954904509549,0,0,0,0,0,0.0003999600039996,0.0195980401959804,0.0001999800019998,0.0073992600739926,0,0,0,0,0,0.0051994800519948,0,0,0,0,0,0,0,0,0,0,0,0,0.0014998500149985,0,0,0,0.0001999800019998,0,0,0.0003999600039996,0,0,0.001999800019998,0,0,0,0,0,0,0,0,0,0.0012998700129987,0,0,0,0,0,0,0,0,0,0,0,0.0107989201079892,0,0,0,0,0,0,0,0.0414958504149585,0,0,0,0,0,0.0396960303969603,0,0,0,0,0,0,0,0,0,0,0.0045995400459954,0,0,0,0,0,0,0,0,0,0,0,0,0,0,0,0,0.0126987301269873,0,0,0,0,0,0.0036996300369963,0,0.0018998100189981,0,0,0,0,0,0,0,0,0,0,0,0,0,0,0,0,0,0,0,0,0,0.0012998700129987,0,0,0,0,0,0.0031996800319968,0.0143985601439856,0,0.0091990800919908,0,0,0,0,0,0,0.129187081291871,0,0,0,0,0,0,0,0,0,0,0,0,0,0,0,0,0.0012998700129987,0,0,0,0
0,2e-04,0,0,0,0,5e-04,0,0,0,0,0,0,0,0,0,0,0,0,0,0,0.001,0,0.0026,0,0.3227,0,0,0,0,0.0479,0,0,6e-04,0,0,0,0,0,0,0,0,0,0,0,0,5e-04,0,0,0,0,0,0,0,0,0,0,0,0,0.0847,0,0,0,0,0,0,0,0,0,0.0171,0.013,0,0,0,0,0,0,0,0,0,0,0,0,0,0,0,4e-04,0,0,0,0,0,0,0,0,0,0,0,0,0,0,0.0044,0,0,0,0,0,0.3632,0,0,0,0,0,0,0,0,0,0,0,0,0,0,0,0,0,0,0.0013,0,0,0,0,0,0,0,0,0,0,0,0,0,0,0,0,0,0.0013,0,0,0,0,0,0,0,0,0,0,0,0,0,0,0.0042,0,0,0,0,0,0,0,0,0,3e-04,0.0013,0,0,0.0051,0,0,0,0.0037,0,0,0,0,0,0,0,0,0,0,0,0,0,0,0,0,0,0,0,0,0,0,0,0,0,0,0,0,2e-04,0,0,0.0014,0,0,0,0,0,0,0,0.0084,0,0,0.0048,0,0.0038,0,0,0,0,0,0.0258,0.0046,0,0,0,0.0636,0,0,0,0,0,0,0,0,0,0,4e-04,0.0054,0,0,0,0,0,0,0,0,0,0,0,0,5e-04,4e-04,0,0,0,0,0,0,0,0,0,0,0,0.0027,0,0,0,0,0,0,0,0,0,0.002,0,0,0,0,0,0,0,0,0,0,0,0,0,0,0,0,0,0,0
0,0,0,0.0018996200759848,0,0,0,0,0,0,0,0,0,0,0.000599880023995201,0.001499700059988,0,0,0,0,0,0,0,0,0,0.000599880023995201,0,0,0.0291941611677664,0.0153969206158768,0,0,0,0,0,0,0.0028994201159768,0,0,0,0,0,0,0,0,0,0,0,0,0,0,0,0,0,0,0,0,0,0,0,0,0,0,0,0,0,0,0,0,0,0,0,0,0,0,0.0591881623675265,0,0,0,0,0,0,0.0769846030793841,0,0,0,0,0,0,0,0,0.0027994401119776,0.0001999600079984,0,0,0,0,0,0,0,0,0,0.0002999400119976,0,0,0,0,0,0,0,0,0,0.0010997800439912,0,0,0,0,0,0,0.0001999600079984,0,0,0,0,0,0,0,0,0,0,0.0388922215556889,0,0,0,0,0,0.00529894021195761,0,0,0,0.000699860027994401,0,0,0,0,0,0.0015996800639872,0.000799840031993601,0,0,0,0,0,0,0,0,0,0,0,0,0,0.0011997600479904,0,0,0,0,0,0.0002999400119976,0,0,0,0,0,0,0,0,0.000699860027994401,0.0571885622875425,0,0,0,0,0,0,0,0,0,0,0,0,0,0,0,0,0,0,0,0,0,0,0,0,0,0,0,0.0011997600479904,0,0,0,0.0108978204359128,0,0,0,0,0,0,0,0,0,0,0,0,0,0,0,0,0,0,0,0,0,0,0,0,0,0,0,0,0,0,0,0,0.0287942411517696,0,0,0,0,0,0,0,0,0,0,0,0,0.0031993601279744,0,0,0,0,0,0,0,0,0.0247950409918016,0,0,0,0,0.015496900619876,0.00659868026394721,0,0.281943611277744,0,0,0,0,0,0,0.276444711057788,0,0,0,0,0,0,0.0001999600079984,0,0,0.00739852029594081,0,0,0,0,0.0433913217356529,0,9.99800039992002e-05,0,0,0,0
0,0,0,0,0,0,0.00569601279104627,0.00279804137104027,0,0,0,0.000699510342760068,0.000799440391725792,0.0248825821924653,0.00139902068552014,0.000399720195862896,0,0,0,0,9.9930048965724e-05,0,9.9930048965724e-05,0.000199860097931448,0.00419706205656041,0.0310782452283402,0,0,0.000599580293794344,0.00109923053862296,0.0542620165883881,0,0,0.0102927950434696,0,0,0.00219846107724593,0.0229839112621165,0.00119916058758869,0,0,0.00109923053862296,0.0384730688518037,0.00319776156690317,0,0.0117917457779554,0,0,0,0,0,0,0,0,0,0,0,0,0,0.010492655141401,0,0,0,0,0,0,0.00579594284001199,0,9.9930048965724e-05,0.00579594284001199,0,0,0,0,0,0,0,0.000199860097931448,0,0.0511641850704507,0,0,0,0,0.00889377435794944,0,0,0,0.00139902068552014,0.0102927950434696,0,0.00099930048965724,0.00109923053862296,0,0,9.9930048965724e-05,0,0,0.0822424302987908,0,0,0,0,0,0,0,9.9930048965724e-05,0.054661736784251,0,0,0.00379734186069751,0,0,0.00219846107724593,0,0,0,0.00439692215449186,0.00049965024482862,0,0,0,9.9930048965724e-05,0.000299790146897172,0.0204856600379734,0,0,0,0,0,0,0.0218846807234936,0,0,0,0,0.000299790146897172,0.000799440391725792,0.0131907664634756,0,9.9930048965724e-05,0,0,0,0,0,0,0.00109923053862296,0,0,0,0,0,0,0,0,0,0,0,0.00829419406415509,0,0,0,0.0309783151793744,0,0,0.00109923053862296,0,0,0,0,0,9.9930048965724e-05,0,0,0,0,0.0101928649945038,0.0277805536124713,0,0,0,0,0,0,0,0,0,0,0,0,0.0020985310282802,0,0,0,9.9930048965724e-05,0.000799440391725792,0,0,0,0,0,0,0,0.000199860097931448,0.00049965024482862,0,0,0.000299790146897172,0.00129909063655441,0,0,0,0,0,0,0.00629559308484061,0,0.00629559308484061,0,0.00509643249725192,0,0,0,0,0,0,0,0,0,0.00379734186069751,0,0,0.0233836314579794,0,0,0,0,0,0,0,0.0337763565504147,0,0,0,0,0,0,0,0,0.000399720195862896,0,0,0,0.000599580293794344,9.9930048965724e-05,9.9930048965724e-05,0,0,0,0,0,0,0,0,0,0,0,0,0.00909363445588088,0.0045967822524233,0,0.0242830018986709,0,0,0,0,0,0,0.2367342859998,0,0,0.0275806935145398,0,0,0,0,0.00139902068552014,0.00119916058758869,0,0,0,0,0,0.00389727190966324,0,0.00199860097931448,0,0,0.00359748176276606,0
0,9.99700089973008e-05,0,0,0,0.00969709087273818,0.00119964010796761,9.99700089973008e-05,0,0,0,0.000399880035989203,0,0.00889733080075977,0.00259922023392982,0,0,0,0,0,0.00309907027891633,0,0,0,0,0.116365090472858,0,0,0,0,9.99700089973008e-05,0,0,0.00479856043187044,0,0,0.000299910026991902,0.0189943017094872,0.000499850044986504,0,0,0.00749775067479756,0,0.0101969409177247,0.000799760071978406,0.126162151354594,0,0,0,0,0,0.000199940017994602,0,0,0,0,0,0,0,0.00239928021593522,0,0,0,0.000399880035989203,0,0.00269919024292712,0.00449865040487854,0,0.000599820053983805,0.000299910026991902,0.00149955013495951,0,0,0.00279916025192442,0,0,0,0,0,0.0100969709087274,0,0,0.00279916025192442,0,0,0.000499850044986504,0.0236928921323603,0,0,0.0173947815655303,0,0,0.00299910026991902,0,0,0.00439868039588124,0,0,0.00219934019794062,0,0,0,0,0,0,0,0,0.0154953513945816,0,0,0.00709787063880836,0,0,0,0,0,0,0.0121963410976707,0.0249925022493252,0,0,0,0,0.000199940017994602,0.00219934019794062,0,0,0,0,0,0,0.0296910926721983,0,0,0,0.00189943017094872,0.00269919024292712,0,0,0,0,0,0,0.000499850044986504,0,0,0,0,0,0,0.00229931020693792,0.000799760071978406,0,0,0,0,0,0,0,0.00509847045886234,0.000199940017994602,0,0.000999700089973008,0,0,0,0.00139958012596221,0.000699790062981106,0,0.00119964010796761,0.00129961011696491,0,0,0,0,0,0,0.000599820053983805,0.021593521943417,0,0,0,0,0,0,0,0,0,0,0,0,0.0134959512146356,0,0,0,0,0,0,0,0,0,0.0174947515745276,0,0,0,0.00649805058482455,0,0,0,0,0.000199940017994602,0,0,0,0,0.00119964010796761,0.00889733080075977,0,0,0,0.000199940017994602,0,0,0,0,0,0,0,0.000599820053983805,0,0.0397880635809257,0,0.00289913026092172,0.173048085574328,0,0,0,0,0.00769769069279216,0,0,0.00179946016195141,0,0,9.99700089973008e-05,0,0,0,0,0,0.00399880035989203,0,0.00409877036888933,0,0,0.000899730080975707,0,0,0,0,0,0,0,0.000599820053983805,9.99700089973008e-05,0,0,0.00969709087273818,0,0.0886733979806058,0,0,0.0236928921323603,0,9.99700089973008e-05,0,0,0,0,0.000699790062981106,0,0,0.0454863540937719,0.00269919024292712,0,0,0,0,0.00479856043187044,0,0,0,0,0,9.99700089973008e-05,0,0.00749775067479756,0,0,0.00849745076477057,0
0,0,0,0,0,0,0,0,0,0,0,0,0,0,0,0,0.00429914017196561,0.001499700059988,0,0,0.00429914017196561,0.0016996600679864,0,0.000899820035992801,0,0,0,0,0.00669866026794641,0,0,0,0,0.0133973205358928,0,0,0,0.0750849830033993,0,0,0,0,0,0,0,0,0,0,0.000399920015996801,0,0,0,0,0,0,0,0,0,0,0,0,0,0,9.99800039992002e-05,0,0,0.01749650069986,0,0.00799840031993601,0.00509898020395921,0,0,0,0,0,0,0,0,0.0001999600079984,0,0,0,0.0002999400119976,0,0,0.000499900019996001,0,0,0,0.00629874025194961,0,0.0580883823235353,0,0,0,0.0001999600079984,0,0,0,0,0,0,0,0,0,0,0,0.0255948810237952,0,0.00439912017596481,0,0,0,0.0025994801039792,0,0.001999600079984,0,0,0.001999600079984,0.0001999600079984,0,0,0.00559888022395521,0,0.00419916016796641,0,0,0,0,0,0,0,0,0.0021995600879824,0,0,0.00769846030793841,0,0,0,9.99800039992002e-05,0,0,0,0,0,0.000899820035992801,0,0,0,9.99800039992002e-05,0,9.99800039992002e-05,0.000699860027994401,0,0,0,0,0,0,0,0,0,0,0,0,0,0,0,0,0.000699860027994401,0,0.0210957808438312,0,0,0.0018996200759848,0,0,0.0187962407518496,0,0,0,0,0,0,0,0,0,0,9.99800039992002e-05,0,0.0112977404519096,0.0001999600079984,0.000699860027994401,0,0,0.00869826034793041,0,0,0,0,0,0,0,0,0.0002999400119976,9.99800039992002e-05,0,0.0001999600079984,0,0,0,0,0,0.002999400119976,9.99800039992002e-05,0,0,0.0135972805438912,0,0,0.0110977804439112,0,0,0,0,0,0,0,0.00389922015596881,0,0,0,0.0598880223955209,0,0,0,0,0.0002999400119976,0,0,0,0,0,0.0001999600079984,0.00359928014397121,0,0,0,0,0,0.0010997800439912,0,0,0,0.0001999600079984,0.000399920015996801,0,0,0,0,0,0,0.000499900019996001,0,0,0,0,0.0251949610077984,0.104779044191162,0,0,0.00709858028394321,0,0.00379924015196961,0,0,0,0,0.406118776244751,0,0,0.0118976204759048,0,0,9.99800039992002e-05,0,0,0,0,0,0,0,0.0002999400119976,0,0,0.0022995400919816,0,0,0.013497300539892,0
0,0,0.0002000200020002,0,0,0.0004000400040004,0,0,0,0,0,0,0,0.0269026902690269,0,0,0,0,0,0,0,0.009000900090009,0,0,0,0.71967196719672,0,0,0,0.0024002400240024,0.0731073107310731,0,0,0.0067006700670067,0,0,0,0.0798079807980798,0,0,0,0.0025002500250025,0,0,0,0,0,0,0,0,0,0,0,0,0,0,0,0,0,0,0,0,0,0,0,0,0.0046004600460046,0,0,0,0,0,0,0,0,0,0,0,0,0,0.0005000500050005,0,0.0001000100010001,0,0,0,0.0276027602760276,0,0,0,0,0,0,0,0,0.0001000100010001,0,0,0,0,0,0,0,0,0,0.0002000200020002,0,0,0,0,0,0,0,0,0,0,0,0,0.0024002400240024,0,0.0012001200120012,0,0,0.0002000200020002,0,0,0,0,0,0,0,0.0034003400340034,0,0,0,0,0,0,0,0,0.0011001100110011,0,0,0,0,0,0,0,0,0,0,0,0,0,0,0,0,0,0,0,0,0,0,0,0,0,0.0032003200320032,0,0,0,0.0019001900190019,0,0,0,0.0027002700270027,0,0,0,0,0,0,0,0,0,0,0,0,0,0,0,0,0,0.0002000200020002,0,0,0,0,0,0,0,0,0,0.0001000100010001,0,0,0,0,0,0,0,0,0,0,0,0.0009000900090009,0,0,0.001000100010001,0.0225022502250225,0,0,0,0,0,0,0,0,0,0,0,0,0,0,0,0,0,0,0,0,0,0,0,0,0,0,0,0,0,0,0,0,0,0,0,0,0,0.0002000200020002,0,0,0.001000100010001,0,0,0,0.0005000500050005,0,0,0,0,0,0,0,0,0,0,0,0,0,0,0,0,0,0,0,0,0,0,0,0,0.0002000200020002,0,0,0,0,0,0,0,0.0035003500350035,0,0,0,0
0,0.0001000100010001,0,0,0,0,0,0.0065006500650065,0,0,0,0.0001000100010001,0,0.0092009200920092,0.0001000100010001,0,0,0,0.0001000100010001,0,0.0069006900690069,0.0023002300230023,0,0,0,0.0159015901590159,0,0,0,0,0.0214021402140214,0,0,0.002000200020002,0,0,0.0002000200020002,0.0076007600760076,0,0,0,0,0.055005500550055,0.0021002100210021,0,0.0055005500550055,0,0,0,0,0.0001000100010001,0,0,0,0,0.0011001100110011,0,0,0.0001000100010001,0.0442044204420442,0.0002000200020002,0.0015001500150015,0,0,0.0222022202220222,0,0.0228022802280228,0,0,0.0044004400440044,0,0,0,0.0015001500150015,0,0,0,0,0,0.0087008700870087,0,0.0004000400040004,0.003000300030003,0,0,0,0.0292029202920292,0,0,0.0036003600360036,0.0585058505850585,0,0,0,0,0,0,0,0.0007000700070007,0,0,0,0,0,0.0004000400040004,0,0.0015001500150015,0.0377037703770377,0,0.0038003800380038,0,0,0,0.0077007700770077,0,0,0,0,0.0175017501750175,0.0001000100010001,0,0,0,0,0.0019001900190019,0.0227022702270227,0,0,0.0003000300030003,0,0.0048004800480048,0.0272027202720272,0,0,0,0,0,0,0,0.0002000200020002,0.0017001700170017,0,0,0,0,0,0.0018001800180018,0.0001000100010001,0,0,0.0013001300130013,0,0,0.0006000600060006,0,0,0,0,0.0001000100010001,0.0092009200920092,0,0,0,0,0,0,0,0,0,0,0.0039003900390039,0,0.004000400040004,0,0,0,0,0.0116011601160116,0.0037003700370037,0,0,0,0,0.002000200020002,0.0007000700070007,0,0,0,0,0,0,0.0173017301730173,0,0.0001000100010001,0,0,0,0,0.0001000100010001,0,0,0,0.0001000100010001,0,0,0.0286028602860286,0,0,0.0001000100010001,0,0.0003000300030003,0.0036003600360036,0,0,0.0008000800080008,0,0.0048004800480048,0.0162016201620162,0,0.0004000400040004,0,0.0097009700970097,0,0,0,0,0,0,0.0003000300030003,0,0.0281028102810281,0,0,0.239323932393239,0,0,0.0003000300030003,0,0,0,0,0,0,0,0,0,0,0,0,0,0,0,0.0013001300130013,0,0,0,0.0008000800080008,0,0.0001000100010001,0,0.0002000200020002,0,0.0004000400040004,0.0011001100110011,0,0,0,0,0,0.0023002300230023,0,0,0.0042004200420042,0,0,0.0001000100010001,0,0,0,0.107010701070107,0,0,0.009000900090009,0,0,0,0,0,0.0084008400840084,0.0019001900190019,0,0,0,0,0.002000200020002,0,0.0001000100010001,0,0,0.0072007200720072,0
0,0,0,0,0,0.0015992003998001,0.000299850074962519,0,0,0,0,0,0.000399800099950025,0,0.000199900049975012,0.00339830084957521,0,0,0,0,0,0,0,0.00199900049975012,0,0.251774112943528,0,0,0.00269865067466267,0.000999500249875062,0,0,0,0.0173913043478261,0,0,0.00679660169915042,0,0,0,0,0,0.0755622188905547,0,0,0,0,0,0,0,9.99500249875062e-05,0,0,0.000199900049975012,0,0,0,0,0.00119940029985007,0.0324837581209395,0,0,0,0,0,0,0,0.00229885057471264,0,0,0,0,0,0,0,0,9.99500249875062e-05,0.000299850074962519,0,0.0286856571714143,0,0,0.00439780109945028,0,0,0,0.0281859070464768,0,0.00149925037481259,0.00519740129935032,0,0.000299850074962519,0.00459770114942529,0,0,0.000899550224887556,0,0,0,0,0,9.99500249875062e-05,0,0,0,0,0,0.0395802098950525,0,0,0.00149925037481259,0,0,0.00339830084957521,0.00189905047476262,0,0,0.0189905047476262,0.0104947526236882,0,0,0,0.00929535232383808,0.000299850074962519,0.0047976011994003,0,0,0,0,0,0,0,0,0,0,0.000699650174912544,9.99500249875062e-05,0,0.000299850074962519,0,0.00279860069965018,0,0.00139930034982509,0.000999500249875062,0,0.000299850074962519,0.00439780109945028,0,0.000399800099950025,0,0.000699650174912544,0,0,0.000699650174912544,0.000699650174912544,0,0,0.000399800099950025,0,0,0.00129935032483758,0,0,0,0,0,0.00079960019990005,0,0,0,0,0,0,0,0,0,0.0015992003998001,0,0,0,0,0,0,0,0.0047976011994003,0.00269865067466267,0,0,0,0,0,0.00989505247376312,0.000399800099950025,9.99500249875062e-05,0,0,0,0,0,0,0,0,0,0,0,0.00829585207396302,0.00179910044977511,0,0,0.000499750124937531,0,0,0,0,0,0.00109945027486257,0.0717641179410295,0,0.0276861569215392,0,0,0.0031984007996002,0,0,0,0,0,0,0,0,0,0,0,0.063368315842079,0,0,0,0,0.00079960019990005,0,0,0.00239880059970015,0,0,0,0,0,0,0,0,0,0,0,0,0,0.00879560219890055,0.00219890054972514,0,0,0,0.00189905047476262,0,0,0.00119940029985007,0,0,0,0,0,9.99500249875062e-05,0,0,0.0132933533233383,0,0,0.000399800099950025,0,0,0,0.142528735632184,9.99500249875062e-05,0,0,9.99500249875062e-05,0,0.00209895052473763,0,0,0,0,0,0,0,0,0.0326836581709145,0,0.000399800099950025,0,0,0.0138930534732634,0
0,0,0,0,0,0,0,0,0,0,0,0.000499750124937531,9.99500249875062e-05,0,0,0.000299850074962519,0.000399800099950025,0,0,0.00129935032483758,0,0.00529735132433783,0,0,0.000899550224887556,0.128135932033983,0,0,0.0132933533233383,0.00449775112443778,0.0181909045477261,0,0,0.0215892053973013,0,0,0.00079960019990005,0.031584207896052,0,0,0,0.00399800099950025,0.0335832083958021,0,0,0.0199900049975013,0,0.000699650174912544,0,0,0,0.00399800099950025,0.000299850074962519,0,0,0,0,0,0.00259870064967516,0.00899550224887556,0,0,0,0.00169915042478761,0,0.00229885057471264,0.000499750124937531,0.0104947526236882,0,0.00269865067466267,0.00389805097451274,0,0,0.000999500249875062,0,0,0,0.000299850074962519,0,0.00539730134932534,0,0.000599700149925037,0.000299850074962519,0,0.00439780109945028,0,0.000199900049975012,0,0.000499750124937531,0.0105947026486757,0,0.00669665167416292,0.0199900049975013,0.00269865067466267,0.0218890554722639,0,0,0,0.00439780109945028,0,0.00209895052473763,0,0,0,0.000299850074962519,0.00079960019990005,0,0.00349825087456272,0,0.00219890054972514,0,0,0,0.0150924537731134,0,0.000699650174912544,0,0.00129935032483758,0.0407796101949025,0,0,0.00509745127436282,0.000699650174912544,0,0.0374812593703148,0,0,0,0,0,0,0.000699650174912544,0,0.000499750124937531,0,0,0.0679660169915042,0.000699650174912544,0,0,9.99500249875062e-05,0,0.00329835082458771,0,0,0,0.000299850074962519,0,0,0,0,0,0,9.99500249875062e-05,0,0,0,0,0.0141929035482259,0.00579710144927536,0,0.000399800099950025,0,9.99500249875062e-05,0,0,0.00169915042478761,0,0,0,0.000599700149925037,9.99500249875062e-05,0,0,0,0,0.00179910044977511,0.000599700149925037,0.0540729635182409,0.000499750124937531,0,0,0,0,0,0.000299850074962519,0,0,0,0,9.99500249875062e-05,0.0127936031984008,0,9.99500249875062e-05,0,0,0,0,0,0,0,0,0,0,0,0.000599700149925037,0,0,0,0,0,0,0,0,0.00349825087456272,0,0.00249875062468766,0.00179910044977511,9.99500249875062e-05,0.000499750124937531,0.00239880059970015,0,0,0,0,0,0,0,0,9.99500249875062e-05,0.00599700149925037,0,0.00179910044977511,0.0104947526236882,0,0,0,0,0.000899550224887556,0,0,0.0476761619190405,0,0,9.99500249875062e-05,0.00169915042478761,0,0.000299850074962519,0,0,0,0.000499750124937531,0,0,0.000499750124937531,0.000299850074962519,9.99500249875062e-05,0,0.00229885057471264,0.00349825087456272,9.99500249875062e-05,0,0,0.000599700149925037,0,0,0,0,0.000699650174912544,0.00079960019990005,0,0,0.0206896551724138,0,0,9.99500249875062e-05,9.99500249875062e-05,9.99500249875062e-05,0.00139930034982509,0.126436781609195,0,0,0.0658670664667666,9.99500249875062e-05,0.000399800099950025,0,0,0,0.000299850074962519,0,0,0,0,0,0.000899550224887556,9.99500249875062e-05,0.000399800099950025,0,0.00589705147426287,0.00889555222388806,0
0,0,0.000299850074962519,0,0,0,9.99500249875062e-05,0.000199900049975012,0,0,0,0.000499750124937531,0,0,0.000299850074962519,0.00419790104947526,0.00499750124937531,0,0,0,0.00129935032483758,0.00369815092453773,0,0,0,0.242578710644678,0,0,0.000499750124937531,0.000899550224887556,0,0,0,0.015192403798101,0,0,0.000899550224887556,0,0,0,0,0.000999500249875062,0.000299850074962519,0,0,0.0429785107446277,0,0.000499750124937531,0,0,0,0,0.000299850074962519,9.99500249875062e-05,0.000399800099950025,0.000199900049975012,0,0,0.000399800099950025,0.0213893053473263,9.99500249875062e-05,0,0,0.000399800099950025,0,0,0,0.000199900049975012,0,0,0.000999500249875062,0,0.000199900049975012,0,0,0,0.000299850074962519,0,0.000199900049975012,0.0395802098950525,0,0.000299850074962519,0.00539730134932534,0.00259870064967516,0,0.0747626186906547,0,0,0,0.000899550224887556,9.99500249875062e-05,0.000199900049975012,0.000699650174912544,0,0,9.99500249875062e-05,0,0,0,0,0,0,9.99500249875062e-05,0,0,0,0.0015992003998001,0.0247876061969016,0,0,0.00299850074962519,9.99500249875062e-05,0,0.00109945027486257,0,0,0,0.000299850074962519,0.00179910044977511,0.00139930034982509,0,0,0,0,0.00219890054972514,0,0,0,0,9.99500249875062e-05,9.99500249875062e-05,0,0,0,0,0,9.99500249875062e-05,0,0.00389805097451274,0,0.0756621689155422,0.000299850074962519,0.000399800099950025,0,0,0.0320839580209895,0.0104947526236882,0.00619690154922539,0,0,0.000699650174912544,0,0,0.00119940029985007,0,0,0,0,0,0,0,0.00129935032483758,0.000399800099950025,0,0,0,0.000299850074962519,0,0,9.99500249875062e-05,0.00249875062468766,0,0.00079960019990005,0,0,0,0.000999500249875062,0.000599700149925037,0.00729635182408796,9.99500249875062e-05,0,0,0,0,0.00229885057471264,9.99500249875062e-05,0,0,0,0.000299850074962519,0,0.00299850074962519,9.99500249875062e-05,0,0,0,0,0,0,0,0,0,0,0.0145927036481759,0,0.0291854072963518,0,0,0,9.99500249875062e-05,0.000499750124937531,0,0,9.99500249875062e-05,0.00149925037481259,0.00169915042478761,0.0253873063468266,0.000699650174912544,0.00869565217391304,0,0.00249875062468766,0,0,0,0,0,0.00419790104947526,0,0.000399800099950025,0,0.00289855072463768,0,0.00119940029985007,0,0,0,0.00259870064967516,0,0.000899550224887556,0,0,0.000699650174912544,0,0.000199900049975012,0,0,0,0,0,0,0,0.000199900049975012,0.00079960019990005,0,0.000399800099950025,0.00499750124937531,0,0,0.000299850074962519,0.00149925037481259,0.000499750124937531,0,0,0.000199900049975012,0,0,0,0,0,0.000399800099950025,9.99500249875062e-05,0.000599700149925037,0.0116941529235382,0,0,0,0,0,0,0.170114942528736,0,0,0.00659670164917541,0,0,0,0,0,0,0.00129935032483758,0,0,0,0,0.00259870064967516,0,0.0168915542228886,0,0,0.024687656171914,0
0,0,0,0,0,0,0,0,0,0,0,0,0,0.0259025902590259,0.0006000600060006,0.0017001700170017,0.0042004200420042,0,0,0,0,0.0034003400340034,0,0,0,0.0656065606560656,0,0,0,0,0.0013001300130013,0,0,0.0043004300430043,0,0,0.0008000800080008,0.0438043804380438,0.0005000500050005,0,0,0,0.0016001600160016,0.0074007400740074,0,0,0,0,0,0,0.0012001200120012,0,0,0,0,0,0,0,0,0.0005000500050005,0,0.0165016501650165,0,0,0,0,0.0296029602960296,0,0,0.0055005500550055,0.0008000800080008,0,0,0,0,0,0,0,0,0.0013001300130013,0,0,0,0,0.0005000500050005,0.0061006100610061,0,0,0.0011001100110011,0.0022002200220022,0.0003000300030003,0.0019001900190019,0.004000400040004,0,0,0,0,0,0.0111011101110111,0,0,0,0,0,0,0,0,0.0633063306330633,0,0,0.005000500050005,0,0,0.0129012901290129,0,0,0,0,0.0067006700670067,0,0,0,0,0,0.0041004100410041,0,0,0,0,0,0,0,0,0,0,0,0,0,0,0,0,0,0,0,0,0,0,0,0,0,0.0028002800280028,0,0,0,0,0,0,0,0,0.0253025302530253,0,0,0,0,0,0,0.0011001100110011,0,0,0.002000200020002,0,0,0,0,0,0,0,0.0046004600460046,0.0095009500950095,0,0,0,0,0,0,0,0,0,0,0,0,0.002000200020002,0,0,0,0,0,0,0,0,0,0,0,0,0,0,0,0,0,0,0,0,0,0,0,0,0.0145014501450145,0,0.0323032303230323,0,0,0,0,0,0,0,0,0,0.0013001300130013,0,0,0,0.0037003700370037,0.0784078407840784,0,0,0,0,0.0027002700270027,0.005000500050005,0,0.0592059205920592,0.0354035403540354,0,0.0006000600060006,0,0,0,0,0,0,0,0,0,0.0014001400140014,0.0022002200220022,0,0,0,0.0017001700170017,0,0,0,0,0,0,0,0,0.0127012701270127,0.0271027102710271,0,0,0.278727872787279,0,0,0,0,0,0.0012001200120012,0.001000100010001,0,0,0.0368036803680368,0,0,0,0,0,0.0078007800780078,0,0,0,0,0,0,0,0.007000700070007,0,0,0.0062006200620062,0
0,0,0,0,0,0,9.99900009999e-05,9.99900009999e-05,0,0,0,0,0.0005999400059994,0,0.0146985301469853,0,0,0,0.0002999700029997,0,0.0003999600039996,0,0,0,0,0.264473552644736,0,0,0,0.0008999100089991,0,0,0,0.0440955904409559,0,0,0.0006999300069993,0,0,9.99900009999e-05,0,0,0,0,0,0.0012998700129987,0,0,0,0,0.0007999200079992,0,0,0,0,0,0,0.0005999400059994,0,0,0,0.0002999700029997,0,0,0,0,0,0,0.0004999500049995,0,0.0002999700029997,9.99900009999e-05,0,0,0,0,0,0,0,0,0,0.0007999200079992,0.0094990500949905,0,0.0065993400659934,0,0,0.0002999700029997,0,0,0,0,0.0232976702329767,0,0,0,0,0,0,0,0,0.0273972602739726,0,0,0,9.99900009999e-05,0,0,0,0,0,0.0022997700229977,0,0.0046995300469953,0,0,0,0,0,0,0,0,0,0.0001999800019998,0.0082991700829917,0,0,0,0,0,0,0,0,0,0.0010998900109989,0,0,0,0,0,0,0,0,0,0,0,0,0,9.99900009999e-05,0,0,0,0,0.0037996200379962,0,0,0,0,0,0,0,0,0,0,0,0,0,0.0001999800019998,0,0,0,0,0.0414958504149585,0,0,0,0.000999900009999,0,0,0,0,0,0,0,0,0,0,0,0,0,0,0.0023997600239976,0,0,0,0,0,0,0,0,0,0,0,0,0,0,0,0,0,0,0,0,0,0,0.0002999700029997,0,0,0,0,0.0006999300069993,0,0,0,0,0,0,0.0005999400059994,0,0,0,0,0,0,0,0,0,0,0,0,0,0,0,0,0,0,0,0.0001999800019998,0,0,0,0,0,0,0.0001999800019998,0,0,0,0,0.0008999100089991,0.0007999200079992,0,0,9.99900009999e-05,0,0.0011998800119988,0.0011998800119988,0,0,0,0.258974102589741,0,0,0,0,0.0005999400059994,0,0.0001999800019998,0,0,0.265673432656734,0,0,0,0,0,0.0043995600439956,0,0,0,0,0,0,0,0,0,0,0,0,0,0,0
0,0,0,0,0,0,9.9940035978413e-05,9.9940035978413e-05,0,0,0,0.000299820107935239,0,0,0.000499700179892065,0,0,0,0,0.00179892064761143,0,0.00179892064761143,0,0,0,0.305216869878073,0,0,0.00389766140315811,0.00299820107935239,0.00779532280631621,0,0,0.0191884869078553,0,0,0.0270837497501499,0.000699580251848891,0,0,0,0.000399760143913652,0,0,0,0.00349790125924445,0,0,0,0,9.9940035978413e-05,0.000199880071956826,0.000199880071956826,0,0.000799520287827304,0.000199880071956826,0,0,9.9940035978413e-05,0.000499700179892065,0.000199880071956826,9.9940035978413e-05,0,0,0,0.00209874075554667,0.000599640215870478,0,0,0.00569658205076954,0.000899460323805717,0,0.000999400359784129,0,0,0,0,0,0,9.9940035978413e-05,0,0.00719568259044573,0.0156905856486108,0,0.00379772136717969,0,0,0,0.000999400359784129,0.000699580251848891,0,0.000199880071956826,0,0,0,0,0,0,0.00209874075554667,0,0.00149910053967619,0,0,0,9.9940035978413e-05,0,0,0.118928642814311,0,0,0.00369778133120128,0,0,0.000199880071956826,0,0,0,0,0.0127923246052369,0,0,0,0,0,0.0388766739956026,0,0,0.00189886068358985,0.000599640215870478,0,0.000999400359784129,0.000299820107935239,0,0,0,0,9.9940035978413e-05,0,0,0,0.00269838097141715,0.000199880071956826,0.000599640215870478,0,0,0,0,0,0.000799520287827304,0,0.00299820107935239,0,0,0.00149910053967619,0,0,0,0,0,0.00129922046771937,0,0,0.000899460323805717,9.9940035978413e-05,0,0,0.000299820107935239,0,0,0,0.000199880071956826,0,9.9940035978413e-05,0,0,0,0.00149910053967619,9.9940035978413e-05,0.00269838097141715,0,0,0,0,0,0.004597241655007,0,0,0,0,0,0,0.00129922046771937,0,0,0.0205876474115531,0,0,9.9940035978413e-05,0,0,0,0,9.9940035978413e-05,0.00109934039576254,0,0.00289826104337398,0,0,0,0,0,0,0.00299820107935239,0,0,0.000599640215870478,0.000199880071956826,0,0.0520687587447531,0.000199880071956826,0.00879472316610034,0.000799520287827304,0,0,0,0,0.00859484309414351,0,0.00379772136717969,0.00109934039576254,0.00419748151109334,0,0.00369778133120128,0.00839496302218669,0,0,0.000399760143913652,0,0.000599640215870478,0,0,0.00119928043174096,0,0,0,0,0,0,0,0,0,9.9940035978413e-05,0,0,0,0,0,0,0.000799520287827304,0,0.000199880071956826,0,0.000199880071956826,9.9940035978413e-05,0,0,0,0,0,0.00559664201479113,0.000499700179892065,0,0.162402558464921,0,0,0,0,0,0.00249850089946032,0.0191884869078553,0,0,0.0586648011193284,0,0,0,0,0,0.00159904057565461,0,0,0,0,0.000199880071956826,0.000399760143913652,0,0.000699580251848891,0,0,0.00369778133120128,0
0,0,0,9.9940035978413e-05,0,0,0.000199880071956826,0,0,0,0,0,0,9.9940035978413e-05,0.0118928642814311,0,0,0,0,0,0,0.00219868079152508,0,0,0,0.252848291025385,0,0,0,0,0.0264841095342794,0,0,0.0195882470517689,0,0.000599640215870478,0.00239856086348191,0,9.9940035978413e-05,0,0,0,0,0.000899460323805717,0.000199880071956826,0.00199880071956826,0,0,0,0,0,0,0,0,0,0,0,0,0,0,0,0,0,0,0,0,0.0155906456126324,0,0,0,0,0,0,9.9940035978413e-05,0,0,0,0,0,0.000699580251848891,0,0,0,0,0,0.00149910053967619,0,0,0,0.00739556266240256,0,0,0.163401958824705,0,0,0,0,0,0.00399760143913652,0,0,9.9940035978413e-05,0,9.9940035978413e-05,0.000199880071956826,0,0,0.0320807515490706,0,0,0,0,0,0.0030981411153308,0,0,0,9.9940035978413e-05,0.00299820107935239,0,0,0,0,9.9940035978413e-05,0.00559664201479113,0,0,0,0,0.000799520287827304,0,0.00109934039576254,9.9940035978413e-05,0,0,0,0.0427743353987607,0,0,0,0,0,0,0,0,0,0,0,0,0.00109934039576254,9.9940035978413e-05,0,0,0,9.9940035978413e-05,0,0,0,0.000599640215870478,0,0,0,0,0,0,9.9940035978413e-05,0,0,0,9.9940035978413e-05,0,0,9.9940035978413e-05,0,0,0,0,0.000699580251848891,0,0,0,0,0,0,0.000199880071956826,0,0,0,0.000399760143913652,0,0,0.00239856086348191,0,0,0,0,0,0,0,0,0,0,0,9.9940035978413e-05,0.0184889066560064,0.00129922046771937,0,0,0,0,0,0,0,0,0,0,0,0,0.00779532280631621,0,0,0.000499700179892065,0,0,0,0,0,0,0.00729562262642415,0,0.00819508295022986,9.9940035978413e-05,0,0.0551668998600839,0,0,0,0,0,0,0,0,0,0,0,0,9.9940035978413e-05,0,0,0,0,0,0,0,9.9940035978413e-05,0.000399760143913652,0.00139916050369778,0,0,0,0,0,0,0,0,0,0,0,0,0,0,0,0.0157905256845892,0,0,0,0,0,9.9940035978413e-05,0.234059564261443,9.9940035978413e-05,0,0.0148910653607835,0,0,0,0,0,9.9940035978413e-05,0.00269838097141715,0,0,0,0,0.0177893264041575,0,0,0.00109934039576254,0,0.00509694183489906,0
0,0,0,1e-04,0,0,0,0,2e-04,0,0,0,0,0,0,0,0,0.0021,0,0,0,0,0,0.0011,0,0,0,0,0,0.0063,0.0604,0,0,0.0018,0,0,0.0118,0.0223,0,0,0,3e-04,0,0,0,0,0,0,4e-04,0,0,0,0,0,0,0,0,0,0,0,0,0,0,0,0.0062,0,0.0542,1e-04,0,0,0,0,0,0,0,0,0,0,0,0,0,0,0.0499,0,0,6e-04,0.0299,0,0,0,0,0,0,0,0,3e-04,0,0,0,0,0.0047,0.0029,0,0,0,0,0,0,0,0,0,0,0,0,0,0.0056,0,1e-04,0.0406,0,0,0,0,0,0,0,0.0084,0,0,0,0,0,0,0,0,0.0018,0.0097,0,0,0,0,0,0,0,0,0,0,0,0,0,0.0082,0,5e-04,0,3e-04,0,0,0,0,0.0074,0,0,0,0,0,1e-04,0,2e-04,0,0,0.0016,0,0,2e-04,1e-04,0,0,0,0.0403,0,0,0,0,0,0,0,0,0,0,0,0,0,0,0,0,0,0,0,0,0,0,2e-04,0,0,0,0.0057,0.0014,0,0,0.007,0,0,0,0,0,0,0,0,0.0311,0,0,0,0,9e-04,0,0,0,0,0.0248,0.0029,0,0,0,0.0336,0,0,0,0,0,0,0,0,1e-04,0,6e-04,0,0,0,6e-04,0,0,8e-04,0,0,0,0.0039,5e-04,0,0,0.0091,0,0.011,0,0,0,0,0,0.0511,5e-04,0,0,0,0.0294,0,2e-04,0,0,0,0,0.3936,0,0,0,0,0,0,0,0,0.0103,0,0,0,0,0,0,0,0,0,0,0,0
0,0,0,0,0,0,0.0002999400119976,0,0,0,0,0.000899820035992801,0,0,0.0127974405118976,0.0030993801239752,0,0,0,0,0,0,0.000499900019996001,0,0,0.171865626874625,0,0,0.010497900419916,0,0,0,0,0.00659868026394721,0.0017996400719856,0,0.00699860027994401,0,0,0,0,0,0,0,0,0.00669866026794641,0,0,0.0001999600079984,0,0,0,0,0,0,0,0,0,0.0002999400119976,0,0,0,0.0001999600079984,0,0,0.0001999600079984,0,0,0,0,0,0,0,0,0.00409918016396721,0.0166966606678664,0,0,0,0,0,0.0013997200559888,0,0,0,0.0010997800439912,0,0,0.0020995800839832,0,0.0781843631273745,0.0020995800839832,0.0391921615676865,0,0,0,0.0011997600479904,0,0,0,0.0027994401119776,0.000999800039992002,0,0,0,0,0,0.0871825634873025,0,0,0.0021995600879824,0,0,0,0,0,0,0.0023995200959808,0.000399920015996801,0,0,0,0,0.000399920015996801,0.00699860027994401,0,0.00499900019996001,0,0,0,0,0,0,9.99800039992002e-05,0,0.00809838032393521,0,0,0,0,0,0.0013997200559888,0,0,0,0,0,0,0,0,0,0,0.000799840031993601,0,0,0,0,0,0,0,0,0,0,0,0,0,0.0015996800639872,0,0,0.0300939812037592,0,0,0.0018996200759848,0,0,0,0,0,0,0,0,0,0,0,0,0.0105978804239152,0.00399920015996801,0,0,0,0,0.00419916016796641,0.0026994601079784,0,0,0.000399920015996801,0.0020995800839832,0,0,0,0,0,0,0,0,0,0,0,9.99800039992002e-05,0.0145970805838832,0,0,0,0,0,0,0,0,0,0,0,0,0,0,0,0,0,0,0,0,0,0,0,0.0772845430913817,0,0,0,0,0.0030993801239752,0.001999600079984,0,0.0691861627674465,0.0263947210557888,0,0,0,0,0.000699860027994401,0,0,0.0243951209758048,0,0,0,0,0,0,0,0,0,0,0,0,0,0,0,0,0,0,0.00869826034793041,0,0,0.017996400719856,0,0.0018996200759848,0,0,0,0,0.193461307738452,0,0,0.00689862027594481,0,0,0,0,0,0,0,0,0,0,0,0,0,0,0,0,0.00789842031593681,0
0,0,0,0,0,0,9.99800039992002e-05,0.00449910017996401,0,0,0,0,0,9.99800039992002e-05,0,0,0,0,0,0,0,0,0,0.0011997600479904,0,0.20745850829834,0,0,0.012997400519896,0,0.00669866026794641,0,0,0.0020995800839832,0,0,0.0001999600079984,0.00349930013997201,0,0,0,0,0,0.000999800039992002,0,0.00889822035592881,0,0,0,0,0,0,0,0,0,0,0,0,0,0.0161967606478704,0,0,9.99800039992002e-05,0,0.0018996200759848,0,0.0121975604879024,0,0,0.00669866026794641,0,0,0,9.99800039992002e-05,0,0,0,0,0,0,0,0,0,0,0.00479904019196161,0,0.0001999600079984,0,0,0.000999800039992002,0.001999600079984,0.0830833833233353,0,0,0,0,0,0,0,0,0,0.00379924015196961,0,0,0,0,0.0156968606278744,0.270245950809838,0,0,0,0,0,0,0,0,0,0,0.00869826034793041,0,0,0,0,9.99800039992002e-05,0.0023995200959808,0,0,0.0010997800439912,0,0,0,0.0016996600679864,0,0,0,0,0,0,0,0,0,0,0,0,0,0,0,0,0,0,0,0,0,0,0,0,0,0,0.0013997200559888,0.00669866026794641,9.99800039992002e-05,0,0,0,0,0,0,0,0,0,0,0,0,0,0,0,0,0,0.0494901019796041,0,0,0,0,0,0.000799840031993601,0,9.99800039992002e-05,0,0,0,0,0.0018996200759848,0.000799840031993601,0,0,0,0,0,0,0,0,0,9.99800039992002e-05,0,9.99800039992002e-05,0,0,0,0,0.0012997400519896,0,0,0,0,0,0,0.0311937612477504,0,0,0.000499900019996001,0.0416916616676665,0,0,0,0,0,0,0,0,0,0.010497900419916,9.99800039992002e-05,0,0.0216956608678264,0,0,0,0,0,0,0,0,0,0,0,0,0,0,0,0,0,0,0,0,0,0,0,0,0.000599880023995201,0,0,0,0,0,0,0,0,0.0825834833033393,0,0.000899820035992801,0,0.0002999400119976,0,0,0.00349930013997201,0,0,0,0,0.0443911217756449,0,0,0.00629874025194961,0,0,0,0,0,0.0016996600679864,0,0,0,0,0,0,0,0.00979804039192162,0,0,0.000699860027994401,0
0,0,0,0,0,0,0.000199940017994602,0,0,0,0,0.000199940017994602,0,0,9.99700089973008e-05,9.99700089973008e-05,0,0,0,0,0,0.0123962811156653,0,0,0.00109967009897031,0.00899730080975707,0,0,0.000299910026991902,0,0.0413875837248825,0,0.00359892032390283,0.00819754073777867,0,0.0128961311606518,0.000399880035989203,0.0455863241027692,0,0,0,0.000999700089973008,0.0168949315205438,0,0,0.0985704288713386,0,0,0,0,0,0,0.000199940017994602,0,0,0,0,0,0,0,0,0,0,0,0,0,0.00189943017094872,0,9.99700089973008e-05,0,0.0450864740577827,0,0,0,0,0,0,0,0,0.0480855743277017,0.000299910026991902,0,0.0101969409177247,0,0,9.99700089973008e-05,0.000199940017994602,0,0,0.00709787063880836,0,0,0.000199940017994602,0,0,9.99700089973008e-05,0,0,0.00769769069279216,0,0,9.99700089973008e-05,0,0.000399880035989203,0.00169949015295411,0,0,0.0154953513945816,0,0,0,0.00189943017094872,0,0.00549835049485154,0.000499850044986504,0,0,0,0.0101969409177247,0,0,0,0,0,0.00159952014395681,0,0,0,0,0,0,0,0,0,0,0.000999700089973008,0.000999700089973008,9.99700089973008e-05,0,0,9.99700089973008e-05,0,0.000799760071978406,0,0,0,0,0,9.99700089973008e-05,0,0.00749775067479756,0.00309907027891633,0,0,0,0,0,0,0,0.0214935519344197,0,0,0.00149955013495951,0,0,0,0.000799760071978406,0,0,0.00109967009897031,0,0,0.00779766070178946,0,0,0,0,0.0462861141657503,0,0,0,0,0,0,0,0,0,0,0,0,0,0.0199940017994602,9.99700089973008e-05,0,0.000799760071978406,0,0.000399880035989203,0.00269919024292712,0,0,0,0.000899730080975707,0,0,0.0771768469459162,0.000299910026991902,0,0,9.99700089973008e-05,0,0,0,0,0,0.00359892032390283,0.00179946016195141,0,0,0.00749775067479756,0,0,0,0,0,0,9.99700089973008e-05,0,0,0.00709787063880836,0,0.0223932820153954,0,0.000599820053983805,0.00439868039588124,0,0,0,0,0.00309907027891633,0,0,0.00519844046785964,0,0,0,0,0,0,0,0,0,0,0,9.99700089973008e-05,0,0.00179946016195141,0,0,0.000399880035989203,0,0.000999700089973008,0,0,0.000199940017994602,0,0,0,0,0,9.99700089973008e-05,0.000199940017994602,0,0.000699790062981106,0,0,0,0,0,0.00149955013495951,0.285014495651305,0,0,0.0237928621413576,0,0,0,0,0,0,0.00569829051284615,0.00329901029691093,0,0,0.000199940017994602,0.00379886034189743,0,0.000399880035989203,0.00219934019794062,0,0.00809757072878137,0
0,0,0,0,0,0.000199820161854331,0,0,0,0,0.000299730242781497,0,0,0,0,0,0,0,0,0,0,0.0060945149365571,0,0,0,0.0507543211110001,9.99100809271655e-05,0,0,0,0.0583474872614647,0,0,0.015086422220002,0,0,0.0127884903586772,0.0031971225896693,0.000299730242781497,0,9.99100809271655e-05,0,0,0.00439604356079528,0,0.0211809371565591,0,9.99100809271655e-05,0,9.99100809271655e-05,0,0,0,0,0.011489659306624,0,0,0,0,0,0.000399640323708662,0.00729343590768308,9.99100809271655e-05,0,0,0,0.0193825556998701,0,0,0,0.00249775202317914,0,0,0.000999100809271655,0,0,0,0,0,0.000199820161854331,0.000999100809271655,0,0.0847237486262364,9.99100809271655e-05,0.0657408332500749,0,0.0128884004396044,0,9.99100809271655e-05,0.00369667299430513,0,0.00249775202317914,0.00129883105205315,0,0.00409631331801379,0,0,0,0.00949145768808073,0,0,0,0,0.00159856129483465,0.00369667299430513,9.99100809271655e-05,0,0,0,0,0,0.0031971225896693,0,0.00909181736437207,0,0,0,0,0.0100909181736437,0,0,0,0,9.99100809271655e-05,0.0513537815965631,0.000799280647417324,0,0,0.000199820161854331,0,0.00339694275152363,0.0268758117694075,0,0,0,0,9.99100809271655e-05,0,0,0,0.0057947846937756,0,0,0,0,0,0.00129883105205315,0,0,0,0.00359676291337796,0.00399640323708662,0,0.000599460485562993,9.99100809271655e-05,0,0,0,0,0.025976621041063,0,0,0.000399640323708662,0.0264761714456989,0,0,0,0,0,0,0.000199820161854331,0,0,0,0,0,0,0.0462583674692777,0.00459586372264962,0.000399640323708662,0,0,0,0,0.00509541412728544,0,0,0,0,0,0,0.00819262663602758,9.99100809271655e-05,0,0,0,0,0,0,0,0,0,0,0,0,0.00309721250874213,0,0,9.99100809271655e-05,9.99100809271655e-05,0,0,0,0.000399640323708662,0.00149865121390748,0,0,0.00459586372264962,0.0538515336197422,0.000799280647417324,0,0.00169847137576181,0,0,0,0,0.00139874113298032,0,0.0092916375262264,0.000199820161854331,0.0236786891797382,0,0,0.0089919072834449,0,0,0,0,0,0,0,0,0,0,0,0,0,0,9.99100809271655e-05,0,0.00729343590768308,0,0.00509541412728544,0,0.0028973923468878,0.00199820161854331,0.00159856129483465,0,0.00769307623139175,0.0317714057348386,0,0,0,9.99100809271655e-05,0,0,0,0,0,0.00219802178039764,0,0.00799280647417324,0.0647417324408033,0,0,0,0,0,0.00269757218503347,0,0,0,0.0376661005095414,0,0,0,0,0,0,0.000699370566490159,0,0,0,0,0.0365670896193426,0,0,0,0,0.0344689779198721,0
0.00100030009002701,0,0,0,0,0,0.00190057017105132,0,0,0,0,0,0,0,0.0285085525657697,0.00490147044113234,0.000500150045013504,0,0,0,0,0.00300090027008102,0,0,0,0.0109032709812944,0,0,0.000500150045013504,0,0.0181054316294888,0,0,0.00490147044113234,0.000500150045013504,0,0.022406722016605,0,0,0,0,0,0,0,0,0.0324097229168751,0,0,0,0,0,0,0,0,0,0,0,0,0,0,0,0,0,0,0,0.0102030609182755,0.00440132039611884,0,0,0,0.00700210063018906,0,0,0,0,0,0,0,0,0.0163048914674402,0,0.00100030009002701,0.0173051915574672,0,0,0.00880264079223767,0.000800240072021606,0,0.00100030009002701,0.00860258077423227,0,0.00230069020706212,0.00370111033309993,0,0.0131039311793538,0.000600180054016205,0,0,0.00720216064819446,0,0.00120036010803241,0.00930279083725117,0,0,0,0,0.0140042012603781,0.0124037211163349,0,0.000200060018005402,0,0,0,0.00370111033309993,0,0,0,0.00690207062118636,0.000900270081024307,0,0,0,0,0,0.0349104731419426,0,0,0,0,0,0.00590177053115935,0.0103030909272782,0,0,0,0,0.000200060018005402,0,0,0,0,0,0,0,0,0,0,0,0,0.00860258077423227,0.00160048014404321,0,0,0,0.000100030009002701,0,0,0,0,0.0159047714314294,0,0,0,0.0249074722416725,0,0.000100030009002701,0,0,0,0.00160048014404321,0,0,0.000100030009002701,0,0,0,0,0.0121036310893268,0.000300090027008102,0,0,0,0,0,0,0.00210063018905672,0,0,0,0,0,0.00410123036911073,0.000100030009002701,0,0,0,0,0,0,0,0,0,0,0.000300090027008102,0.000100030009002701,0.000400120036010803,0,0.000100030009002701,0.000200060018005402,0.00120036010803241,0,0,0,0,0.000200060018005402,0,0.00240072021606482,0.0138041412423727,0.0154046213864159,0,0,0,0,0,0,0.00100030009002701,0,0,0,0,0.0256076823046914,0,0,0.0808242472741822,0,0,0,0,0,0,0,0.00630189056717015,0,0,0,0.00200060018005402,0,0.000700210063018906,0,0,0,0.000300090027008102,0,0,0.000700210063018906,0.000500150045013504,0.00130039011703511,0,0,0.0243072921876563,0,0,0,0.000100030009002701,0,0,0,0,0,0.000800240072021606,0,0,0.147344203260978,0,0,0,0,0,0.000300090027008102,0.213263979193758,0,0,0.037111133340002,0,0,0,0,0,0,0.00210063018905672,0,0,0,0,0.00620186055816745,0,0.00250075022506752,0,0,0.00920276082824847,0
0,0,0,0,0,0,0.0026005201040208,0,0,0,0,0,0,0.00460092018403681,0.00510102020404081,0,0,0,0,0,0.0021004200840168,0.00540108021604321,0,0.0026005201040208,0,0.372274454890978,0.0001000200040008,0,0.0014002800560112,0,0,0,0,0.00500100020004001,0,0,0.002000400080016,0,0,0,0,0,0,0.00350070014002801,0,0.0026005201040208,0,0,0,0,0,0,0,0,0,0,0,0.0003000600120024,0,0,0.0001000200040008,0.0003000600120024,0,0,0.0299059811962392,0,0.0118023604720944,0,0,0,0,0,0,0,0,0,0,0,0,0.00620124024804961,0,0.001000200040008,0,0,0.0001000200040008,0,0,0,0,0,0.0773154630926185,0,0.000800160032006401,0,0,0,0,0,0,0,0,0,0,0,0.0001000200040008,0,0,0.105621124224845,0,0,0,0,0,0.0133026605321064,0,0,0,0,0.0142028405681136,0,0,0,0,0.00330066013202641,0.0127025405081016,0.00850170034006801,0,0,0,0,0.0001000200040008,0.0022004400880176,0,0,0,0,0.176535307061412,0,0.00350070014002801,0,0.0014002800560112,0.0001000200040008,0,0,0,0,0,0,0,0,0.000800160032006401,0,0,0.000500100020004001,0,0,0,0,0,0.000700140028005601,0,0,0,0,0,0,0,0,0,0,0,0,0.0001000200040008,0,0,0,0,0,0.00950190038007601,0,0,0,0,0,0,0,0,0,0,0,0,0.00540108021604321,0,0,0,0,0,0,0,0,0.0001000200040008,0,0,0,0,0,0,0,0,0.001500300060012,0,0.00860172034406881,0,0,0,0,0.00630126025205041,0,0.0001000200040008,0.000600120024004801,0,0,0,0,0,0,0,0,0.00770154030806161,0,0,0,0,0.0383076615323065,0,0,0,0,0,0,0,0,0,0,0,0,0.0124024804960992,0.0001000200040008,0,0,0.000400080016003201,0,0,0,0,0,0.0002000400080016,0,0,0,0,0.000700140028005601,0,0,0,0,0,0,0,0,0,0,0,0,0,0,0,0,0,0.0012002400480096,0.000400080016003201,0,0.011502300460092,0,0,0,0.000800160032006401,0,0.00830166033206641,0.0012002400480096,0,0,0,0,0,0,0,0,0,0.00390078015603121,0
0,0,0,0,0,0,0.0002000200020002,0,0.086008600860086,0,0,0.0003000300030003,0,0,0.0001000100010001,0.0015001500150015,0.005000500050005,0,0,0.0021002100210021,0,0,0,0.0003000300030003,0,0.0613061306130613,0,0.0006000600060006,0.0004000400040004,0.0004000400040004,0,0,0,0.0028002800280028,0,0,0.0009000900090009,0.0103010301030103,0.0011001100110011,0,0,0.0025002500250025,0,0,0,0.0081008100810081,0,0,0,0,0.0004000400040004,0,0,0,0,0.0009000900090009,0,0.0001000100010001,0.0019001900190019,0,0,0,0,0,0,0,0.0034003400340034,0,0,0,0,0.0002000200020002,0,0.0415041504150415,0,0,0,0,0,0.0085008500850085,0,0,0.0027002700270027,0,0,0.0001000100010001,0.0001000100010001,0,0.0002000200020002,0.0058005800580058,0,0.0006000600060006,0.0008000800080008,0,0,0.0005000500050005,0,0,0.0006000600060006,0,0,0.0023002300230023,0,0,0,0,0.017001700170017,0.0142014201420142,0,0,0,0,0,0.0145014501450145,0,0,0.0001000100010001,0.0004000400040004,0.0052005200520052,0.0006000600060006,0,0,0.0012001200120012,0.0002000200020002,0.0068006800680068,0,0,0.0014001400140014,0,0,0.0039003900390039,0.0737073707370737,0.0099009900990099,0.0001000100010001,0,0,0.0002000200020002,0.0002000200020002,0.0125012501250125,0,0.0002000200020002,0,0,0,0,0,0,0,0,0.0092009200920092,0.0013001300130013,0,0,0,0.0001000100010001,0,0,0,0,0,0,0.0004000400040004,0,0.0248024802480248,0,0,0.0003000300030003,0.0001000100010001,0,0.0005000500050005,0.0002000200020002,0,0,0,0,0,0.0011001100110011,0.0151015101510151,0,0,0,0,0,0,0.0047004700470047,0.0002000200020002,0,0.0001000100010001,0,0,0,0.0189018901890189,0.0002000200020002,0,0,0.0002000200020002,0,0,0,0.0164016401640164,0,0,0.0001000100010001,0,0,0.0008000800080008,0,0.0001000100010001,0.0002000200020002,0.0001000100010001,0.0001000100010001,0,0,0.001000100010001,0.0037003700370037,0,0.0061006100610061,0.0026002600260026,0.0065006500650065,0,0,0,0,0,0,0,0,0,0.0138013801380138,0.0002000200020002,0.0154015401540154,0,0.0017001700170017,0.0161016101610161,0.0001000100010001,0,0,0,0.0021002100210021,0,0,0.0067006700670067,0,0,0.0001000100010001,0,0,0,0,0,0,0,0,0,0.0001000100010001,0.0003000300030003,0.0001000100010001,0,0.0005000500050005,0,0,0,0,0.0001000100010001,0.0001000100010001,0,0,0,0,0.0015001500150015,0.0009000900090009,0,0.0221022102210221,0.0001000100010001,0,0,0,0,0.0001000100010001,0.34963496349635,0,0.0025002500250025,0.0255025502550255,0,0,0,0,0,0.0019001900190019,0,0,0,0,0,0.0039003900390039,0,0.0007000700070007,0,0,0.0018001800180018,0
0,0,0,0,0,0,9.99900009999e-05,0,0,0,0,0.0007999200079992,0,0,0,0,0,0,0,0,0,0,0,0,0,0.130786921307869,0,0,0.0013998600139986,0.0142985701429857,0,0,0,0.0061993800619938,0,0,9.99900009999e-05,0,0.0005999400059994,0,0,0.0018998100189981,0.0262973702629737,0.0005999400059994,0,0.0062993700629937,0,0,0,0,0,0.0002999700029997,0,0,0.0002999700029997,0,0,0.0005999400059994,0,0,0,9.99900009999e-05,9.99900009999e-05,0,0.0001999800019998,0.0002999700029997,0.0101989801019898,0.0028997100289971,0,0,0.0001999800019998,0,0,0.0002999700029997,0,0.032996700329967,0,0,0,0,0,0,0,0,9.99900009999e-05,0,0,0,0.0006999300069993,0.0006999300069993,0,0,0.0020997900209979,0,0.0145985401459854,0,0,0,0.0048995100489951,0,0,0.0027997200279972,0,0,9.99900009999e-05,0,0,0.171982801719828,0.0054994500549945,0,0.0040995900409959,0,0.0080991900809919,0.0082991700829917,0.0005999400059994,0,0,0,0.0001999800019998,0,0,0,0,0.0035996400359964,0.0022997700229977,0,0,0,0,0,0.0003999600039996,0,0,0,0,0,0.0020997900209979,0,0,0,0.266573342665733,0,0.0034996500349965,0,0,0,0,0,0,0,0.0005999400059994,0.0008999100089991,0,0,0,0,0,0,0.000999900009999,0,0,0,0.0002999700029997,0,0,0,0,0.0005999400059994,0,0,0,0,0,0,0,0,0,9.99900009999e-05,0,0,0,0,0,0,0,0,0,0,0,0,0,0.0021997800219978,9.99900009999e-05,0,0,0,0,0,0,0,0.0133986601339866,0.0038996100389961,0,0,0,0,0,0,0.0002999700029997,9.99900009999e-05,0,0,0.0004999500049995,0,9.99900009999e-05,0,0,0.0001999800019998,9.99900009999e-05,0.0010998900109989,0,0,0,0,0,0.0005999400059994,0,0,0.0002999700029997,0,0,0,0,0.0358964103589641,0,0,0,0,0,0,0,0.0600939906009399,0,0,0,0,0,0,0,0,0.0023997600239976,0,0,0,0,0.0005999400059994,0,0,0,0.0002999700029997,0,0,0,0.0001999800019998,0,0,0,0,0,0,0,0,0.129187081291871,0,9.99900009999e-05,0,0,0,0,0.0001999800019998,0,0,0.0001999800019998,0,0,0,0,0,0,0,0,0,0,0,0.002999700029997,0,0,0,0,0.0002999700029997,0
0,0.00109934039576254,0,0,0.000199880071956826,0,0.00329802118728763,0.00209874075554667,0,0,0,0,0,0,0,0,0,0,0,0,0,0.00509694183489906,0,0.00839496302218669,0,9.9940035978413e-05,9.9940035978413e-05,0,0.0251848890665601,0.00119928043174096,0,0,0,0,0,0,0,0.0122926244253448,0,0,0,0,0,0,0,0.000599640215870478,0,0,0,0,0.00249850089946032,0,0,0,0,0,0,9.9940035978413e-05,0,0.000999400359784129,0,0,0,0,0,0,0.00579652208674795,0,0.000299820107935239,0.00329802118728763,0.00149910053967619,0,0,0,0,0,0,0,0,0.0121926843893664,0,0.000199880071956826,0.000599640215870478,0,0,0,0.000299820107935239,0,0,0,0,0.0101938836697981,0.327503497901259,0,0,0,0,0,0,0,0,0,0,9.9940035978413e-05,0,0.000199880071956826,0,0.285628622826304,0,0.00299820107935239,0,0,0,9.9940035978413e-05,0,0,0,0,9.9940035978413e-05,0,0,0,0,0,0,0,0,0,0,0,0.00109934039576254,0,0,0.0247851289226464,0,0,0,0,0,0.000399760143913652,0.021786927843294,0,0,0,0.0119928043174096,0,0.00259844093543874,0,0,0,0,0.000199880071956826,0,9.9940035978413e-05,0,0,0,0,0,0,0,0,0,0,0,9.9940035978413e-05,0,0,0,0,0.000799520287827304,0,0,0,9.9940035978413e-05,0,0,0,9.9940035978413e-05,0,0,0,0,0,0.000199880071956826,0,0,0,0,0.000399760143913652,0.00139916050369778,0.000199880071956826,0,0,0,0,0,0,0,0,0,0,0,0,0,0.000699580251848891,0.00149910053967619,0,0,0.0259844093543874,0,0,0,0,0,0,0,0.015490705576654,0,0,0.00549670197881271,0,0,0,0,0,0,0,0,0.000299820107935239,0.00709574255446732,0,0,0,0,0,0,0,0,0,9.9940035978413e-05,0,0,0,0,0.00179892064761143,0,0,0,0,0,0,0,0,0,0.000199880071956826,0,0,0,9.9940035978413e-05,0,0,0,0.000399760143913652,0.000699580251848891,0,0,0,0,0.0379772136717969,0,0.00389766140315811,0,0,0.000699580251848891,0,0,9.9940035978413e-05,0,0.112632420547671,0,0,0.00369778133120128,0,0,0,0,0.000599640215870478,0,0,0,0,0,0,0,0,0,0,0,0,0
0,0,0,0,0,0,0.000699860027994401,0,0,0,9.99800039992002e-05,0,0,0.0002999400119976,0.0680863827234553,0,0,0,0,0,0,0,0,0.0015996800639872,0,0.18496300739852,0,0,0.00659868026394721,0.00409918016396721,0,0.0016996600679864,0,0,0,0,0,9.99800039992002e-05,0,0,0,0,0,0.001999600079984,0,0,0,0,0,0,0,0,0,0,0,0,0.0002999400119976,0,0,0,0,0,0,0,0,0,9.99800039992002e-05,0,0.0030993801239752,0,0,0,0,0.000499900019996001,0,0,0,0,0,0,0,0,0,0,0,0,0,0,0.000599880023995201,0.00559888022395521,0.002999400119976,0.0017996400719856,0.0376924615076985,0,0,0,0,0,0,0,0,0,0,0,0,0,0.0017996400719856,0.0288942211557688,0,0,0,0,0,0,0,0,0,0,0.001499700059988,0,0,0,0,0.00389922015596881,0.0111977604479104,0,0,0,0,0,0,0,0,0,0,0,0.207158568286343,0,0,0,0,0,0,0,0,0,0,0,0,0.0023995200959808,0,0,0,0,0,0,0,0,0,0,0,0,0,0,0,0,0,0,0,0,0,0,9.99800039992002e-05,0,0,0,0,0,0,0,0,0,0,0,0,0.0016996600679864,0,0,0,0,0,0.00349930013997201,0,0,0,9.99800039992002e-05,0.0012997400519896,0,0,0,0,0,0,0,0.0732853429314137,0,0,0,0,0.0002999400119976,0,0,0,0,0,0,0,0,0,0,0.0001999600079984,0,0,0,0,0,0,0,0,0,0,0,0,0.00709858028394321,0,0,0,0,0,0.0028994201159768,0,0,0,0,0,0,0,0,0,0,0.000399920015996801,0,0,0,0,0,0,0,0,0,0,0,0,0,0.0001999600079984,0,0,0,0,0.184163167366527,0,0,0.0300939812037592,0,0.00339932013597281,0,0,0,0,0.105378924215157,0,0,0.0020995800839832,0,0,0,0,0,0,0,0,0,0,0,0.0022995400919816,0,0,0,0,0.0016996600679864,0
0,0,0,0,0,0,0.00699510342760068,0,0,0,0,0,0,0,0.0298790846407515,0,0.00729489357449785,0,0,0,0,0,0,0.000199860097931448,0,0.0454681722794044,0,0,0.00309783151793744,0.000599580293794344,9.9930048965724e-05,0,0,0.00109923053862296,0.00119916058758869,0,0,0,0,0,0,0.00109923053862296,0,0,0.000199860097931448,0.000799440391725792,0,0,0,9.9930048965724e-05,9.9930048965724e-05,0,0,0,0,0.00149895073448586,0,0,0,0.00269811132207455,0,0,9.9930048965724e-05,0,0,0,0.0099930048965724,0,0,0.0109923053862296,0,0,0,0,0,0,0,0,0,0,0,0.00269811132207455,9.9930048965724e-05,0,0,0.000899370440691516,0,0,0.000299790146897172,0,0,0.000199860097931448,0.00139902068552014,0,0,0.0219846107724593,0,0,0,0,0,0,0,0,0.000199860097931448,0,0,0.0245827920455681,0,0,0.00319776156690317,0,0,0.00099930048965724,0,0.00099930048965724,0.00269811132207455,0.000399720195862896,0.0020985310282802,0.00109923053862296,0,0,0,9.9930048965724e-05,0.000599580293794344,0,0,0.00119916058758869,0,0,0.000199860097931448,0,9.9930048965724e-05,9.9930048965724e-05,0,0,9.9930048965724e-05,0,0,0,0,0.000299790146897172,0,0,0,0,0.00109923053862296,0,0,0,0,0,0,9.9930048965724e-05,0,0,0,0,0,0,0,0,0,0,0,9.9930048965724e-05,0.00319776156690317,0,0,0.00159888078345158,0,0,0.0053962226441491,0,0,0,0.000899370440691516,0.000399720195862896,0.000199860097931448,0,0,0,0,0,0,0,0,0,0,0.000699510342760068,0.00169881083241731,0.00439692215449186,0.000299790146897172,0,0,9.9930048965724e-05,0,0,0,0.0227840511641851,0,0,0,9.9930048965724e-05,0,0.00229839112621165,9.9930048965724e-05,0,9.9930048965724e-05,0.000299790146897172,0.000799440391725792,0,0,9.9930048965724e-05,0,0.00049965024482862,0,0,0.00359748176276606,0,0,9.9930048965724e-05,0,0,0,0,0,0,0,0.000199860097931448,9.9930048965724e-05,0.000699510342760068,0.000799440391725792,0.011591885680024,0,0,0,0,0.000399720195862896,0,0,0,0,0,0,0,9.9930048965724e-05,0,0,0,9.9930048965724e-05,0,0,0,0,0.0024982512241431,0.00119916058758869,0,0,0,0,0,0,0,0,0,0.000699510342760068,0,0,0.720895373238733,0,0,0.00929349455381233,9.9930048965724e-05,9.9930048965724e-05,0,0,0,0,9.9930048965724e-05,0,0.000199860097931448,0.0045967822524233,0,0,0,0,9.9930048965724e-05,0.000199860097931448,0.00049965024482862,0,0,0,0.000199860097931448,0.000199860097931448,0,0.00319776156690317,0,0,0.000899370440691516,0
0,0,0,0,0,0,9.9940035978413e-05,0,0,0,0,0,0,0,0,0,0,0,0,0,0.00679592244653208,0.00299820107935239,0,0,9.9940035978413e-05,0.243553867679392,9.9940035978413e-05,0,0.00429742154707176,0,0.00559664201479113,0,0,0,0,0,0,0.0076953827703378,0,0,0,0,0,0.00109934039576254,0,0.0374775134919049,0,9.9940035978413e-05,0,0,0,0,0,0,0.00139916050369778,0,0,0,0,0.000299820107935239,0,0,0,0,0,0,0.00349790125924445,0,0,0.00479712172696382,0,0,9.9940035978413e-05,0,0,0,0,0,0,0.00389766140315811,0,0,0.00889466320207875,0,0.0272836298221067,0.00149910053967619,0,0.00959424345392764,0,0,0,9.9940035978413e-05,0,0,0,0.000199880071956826,0,0,0.00189886068358985,0,0,0,0,0,9.9940035978413e-05,0,0.00239856086348191,0.030981411153308,0,0.00259844093543874,0,0,0,0.00819508295022986,9.9940035978413e-05,0,0,0,0.00129922046771937,0,0,0,0,0.00239856086348191,0,0,0,0,0.000399760143913652,0,0.0113931641015391,0.115530681591045,0,0,0,0,0,0,0.00199880071956826,0,0.000799520287827304,0,0,0,0,0,0.0022986208275035,0.000199880071956826,0,0,0.00219868079152508,0.0131920847491505,0,9.9940035978413e-05,0,0,0,0,0,0.00329802118728763,0,0,0,0.180891465120927,0,0,0,0,0,0,9.9940035978413e-05,0,0,0,0,0,0,0.00609634219468319,0.00479712172696382,0,0.000599640215870478,0,0.000499700179892065,0,0.00259844093543874,0,0,0,0,0,0,0,0.000599640215870478,0,0,0,0,9.9940035978413e-05,0,0,0,0,0,0,0.0159904057565461,0.000999400359784129,9.9940035978413e-05,0,0,0.000399760143913652,0,0,0,0.000599640215870478,0.00239856086348191,0,0.00179892064761143,0.000599640215870478,0,0.000999400359784129,0,0.000299820107935239,0,0,0,0,0,0,0,0,0.00719568259044573,0,0,0.00679592244653208,0,0,9.9940035978413e-05,0,0,0,0,0,0,0,0,9.9940035978413e-05,0,0,0,0,0,0.000399760143913652,0.00389766140315811,0,0.000899460323805717,0.00139916050369778,0.00139916050369778,0,0.00159904057565461,0.00469718169098541,0.000299820107935239,0,0,0.00109934039576254,0,0,0,0,0.000199880071956826,9.9940035978413e-05,0,0.0144913052168699,0.0236857885268839,9.9940035978413e-05,0,0,0,0,9.9940035978413e-05,0.10893463921647,0,0,0.0192884269438337,0,0,0,0,0,0.00269838097141715,0.00349790125924445,0,0,0,0,9.9940035978413e-05,9.9940035978413e-05,0,0,0,0.00349790125924445,0
0,0,0.000399880035989203,0,0,0,0,0,0,0,0,0,0,0,0,0,0,0,0,0,0,0.0349895031490553,0,0.000199940017994602,0,0,0,0,0.00559832050384884,0.020593821853444,0,0,0,0,0,0,0.00239928021593522,0,0,0,0,0,0,0,0,0,0,0,0,0,0,0,0,0,0,0,9.99700089973008e-05,0.000499850044986504,0.00299910026991902,0,0,0,0,0,0,0,0,0,0,0.0469859042287314,0,0,0,0,0,0,0,0,0,0,0,0,0,0,0,0.00319904028791363,0,0,0,0,0.00309907027891633,0.00229931020693792,0.00219934019794062,0,0,0.000199940017994602,0,0,0,9.99700089973008e-05,0,0.00199940017994602,0.00259922023392982,0,0,0,0,0,0,0.00169949015295411,0,0,0,0,0,0,0.000199940017994602,0,0,9.99700089973008e-05,0,0,0,0.00479856043187044,0.0623812856143157,0,0.0314905528341498,0,0,0,0,0,0,0.000799760071978406,0,0,0,0,0,0,0.0118964310706788,0,0,0,0,0,0,0,0,0.00759772068379486,0,0,0,0.00689793062081376,0,0,0,0,0,0,0,0,0,0,0,0,0,0,0,0.000599820053983805,0,0,0,0,0,0,0,0,0.092372288313506,0,0,0,0,0,0,0,9.99700089973008e-05,0,0,0,0.000499850044986504,0,9.99700089973008e-05,0,0,0,0,0,0,0,0,0,0,0,0,0,0,0,0,0,0,0,0,0,0,0,0,0,0.104868539438169,0,0,0,0,0,0,0,0,0,0,0,0,0,0,0,0,0,0,0,0,0,0,0,0,0,0,0,0.000199940017994602,0,0,0,0,0,0,0,0,0,0,0,0,0,0,0,0,0,0,0,0,0,0,0,0,0,0,0,9.99700089973008e-05,0,0.0124962511246626,0,0,0.520843746875937,0,0,0,0.000499850044986504,0,0,0,0,0.00269919024292712,0,0,0,0,0,0,0,0.00629811056682995,0,0,0,0
0,0,0,0,0,0,0,0.0035996400359964,0,0,0.0004999500049995,9.99900009999e-05,0,0,0,0,0,0,0,0,0,0.0126987301269873,0,0.0011998800119988,0,0,0,0,0,0.0005999400059994,0.0277972202779722,0,0,0.0035996400359964,0,0,9.99900009999e-05,0.0058994100589941,0,0,0,0,0,0,0,0,0,0,0,0,0,0,0,0,0.002999700029997,0.0001999800019998,0,0.0002999700029997,0,0.0156984301569843,0.0003999600039996,0.0125987401259874,0.0003999600039996,0,0,0,0,0,0,0.0265973402659734,0.0158984101589841,0.0001999800019998,0,0,0,0,0,0,9.99900009999e-05,0.0035996400359964,0,0,0,0.0001999800019998,0,0,0,0,0,0.0065993400659934,0.0918908109189081,0.0044995500449955,0,0,0,0,0,0,0,0,0,0,0,0,0,0,0,0.0014998500149985,0,0,0,0,0,0,0,0.0001999800019998,0,0,0.0241975802419758,0.0004999500049995,0,0,0,0.0093990600939906,0,0,0,0,0,0,0,0.0243975602439756,0,0,0,0,0,0,0,0,0.0043995600439956,0,0,0,0,0,0.0024997500249975,0.0006999300069993,0,0,0.0018998100189981,0,0,0.0005999400059994,0,0,0,0,0,0,0,0,0,0,0,0,0,0,0,0,0.0014998500149985,0,0,0,0,0,0,0.0045995400459954,0.0282971702829717,0,0,0,0,0,0.0001999800019998,0,0,0,0,0,0,0.0023997600239976,0,0.0057994200579942,0,0,0,0,0,0,0,0,0.320967903209679,0,9.99900009999e-05,0.000999900009999,0,0,0,0,0.0005999400059994,0,0,0,0.0008999100089991,9.99900009999e-05,0.0143985601439856,0.0032996700329967,0,0,0,0.0035996400359964,0,0,0,0,0,0,0,0,0,0,0,0.0224977502249775,0,0,0,0.0012998700129987,0,0,0,0,0,0,0,0.0008999100089991,0,0,0,0,0,0,0.0004999500049995,0,0.0006999300069993,0.0002999700029997,0,0,0,0,0,0,0,0.0004999500049995,0,0,0,0,0.0003999600039996,0.155584441555844,0,0,0.0414958504149585,0,0,0,0,0,0,0.0552944705529447,0,0,0,0,0,0,0,0,0.0032996700329967,0.0014998500149985,0,0,0,0,9.99900009999e-05,0,0,0,0,0.0192980701929807,0
0,0,0.000100030009002701,0,0,0,0.00180054016204861,0,0,0,0,0,0,0,0.00430129038711613,0.000800240072021606,0.00410123036911073,0,0,0.00230069020706212,0,0.00140042012603781,0,0,0,0.000100030009002701,0,0,0.000500150045013504,0,0.0164049214764429,0,0.000400120036010803,0.00820246073822147,0,0,0,0.000200060018005402,0,0,0,0.00150045013504051,0.00150045013504051,0.00740222066619986,0,0.0202060618185456,0,0,0,0,0.000400120036010803,0,0,0.000500150045013504,0.0139041712513754,0.000900270081024307,0,0,0.000300090027008102,0.00130039011703511,0,0,0,0,0,0,0.0283084925477643,0,0.000400120036010803,0,0.0122036610983295,0,0,0,0,0,0,0,0,0.0108032409722917,0,0.000700210063018906,0.0146043813143943,0,0,0.00270081024307292,0.00150045013504051,0,0.00190057017105132,0.00420126037811343,0,0.00530159047714314,0.00240072021606482,0,0,0.0246073822146644,0,0,0.00660198059417825,0,0,0,0,0,0,0,0,0.0340102030609183,0,0,0.0145043513053916,0,0,0.01370411123337,0,0,0.00120036010803241,0.000400120036010803,0.0119035710713214,0.000200060018005402,0,0,0.000100030009002701,0.000700210063018906,0.00140042012603781,0,0,0,0.000500150045013504,0,0.00230069020706212,0.00210063018905672,0,0,0,0.00140042012603781,0,0,0.00140042012603781,0,0.00390117035110533,0,0.000800240072021606,0,0,0,0.000600180054016205,0,0,0,0.000300090027008102,0,0,0.000100030009002701,0.000200060018005402,0,0,0,0,0.0314094228268481,0,0,0,0,0,0,0.00240072021606482,0,0,0,0,0,0,0,0,0,0.00190057017105132,0.0258077423226968,0.0276082824847454,0,0,0,0,0,0.00250075022506752,0.00380114034210263,0,0,0,0,0,0.00200060018005402,0.000100030009002701,0.000900270081024307,0,0,0,0,0,0,0,0,0,0,0.00410123036911073,0.000700210063018906,0,0.00100030009002701,0,0,0,0,0,0,0,0,0.01370411123337,0,0.00190057017105132,0,0,0,0,0,0,0,0,0,0,0,0,0,0.00260078023407022,0.0389116735020506,0,0,0,0,0.000900270081024307,0,0,0.0195058517555267,0,0,0,0,0.000100030009002701,0,0,0,0,0,0.00140042012603781,0,0,0.000500150045013504,0,0,0,0,0.000200060018005402,0,0,0.000700210063018906,0,0,0,0,0,0.0504151245373612,0,0.00130039011703511,0.0416124837451235,0,0,0,0,0,0.000100030009002701,0.396318895668701,0,0,0.00190057017105132,0,0,0,0,0,0,0.00120036010803241,0,0,0,0,0.0114034210263079,0,0.0143042912873862,0,0,0.000300090027008102,0
0,0,0.0001000100010001,0,0,0,0,0.0016001600160016,0,0,0,0,0,0,0.0117011701170117,0.0122012201220122,0,0,0,0,0.0029002900290029,0.0006000600060006,0,0.0001000100010001,0,0.0001000100010001,0,0,0.0004000400040004,0.0191019101910191,0,0,0,0.0047004700470047,0,0,0.0045004500450045,0,0.0002000200020002,0,0,0,0.0273027302730273,0.0062006200620062,0,0.0191019101910191,0,0,0,0,0,0,0,0,0,0,0,0,0,0.0016001600160016,0,0.0001000100010001,0,0.0003000300030003,0,0,0.0029002900290029,0,0,0,0,0,0,0.0007000700070007,0,0,0,0,0,0.0301030103010301,0,0,0.0436043604360436,0,0.0025002500250025,0.0007000700070007,0.0669066906690669,0,0.0009000900090009,0.0197019701970197,0,0.0016001600160016,0.0055005500550055,0,0,0.0004000400040004,0,0,0.0064006400640064,0,0,0.0123012301230123,0,0,0,0,0,0.0843084308430843,0,0,0,0,0,0.0106010601060106,0,0.0025002500250025,0,0,0.0026002600260026,0,0,0,0.0029002900290029,0,0.0203020302030203,0,0,0,0,0,0,0.0052005200520052,0,0.0009000900090009,0,0,0.0083008300830083,0.0009000900090009,0,0,0.0018001800180018,0.0005000500050005,0.0019001900190019,0.0011001100110011,0,0,0.0052005200520052,0,0,0.0002000200020002,0.0004000400040004,0,0,0,0.0002000200020002,0,0,0,0,0.0014001400140014,0,0,0,0,0,0,0.0025002500250025,0,0,0,0,0,0.0014001400140014,0,0,0,0.0036003600360036,0.002000200020002,0,0,0,0,0,0,0.002000200020002,0,0,0,0,0,0,0.0063006300630063,0.0001000100010001,0,0,0,0,0,0,0,0,0,0,0,0,0.0061006100610061,0,0,0.0001000100010001,0,0.0006000600060006,0,0,0,0.0001000100010001,0,0.0002000200020002,0,0.0117011701170117,0,0,0,0,0,0,0,0,0,0.0018001800180018,0,0.016001600160016,0.0015001500150015,0.0071007100710071,0.0306030603060306,0,0,0,0,0.004000400040004,0.0077007700770077,0,0.0229022902290229,0,0,0.0006000600060006,0,0,0,0,0,0,0,0,0,0.0032003200320032,0.0064006400640064,0.001000100010001,0,0.0002000200020002,0.0089008900890089,0,0,0,0.001000100010001,0.0002000200020002,0,0,0,0,0.0989098909890989,0,0.0051005100510051,0.0499049904990499,0,0,0,0,0,0.0014001400140014,0.21002100210021,0,0,0.0137013701370137,0,0,0,0,0,0,0,0,0,0,0,0.004000400040004,0,0.0073007300730073,0,0,0.0016001600160016,0
0,0,0,0,0,0,0,0,0,0.0011997600479904,0,0.0002999400119976,0.0001999600079984,0.0439912017596481,0.020995800839832,0,0.001499700059988,0,0,0,0,0.0021995600879824,0,0,0,0.022995400919816,0,0,0,0.0011997600479904,0.011497700459908,0,0,0.0015996800639872,0.0197960407918416,0,0.0011997600479904,0.00959808038392321,0,0,0,0.00669866026794641,0,0,0,0.00249950009998,0,0,0,0,0.00409918016396721,0,0,0,0,0.0001999600079984,0,0,0,0.0512897420515897,0,0,0,0.0018996200759848,0,0.011997600479904,0.0141971605678864,0.00249950009998,0.00819836032793441,0.0295940811837632,0.0028994201159768,9.99800039992002e-05,0,0,0,0,0,0,0,0.0107978404319136,0.000399920015996801,0.0011997600479904,0,0,0.00959808038392321,9.99800039992002e-05,9.99800039992002e-05,0,0.0023995200959808,0.0025994801039792,0,0.00729854029194161,0.023995200959808,0,0,0,0,0,0,0,0.0022995400919816,0,0,0,0.000599880023995201,0,0.0366926614677065,0.010997800439912,0,0,0,0,0,0.0148970205958808,0,0,0,0,0.0201959608078384,0.000999800039992002,0,0,0,0,0.0016996600679864,0,0,0,0,0,0,0,0,0,0,0,0.0741851629674065,0,0,0,9.99800039992002e-05,0,0,0,0,0,0,0,0,0,9.99800039992002e-05,0,0,0.0116976604679064,9.99800039992002e-05,0,0,0.0012997400519896,0,0,0,0.0016996600679864,0,0.00829834033193361,0,0,0.0012997400519896,0,0,0.0010997800439912,0.000599880023995201,0,0,0,0,0,0.00549890021995601,0.0187962407518496,0,0,0,0.0018996200759848,0,0,0,0,0,0,0,0,0,0.00459908018396321,9.99800039992002e-05,0,0,0,0,0,0,0,0,0.0020995800839832,0,0.0130973805238952,0,9.99800039992002e-05,9.99800039992002e-05,0,9.99800039992002e-05,0,0,0,0,0,0.000499900019996001,0.0135972805438912,0.00339932013597281,0.0215956808638272,9.99800039992002e-05,0,0,0.00909818036392721,0,0,0,0,0,0,0.0211957608478304,0.000899820035992801,0.0110977804439112,0,0.0028994201159768,0.00379924015196961,0,0,0,0,0.0022995400919816,0.00719856028794241,0,0.0113977204559088,0,0,0.000599880023995201,0,0,0,0,0,0,0,0,0,0.0015996800639872,9.99800039992002e-05,9.99800039992002e-05,0,0,0,0,0,0,0,0,0,0,0,0,0.0123975204959008,0,0,0.00979804039192162,0,0,0,0.000499900019996001,0.000999800039992002,0,0.287342531493701,0,0,0.000399920015996801,0,0,0,9.99800039992002e-05,0,0,0,0,0,0,0,0.00369926014797041,0,0.0012997400519896,0,0,0.00379924015196961,0
0,0,0,0,0.000999800039992002,0,0,0,0,0.000799840031993601,0,0,0,0,0,0,0,0.0001999600079984,0,0.000699860027994401,0.00589882023595281,9.99800039992002e-05,0,0.010497900419916,0,0.0350929814037193,0.000399920015996801,0,0.00459908018396321,0.0026994601079784,0,0,0,0.00819836032793441,0,0,0,0.001499700059988,0,0,0,0,0,0,0,0.0001999600079984,0,0.000499900019996001,0,0,0,0,9.99800039992002e-05,0,0.00479904019196161,0.000799840031993601,0,0,0.0023995200959808,0.00669866026794641,0.000399920015996801,0,0,0.000399920015996801,0,0,0.00699860027994401,0,0.0001999600079984,0.00649870025994801,0.00379924015196961,0,0.00439912017596481,0,0,0,9.99800039992002e-05,0,0,0.0001999600079984,0.0017996400719856,0,0.0975804839032194,9.99800039992002e-05,0,0,0.0002999400119976,0,0,0,0.092881423715257,0.00709858028394321,0,0,0,0,0,0,0,0,0.000899820035992801,0,0,0,0,0.00689862027594481,0,0.129174165166967,0,0.0123975204959008,0,0.00649870025994801,0,0,0,0,0,0.0001999600079984,0.00519896020795841,0,0,0,0,0.0001999600079984,0.00409918016396721,0.0160967806438712,0.00859828034393121,0,0,0,0,0.0012997400519896,0,0,0,0,0.015996800639872,0.000599880023995201,0,0,0.00519896020795841,0,0,9.99800039992002e-05,0,0,0.0016996600679864,0.000699860027994401,0,0,0.000699860027994401,0,0,0,0.0002999400119976,0,0,0.0001999600079984,0,0,0,0,0,0.0730853829234153,0,0,9.99800039992002e-05,0,0,0,0.000999800039992002,0,0,0,0,0,0,0,0,0.000499900019996001,0,0,0,0,0.0022995400919816,0,0,0,0,9.99800039992002e-05,0,0.0010997800439912,0,0,0,0,0,0,0,0,0,0,0,0.0206958608278344,0,0.00439912017596481,0.0002999400119976,0,0,0.010997800439912,9.99800039992002e-05,0,0,0.0013997200559888,0.000999800039992002,0,0.00929814037192562,0.013497300539892,0.0002999400119976,0,9.99800039992002e-05,0.00759848030393921,0,0,0,0,0.024495100979804,0,0,0,0.00629874025194961,0,0,0.0322935412917417,0,0,0.000499900019996001,0,0,0.0170965806838632,0,0,0,0,0.010497900419916,0,0,0,0,0,0,0.0001999600079984,0.000799840031993601,0,0.00909818036392721,0.0121975604879024,0.000499900019996001,0,0,0.0017996400719856,0,0.000899820035992801,0,0.0012997400519896,0,0,0,0,0.000599880023995201,0.00949810037992401,0.0102979404119176,0.000699860027994401,0.0342931413717257,0,0,0,0,0,0,0.117876424715057,0.0001999600079984,0,0.0022995400919816,0,0,0,0,0,0,0.000399920015996801,0,0,0,0,0.0288942211557688,0,0.000399920015996801,0,0,0.0016996600679864,0
0,2e-04,2e-04,0,0,0,0,0.0111,0,0,0,0,0,0,0.0015,0,0,0,0,0,0.0056,0.0066,0,0,0,0.141,0,0,0.0132,0,0,0,0.0035,0.0158,0,0,0.0098,0,0,0,0,0,0,0.0054,0,0.004,0,0,0,0,0,0,0,0,0,0,0,0,0,0,0,0,0,0.0178,0,0,0.0148,0,0.001,0.0104,0.03,0,0,0.0021,0,0,0,0,0,0.0139,0,0,0,0,0.2019,0,0,0,0,0,0,0.0109,0.0019,0,0,0,0,0,0,0,0,1e-04,0,0,0,0,0,0.0182,0,0.0126,7e-04,0,0,0.0205,0,0,0,0,0,1e-04,0.0013,0,0,0,0,0,0,0,0,0,0,0.0166,0,0,0,0,0,0,0,0,0,0,0,1e-04,0,0,0.0042,0,0,0,0.0012,0,0,0,0,2e-04,0,0,0,0,0,0,0,0,0,0,0,0,0,0,0,0,1e-04,0,0,0,0,0.0167,0.0127,0,0,0,0,6e-04,0,0,0,0,0,0,1e-04,0,2e-04,0,0,0,0,0,0,0,0,0,0,0.0186,0,0,0,0,1e-04,1e-04,0,0,0,0,0,0,0,0.0392,0,0,0.0071,0,0,0,4e-04,0,0,0,0.0366,0,0.0339,0,0,0.0695,0,0,0,0,0,0,0,0,0.0316,0,1e-04,0,0,1e-04,0,0,0,0,0,0,0.0018,7e-04,1e-04,0,0,0,0.0014,0,0,0,0,0.0012,0,0,0,0.0099,0,0,0.0288,0.0021,0,0,0,0,0,0,0,0,0.0855,6e-04,0,0,0,5e-04,0,0,0,0,0,0,0,0,0.0013,0,0,0,0
0,0,0,0,0,0,0,0.0031996800319968,0,9.99900009999e-05,0,0,9.99900009999e-05,0.0045995400459954,9.99900009999e-05,0,0,9.99900009999e-05,0.0001999800019998,0.0032996700329967,0.0073992600739926,0.0138986101389861,0,0,0,0.24017598240176,0,0,0.0028997100289971,0.0002999700029997,0.0268973102689731,0,0,0.0081991800819918,0,0,0.0002999700029997,0.0141985801419858,0,0,0,0.0001999800019998,0,0.0142985701429857,0,0.0076992300769923,0,0.0008999100089991,0,0,0.0003999600039996,0,9.99900009999e-05,0,0.0261973802619738,9.99900009999e-05,0,0,0,0.045995400459954,0.0002999700029997,0.0055994400559944,0,0,0,0,0.001999800019998,0,0,0,0.0045995400459954,0.0001999800019998,0,0.004999500049995,0,0,0,0,0,0.0093990600939906,0,0,0.0051994800519948,0,0.0055994400559944,0,0,0,0,0.0044995500449955,0,0.0045995400459954,0.0007999200079992,0,0,0,0,0,0.0037996200379962,0,0,0,0,0,0.0001999800019998,9.99900009999e-05,0.0236976302369763,0.0006999300069993,0,0.0015998400159984,0,0,0,0.0046995300469953,0.0010998900109989,0,0,0,0.00999900009999,0.0001999800019998,0,0,0,9.99900009999e-05,0.0215978402159784,0,0,0,0,0,0.010998900109989,0.0043995600439956,0,9.99900009999e-05,0,9.99900009999e-05,0.0001999800019998,0,0.0002999700029997,0,0.0004999500049995,0,0,0,0,0,0.0011998800119988,0.0034996500349965,0,0,0.0043995600439956,0.0014998500149985,0,9.99900009999e-05,9.99900009999e-05,0,0,0.0001999800019998,0,0.0175982401759824,0,0,0.0014998500149985,0.0167983201679832,0,0,0.0005999400059994,0,0,0,0,0,9.99900009999e-05,0,0,0,0.0012998700129987,0.0168983101689831,0,0.0003999600039996,0,0,0,0,0,0,0,0,0,0,0,0.0064993500649935,0.0003999600039996,0,0.0015998400159984,0,0,0.0001999800019998,0,0,0,0,0,0,0,0.0032996700329967,0.0004999500049995,0,0,0.0008999100089991,0,0,0,0.0011998800119988,0.0106989301069893,0,0,0.0135986401359864,0.0497950204979502,0,0,0.0023997600239976,0,0,0,0,0,0,0.0150984901509849,0.0002999700029997,0.0287971202879712,0,0.0014998500149985,0.0135986401359864,0,0,0,0,0,0,0.0004999500049995,0.0052994700529947,0,0,0,0,0,0,0,0,0.0262973702629737,0.0005999400059994,0.0065993400659934,0,0.0018998100189981,0.0007999200079992,0.0001999800019998,0,0,0.0232976702329767,0,0,0,0,0.0001999800019998,0,0,0,0.000999900009999,0.0227977202279772,0,0.0091990800919908,0.0111988801119888,0,0,0,0,0,0,0.038996100389961,9.99900009999e-05,0,0.0653934606539346,0,0,0,0.0003999600039996,0,0.0013998600139986,0.0011998800119988,0,0,0.0013998600139986,0,9.99900009999e-05,0,0.0005999400059994,0,0,0.0098990100989901,0
0,0,0,0,0,0,0,0,0,0,0,0,0,0,0.0319904028791363,0,0,0,0,0,0.000399880035989203,0,0,0.000299910026991902,0,0.303109067279816,0,0,0.00769769069279216,0.000299910026991902,0.0518844346695991,9.99700089973008e-05,0,0,0,0,0.0155953214035789,0,0,0,0,0,0,0.00579826052184345,0,0.00959712086374088,0,0,0,0,0,0,0,0,0,0,0,0,0,0.000799760071978406,0,0.00459862041387584,0,0,0,0,0.000999700089973008,0,0,0,0,0,0,0.00129961011696491,0,0,0,0,0,0,0,0,0,0,0.0199940017994602,0,9.99700089973008e-05,0,0,0,0,0,0.000199940017994602,0,0,9.99700089973008e-05,9.99700089973008e-05,0,0,0,0,0,0,0,0,0,0.00949715085474358,0.0188943317004899,0,0,0,0,0,0.00219934019794062,0,0,0,0,0.000299910026991902,0,0,0,0,9.99700089973008e-05,0.151154653603919,0,0,0,0,0,0,0.00189943017094872,0,0,0,0,0,0,0,0,0.000199940017994602,0,0,0,0,0,0,0,0,0,0.000499850044986504,0,0,0.000399880035989203,0,0,0,0,0,0.00189943017094872,0,0,0,0.0508847345796261,0,0,0,0,0,0,0,0,0,0,0,0,0,0,0,0,0,0,0,0,0,0,0,0,0,0,0,0.00269919024292712,0,0,0,0,0,0,0,0,0,0,0,0,0,0.00259922023392982,0,0,0,0,0.000499850044986504,0,0,0,0,0,0.00859742077376787,0,0,0,0.000299910026991902,0.00109967009897031,0,0,0,0,0,0,0.017294811556533,0,0,0,0,0.0615815255423373,0,0,0,0,0,0,0,0,0,0,0,0,0,0,0,0,0.0179946016195141,0,0,0,0,0,0.000299910026991902,0,0,0,0,0,0,0,0,0,0,0,0,9.99700089973008e-05,0,0,0.0100969709087274,0,0.000499850044986504,0,0,0,0,0.133160051984405,0,0,0,0,0,9.99700089973008e-05,0,9.99700089973008e-05,0,0,0,0,0,0,0.0289913026092172,0,0.000299910026991902,0,0,0.0207937618714386,0
0,0,0,0.000100030009002701,0,0,0.000100030009002701,0.00660198059417825,0.000100030009002701,0,0,0.000200060018005402,0,0,0.000500150045013504,0,0.000700210063018906,0,0,0,0.00280084025207562,0.00430129038711613,0,0,0.000100030009002701,0,0.000200060018005402,0,0.000400120036010803,0,0,0.00400120036010803,0,0.00980294088226468,0,0,0.0184055216564969,0.0128038411523457,0,0,0,0,0,0.00640192057617285,0,0.000400120036010803,0,0.000200060018005402,0,0,0,0,0,0,0.00390117035110533,0,0,0.000100030009002701,0,0.01370411123337,0.000300090027008102,0,0,0,0.0208062418725618,0,0.0286085825747724,0,0.00150045013504051,0.00480144043212964,0.00160048014404321,0,0,0.000700210063018906,0,0,0,0,0,0,0,0.000400120036010803,0,0,0.00280084025207562,0,0.0717215164549365,0,0,0.00250075022506752,0.0128038411523457,0,0.0343102930879264,0,0,0,0,0,0.00500150045013504,0,0,0,0.00320096028808643,0.000200060018005402,0,0,0.0180054016204861,0.268480544163249,0,0,0,0.000100030009002701,0,0.0161048314494348,0,0,0,0,0.0168050415124537,0,0,0,0,0,0.0329098729618886,0.0299089726918075,0,0,0.000200060018005402,0.00100030009002701,0.00520156046814044,0.00120036010803241,0,0,0,0,0.0979293788136441,0,0,0,0,0,0,0,0,0,0.00140042012603781,0.000100030009002701,0,0,0.00140042012603781,0.00470141042312694,0,0,0,0.000300090027008102,0,0,0,0.00150045013504051,0,0,0,0,0,0,0,0,0,0.00230069020706212,0.000200060018005402,0,0,0,0,0,0,0.000800240072021606,0.00730219065719716,0.000400120036010803,0,0,0,0,0.000800240072021606,0,0,0,0,0,0,0.00790237071121336,0.000600180054016205,0,0.0348104431329399,0,0,0.000400120036010803,0.000100030009002701,0,0,0,0,0.000400120036010803,0.00930279083725117,0.00250075022506752,0,0.000400120036010803,0,0.000100030009002701,0,0,0.000500150045013504,0,0.00270081024307292,0,0,0.000500150045013504,0.00540162048614584,0.000400120036010803,0.00360108032409723,0.00280084025207562,0,0,0,0.00540162048614584,0.00730219065719716,0,0.00990297089126738,0,0.0130039011703511,0,0,0.0140042012603781,0,0,0.000200060018005402,0,0,0,0,0,0,0.00150045013504051,0,0,0,0,0,0,0,0,0.000200060018005402,0,0.00230069020706212,0.00410123036911073,0.000300090027008102,0,0.00930279083725117,0,0.000100030009002701,0.00240072021606482,0.000400120036010803,0.000700210063018906,0,0,0,0,0.00730219065719716,0.00110033009902971,0.00270081024307292,0.00580174052215665,0,0,0,0,0,0,0.00110033009902971,0.0218065419625888,0.000200060018005402,0,0.0100030009002701,0,0,0,0,0.00110033009902971,0,0.000900270081024307,0,0,0,0,0.00370111033309993,0,0,0.00770231069320796,0.000300090027008102,0.00460138041412424,0.00200060018005402
0,0.000399480675122341,9.98701687805852e-05,0,0,0.00219714371317288,0.00639169080195746,0.00159792270048936,0,0,0,0.000798961350244682,0,0,0.00159792270048936,0.000699091181464097,0.000599221012683511,0,0.00129831219414761,0.00019974033756117,9.98701687805852e-05,0.00019974033756117,0,0,0,0.258763607310496,9.98701687805852e-05,0,0.00469389793268751,0.00729052232098272,0.0266653350644163,0,0,0.0123839009287926,0,0,0.000499350843902926,0.000599221012683511,0,0.00019974033756117,9.98701687805852e-05,0,0,0.00109857185658644,0,0,0,9.98701687805852e-05,0,9.98701687805852e-05,0.00019974033756117,0,0,0,0.000599221012683511,0.00019974033756117,0,0,0,9.98701687805852e-05,0,0,9.98701687805852e-05,0.00119844202536702,0,0.000798961350244682,0.0191750724058724,0,0,0.00739039248976331,0.000299610506341756,0,0,9.98701687805852e-05,0,0,0,0,0,9.98701687805852e-05,0,0,0.00249675421951463,0,0,9.98701687805852e-05,0,0,0,0.00109857185658644,0,0.00529311894537102,0.0740037950664137,0,0,0.0127833816039149,0,0,0.00019974033756117,0,0.000699091181464097,0.00359532607610107,0,0,0,0.000798961350244682,0,0.100769000299611,0.00019974033756117,0,0.00119844202536702,0,0,0,0.000399480675122341,0.000399480675122341,0,0,0.00369519624488165,0.000399480675122341,0,0,0,0.000299610506341756,0.00379506641366224,0,0,0,0.00209727354439229,0,0,9.98701687805852e-05,0,0,0,0,0.0164785778487966,0,0,0,0.00019974033756117,0,0.00159792270048936,0,0,0,0.00019974033756117,0,0.00019974033756117,0,0.000499350843902926,0.00129831219414761,0,0,9.98701687805852e-05,0,0,0,0,0.000399480675122341,0,0,0,9.98701687805852e-05,0.0060920802956157,9.98701687805852e-05,0.00149805253170878,0,0,0.000299610506341756,0.00019974033756117,0,0.00019974033756117,0,0,0,0.000898831519025267,0.000798961350244682,0.0177768900429442,0,0,0,0,0,0.00019974033756117,0,0,0,0,0,0,0.00119844202536702,9.98701687805852e-05,0,0,0,0,0,0,9.98701687805852e-05,0,0,0,9.98701687805852e-05,0,0.000499350843902926,0.00019974033756117,0.00259662438829522,0,0.00129831219414761,0,0,0,0.000499350843902926,0.000699091181464097,0,0.00359532607610107,0.00179766303805053,0,9.98701687805852e-05,0.00379506641366224,0,0,0,0,0,9.98701687805852e-05,0,0,0,9.98701687805852e-05,0.000898831519025267,0.00159792270048936,0.0221711774692899,0.00159792270048936,0,0.000499350843902926,0,0,0.00149805253170878,0,0.0132827324478178,0,0,0.000299610506341756,0,0,0,0,0,0,0,9.98701687805852e-05,0,9.98701687805852e-05,9.98701687805852e-05,9.98701687805852e-05,0,9.98701687805852e-05,0.000499350843902926,0.00019974033756117,0,0.000399480675122341,0,0.00329571556975931,0,0,0,0,0.0731049635473884,0.00019974033756117,0.000299610506341756,0.00419454708878458,9.98701687805852e-05,0.000699091181464097,0,9.98701687805852e-05,0,0,0.225706581444123,0,0,0.00279636472585639,0,0,9.98701687805852e-05,0,0.00019974033756117,0.000299610506341756,0,0,0,0,0,0.000699091181464097,0,0.000699091181464097,0,0,0.00469389793268751,0
0,0,0,0.0003000600120024,0,0,0,0,0,0,0,0.000800160032006401,0,0.114322864572915,0.000400080016003201,0,0,0,0,0,0,0.00370074014802961,0,0,0,0.0031006201240248,0,0,0.0012002400480096,0,0.01750350070014,0,0,0.00370074014802961,0.000800160032006401,0,0.00430086017203441,0,0,0,0,0.0026005201040208,0.0351070214042809,0.0112022404480896,0.00490098019603921,0.000900180036007201,0,0,0,0,0,0,0.000500100020004001,0.000600120024004801,0,0.000500100020004001,0.0001000200040008,0.0003000600120024,0,0.001500300060012,0,0,0,0.0003000600120024,0,0,0.0013002600520104,0.00460092018403681,0,0,0.00570114022804561,0,0,0.024004800960192,0,0,0.0003000600120024,0,0,0,0,0.000900180036007201,0.0001000200040008,0,0.0532106421284257,0,0.0179035807161432,0,0.000800160032006401,0,0,0.00460092018403681,0.00610122024404881,0,0,0.000500100020004001,0,0,0,0,0,0.00320064012802561,0,0.000400080016003201,0.000500100020004001,0,0,0.00470094018803761,0,0,0.0021004200840168,0,0,0.00320064012802561,0,0,0,0.000700140028005601,0.002000400080016,0.00370074014802961,0,0,0,0.000800160032006401,0.0125025005001,0,0,0,0,0,0,0,0,0.0003000600120024,0,0,0.020504100820164,0,0,0,0.0013002600520104,0,0.0021004200840168,0,0.0027005401080216,0,0.000500100020004001,0,0,0,0.000900180036007201,0,0,0.0001000200040008,0.0353070614122825,0,0,0.01000200040008,0,0.00820164032806561,0,0.000700140028005601,0,0,0,0.0001000200040008,0,0,0,0,0,0,0,0,0.00590118023604721,0,0.00480096019203841,0,0.002000400080016,0,0,0,0,0,0,0.0003000600120024,0,0,0,0,0.0001000200040008,0.00530106021204241,0,0,0,0,0,0,0,0,0,0,0,0,0,0.0002000400080016,0.0019003800760152,0,0,0,0,0,0,0,0,0.0012002400480096,0.00610122024404881,0.0273054610922184,0,0,0,0.0003000600120024,0,0,0.00250050010002,0,0,0,0,0,0.018003600720144,0,0.0023004600920184,0.00890178035607121,0,0,0,0.0001000200040008,0,0.0002000400080016,0,0,0,0,0,0,0,0,0,0,0,0,0,0,0,0.001000200040008,0.0003000600120024,0,0,0,0.0002000400080016,0,0,0.0003000600120024,0.000400080016003201,0,0,0,0.0367073414682937,0.00350070014002801,0,0.0148029605921184,0.0705141028205641,0,0.0012002400480096,0,0,0.0001000200040008,0,0.229445889177836,0,0,0,0,0,0,0,0.0001000200040008,0,0.0144028805761152,0,0,0,0,0.0908181636327265,0,0.000500100020004001,0,0,0.0031006201240248,0
0,0,2e-04,0,0,0,2e-04,0,0,0,0,0,0,0,0.0168,1e-04,0,0,0,0,0,0,0,7e-04,0,0,0,3e-04,0.0014,0,0,0,0,0.0097,0,0,7e-04,0,0,1e-04,0,0,0,0,0,0.0224,0,0,0,0,4e-04,0,0,0,0,0,0,1e-04,0,0.0322,1e-04,0,0,2e-04,0,0,0.0099,0,0,0.0119,0,1e-04,0,0,0,0,0,0,0,0.0102,0,0,0,0,0.0086,1e-04,0,1e-04,0,0,0,0,0.0023,0,0,0.0011,0.0022,0,0,0,0,0.0014,0,0,0,3e-04,0,0.1741,0,0,0,0,0,0.0099,0,0,0,0,0.046,0.0012,6e-04,0,0,0,0.0022,0,0,0,0,0,0,0.0162,0,0,0,0,0.0287,0,0,0,0.0058,0,0,0,0,0,0.0022,0,0,0,0.0031,0,0,0.0046,0,4e-04,0,0,0.0381,0.0117,0,0,0,0,0,0,0,0,0,0,0,0,1e-04,0,0,0,0,0,0.0479,0,0,0,0,0,0.0013,0,0,0,0,0,1e-04,0.0148,1e-04,0,0,1e-04,1e-04,0,0,0,0,0,0,6e-04,0,0.0176,0,0,0,0,3e-04,0,0,0,0,0,0.0085,0,0,0,0,0.0043,0,0,0,0,0,0,0,0,0,0,0,0.0096,0,0,0,0,2e-04,4e-04,0,0,0,0,1e-04,0,0,0,0,0,0.0265,0,0,2e-04,8e-04,3e-04,0.0061,0,0,0,2e-04,0,7e-04,0,0.0102,0,0,0,0,6e-04,0,0,0.0012,0,0,0,0.004,0,0,0.3381,0,0,0.0163,0,0,3e-04,0,5e-04,0,0,0,0,0,0,0,0,0.0017,0,0,0.0076,0
3e-04,0,0,0.0096,0,0,0,0,0,0,0,0,0,0,0,0,0,0,0,0,0,0.027,0,4e-04,4e-04,0.0994,0,0,0.0012,3e-04,6e-04,0,0,0,0,0,0.0016,0,0,0,0,0,0.0354,0,0,0,0,0,0,0,0,0,0,0,0,0,0,0,0,0,0,0,0,0,0,0,0.0043,6e-04,0.0123,0,0,0,0,0,0,0.0063,0,0,0,0,0,0,0,0,0.0256,0,0,0,0.0013,0,0,0,0.0106,0,0,0,0,0,0,0,0,0.0023,0,0,0,0,0,0.0332,0,0,0.0012,0,0,0.0024,0,0,0,6e-04,0.0079,0,0,0,3e-04,0,0.0536,0,0,0,0,0.0092,0.0024,0.0013,0,0,0,0,0.01,6e-04,0,0,5e-04,6e-04,0,0,0,0,0,0,0,0,0,0,7e-04,0.0018,0,3e-04,0,0,0,0,0,0.001,0,0,0,0,0,0,0,0.0018,0,1e-04,0,2e-04,0,6e-04,0,0.0154,0,0,0,0,0,0,0,0,0,0,0,0,0,0,0,0,0,0,0,0,0,0,0,0.0013,0,0,0,0.0016,0,0,0,4e-04,0,0,0,0,0,0,0,0,1e-04,0,0.0054,0,0,0,0,0,0,4e-04,0,0,0,0,0.0018,0.1677,0,0,0,0,0,0,0,0.0038,0,0,3e-04,7e-04,0.0017,2e-04,0,0,0,0,0,0,0,0,2e-04,0,0,0,0,0,0,0,0.0016,0,0,0,0,0.0148,0,0,0.0191,0,0,0,0,0,0,0.3527,0,3e-04,0.0358,0,0,0,0,4e-04,0.0017,0,0,0,0,0,0.0021,0,7e-04,0,0,0,0
0,0,0,0,0,0,0,0.0002000200020002,0,0,0,0,0,0.0082008200820082,0.005000500050005,0.0059005900590059,0,0,0,0,0,0,0,0,0,0.291529152915292,0,0,0,0,0.0038003800380038,0,0,0,0,0,0,0.0249024902490249,0,0,0,0,0,0,0.0001000100010001,0,0,0.0001000100010001,0,0,0,0,0,0,0,0,0,0,0,0.003000300030003,0,0,0,0.0001000100010001,0,0.0008000800080008,0.0074007400740074,0.0015001500150015,0,0,0.0049004900490049,0,0,0.0006000600060006,0,0,0,0,0,0,0,0,0,0,0.0204020402040204,0,0,0,0,0.0027002700270027,0,0,0,0,0,0,0,0,0.0069006900690069,0,0,0,0,0,0.0007000700070007,0,0.0009000900090009,0.0606060606060606,0,0.0087008700870087,0,0,0,0.0082008200820082,0,0,0,0,0.0069006900690069,0,0,0,0,0,0.071007100710071,0,0,0,0,0,0,0.0009000900090009,0,0,0,0,0,0,0,0,0,0,0,0,0,0,0.0002000200020002,0,0,0,0,0.0007000700070007,0,0.0001000100010001,0,0,0,0,0,0,0,0,0,0.0007000700070007,0,0,0,0,0,0,0,0.0002000200020002,0,0,0.0021002100210021,0,0,0.0004000400040004,0.0071007100710071,0,0,0,0,0,0,0,0,0,0,0,0,0,0,0,0,0,0,0,0,0,0,0,0,0.0001000100010001,0.107410741074107,0,0,0,0,0,0,0,0.0004000400040004,0,0,0,0.006000600060006,0.0042004200420042,0,0,0.007000700070007,0.0008000800080008,0,0,0,0,0,0,0,0,0.0193019301930193,0,0,0.0952095209520952,0,0,0.0001000100010001,0,0,0,0,0,0.0217021702170217,0,0,0,0,0.0002000200020002,0,0,0,0,0,0,0.0006000600060006,0,0,0,0,0,0.0001000100010001,0,0,0,0,0,0,0,0,0.0782078207820782,0,0,0.049004900490049,0,0,0,0,0.0001000100010001,0.0015001500150015,0,0,0,0.0294029402940294,0,0,0,0.0001000100010001,0.0004000400040004,0,0,0,0,0,0.0001000100010001,0.001000100010001,0,0,0,0,0.0196019601960196,0
0.0015,2e-04,0,0,0,0,0,0,0,0,0,0,0,0,0.0016,0,0,0,0,0,0.0038,0,0,0,0,0.1316,0,0,0,0.0012,0.1934,0,0,0.0047,0,0,0,0.0078,3e-04,0,0,0.0034,0.0333,0.0114,0,0.0055,0,0,0,1e-04,0,1e-04,0,0,0.0117,0,0,0,0,0,0,0,0,0,0.0186,0,0,0.0019,0,0,0,0,0,0,0,0.0478,0,0,0,0.0039,0,0,0,0,0,0,0.0096,0,0.0016,2e-04,0,0,0.0023,0,0,0.0017,0,0,0.0043,0,0,0,0,0,0,0,0,0.0089,0,0,0.0043,0,0,4e-04,0,2e-04,0,8e-04,0.0121,0,0,0,0,4e-04,0.0272,0,0,0,0,0,0.0253,0,0,0,0,0,0.0036,0,9e-04,0,4e-04,4e-04,0.0022,0,0,0,0,0,0,0,3e-04,0,0,0,1e-04,0,0,0,0,0.0035,0,0,2e-04,0,0,0,3e-04,3e-04,0,0,7e-04,0,0,0,0,0,0,0.0113,0.04,0,0,0,0,0,0,0,0,0,0,0,0,3e-04,0,4e-04,0,0,0,0,0,0,0,0,0,0,0,4e-04,0,0,0,0,0,0,0,0.0022,0,0,0.0041,0,1e-04,0,0,0,0,0,0,0,0,0.0219,0.0058,0,0.0142,0,0,0.0384,0,0,0,0,0,0,0,0.0013,0,0,0,0,0,0,0,0,0,0,0.0027,0,0.0011,0,1e-04,0,0,5e-04,0,0,0,0.0012,0,0,0,0,0,0.0866,0,0.0165,0.0054,0,0,0,0,0,0.0012,0.0993,0,0,0.0102,0,0,0,0,0,0,0.0188,0,0,0,0,0.0014,0,1e-04,0,0,0.0098,0.0087
0.00950190038007601,0,0,0,0,0,0.015503100620124,0,0,0,0,0,0,0,0,0,0.0016003200640128,0.000900180036007201,0,0,0.00870174034806961,0.0197039407881576,0.000600120024004801,0.00630126025205041,0,0.111822364472895,0,0,0.0233046609321864,0,0.01000200040008,0,0,0,0,0,0,0.01000200040008,0,0,0.0001000200040008,0,0.0974194838967794,0,0,0,0,0,0,0,0,0.00470094018803761,0.000400080016003201,0,0,0.000400080016003201,0,0,0,0,0,0,0,0.000800160032006401,0,0,0.0017003400680136,0,0.0014002800560112,0,0.0014002800560112,0,0,0,0,0,0.000700140028005601,0.001000200040008,0.000400080016003201,0.01000200040008,0,0.00340068013602721,0.00560112022404481,0,0,0.0003000600120024,0,0,0,0,0,0.000400080016003201,0,0,0,0.0464092818563713,0,0,0,0,0.00950190038007601,0,0,0,0,0,0,0.0258051610322064,0,0.0111022204440888,0.00420084016803361,0,0,0,0,0.000700140028005601,0,0.0028005601120224,0.0154030806161232,0,0,0,0,0,0,0.0125025005001,0,0,0,0,0,0,0,0,0,0.0013002600520104,0.000900180036007201,0,0.001500300060012,0,0.0002000400080016,0,0.00360072014402881,0,0,0,0.00600120024004801,0,0,0,0.003000600120024,0,0,0,0.0002000400080016,0,0,0.00890178035607121,0,0.0133026605321064,0,0,0,0,0,0,0.000600120024004801,0,0,0,0.000400080016003201,0.0001000200040008,0,0.0002000400080016,0,0,0.0012002400480096,0,0.0250050010002,0,0,0,0.000400080016003201,0,0,0.00410082016403281,0,0,0,0,0,0,0.0018003600720144,0,0,0,0.0001000200040008,0,0,0,0,0.0168033606721344,0,0,0.0289057811562312,0.001500300060012,0,0,0,0,0,0,0,0,0,0.002000400080016,0.0164032806561312,0,0,0,0,0,0,0.0026005201040208,0.0003000600120024,0,0,0,0,0,0,0,0.0028005601120224,0.0670134026805361,0,0,0.001500300060012,0,0,0,0,0.0029005801160232,0.0022004400880176,0,0.0001000200040008,0.001000200040008,0,0,0,0,0,0.000500100020004001,0.00390078015603121,0,0.001000200040008,0.000400080016003201,0.0001000200040008,0,0.000500100020004001,0,0.000400080016003201,0,0,0,0,0,0,0,0.002000400080016,0.0028005601120224,0,0,0.0719143828765753,0.0002000400080016,0,0,0,0,0.00560112022404481,0.204240848169634,0,0,0,0,0,0,0,0.0001000200040008,0,0,0,0,0,0,0.011002200440088,0,0,0,0,0,0
0,0,0,0,0,0,9.9940035978413e-05,0.00169898061163302,0,0,0,0.000499700179892065,0,0.0143913651808915,0.0143913651808915,0.000499700179892065,0.00259844093543874,0,0,0,0.00249850089946032,0,0,0,0,9.9940035978413e-05,0,0,0.000199880071956826,0,0,0,0,9.9940035978413e-05,0,0,0.000199880071956826,9.9940035978413e-05,0,0,0,0,0.0233859684189486,0,0,0.00189886068358985,0,0,0,0,0.00809514291425145,9.9940035978413e-05,0.000899460323805717,0,0,0.000199880071956826,0,0,0,0,0,0.000599640215870478,9.9940035978413e-05,0.000499700179892065,0,0,0.0149910053967619,0,0,0,0,0,0,0,0,0,0,0,0,0.0022986208275035,0,0,0.000199880071956826,0,0,0,9.9940035978413e-05,0,0.000199880071956826,0.000899460323805717,0,0.00149910053967619,0.00169898061163302,0,0,0.000699580251848891,0,0,0,9.9940035978413e-05,0,0.000799520287827304,0,0,0,0,9.9940035978413e-05,0.343793723765741,0,0.00179892064761143,0.00409754147511493,0,0,0.0061962822306616,0,0,0,0,0.0167899260443734,0,0,0,0,0,9.9940035978413e-05,0,0,0,0,0,0,0.0170897461523086,0,0.000199880071956826,0,0,0.000399760143913652,0,0.0133919648211073,0,0,0.000699580251848891,0.0022986208275035,0,0,0,0.00289826104337398,0,0,0,0.00149910053967619,0,0,0,0,0.00329802118728763,0,0.00429742154707176,0.000999400359784129,0,0,0,0,0,0,0,0.000199880071956826,0.000199880071956826,0,0.000599640215870478,0,0.00319808115130921,0.000499700179892065,0,0,0,0,0,0.00909454327403558,0,0,0,0,0,0,0.00549670197881271,0,0,0,0,0,0.000499700179892065,0.000199880071956826,0,0,0.000499700179892065,0,0,0,0,0,0,0,0,0,0.000499700179892065,0,0,0.000299820107935239,0.00119928043174096,0,0,0,0,0,0,0.0100939436338197,0,0.0254847091744953,9.9940035978413e-05,0.00169898061163302,0.00299820107935239,0,0,0,0,0,0,0,0,0.00179892064761143,0,0.00169898061163302,0.00159904057565461,0,0,0,0.000399760143913652,0,0,0,0.0121926843893664,0,0,0,0,0,9.9940035978413e-05,0,0,0.0126923845692584,0,0.00169898061163302,9.9940035978413e-05,0,9.9940035978413e-05,0,0,0,0.000999400359784129,0,0,0,0,0,0,0,0,0,0.231261243254048,0.00489706176294223,0.00329802118728763,0.0209874075554667,0.0170897461523086,0,0,0,0,0,0.108135118928643,0,0,0.000299820107935239,0,0,0,0,0.000399760143913652,0,0,0,0,0,0,0,0,9.9940035978413e-05,0,0,0.000699580251848891,0
0.0068,0,0,0,0,0,5e-04,0,0,0,0,0,0,0,0.0027,0,0,0,0,0,0,0,0,0,0,0.0074,0,0,0.0147,0,0,0,0,0,0,0,0,0,0,0,0,0,0,0,0,0,0,0,0,0,0,0,0,0,0,0,0,0,0,0,0,0,1e-04,0,0.0011,0,0.0113,9e-04,0,0,0,0,0,0,0,0,0,0,0,0,0,0,0,0,0.0197,0,0,0,2e-04,0.0105,0,0,0.0199,0,0,0,0,0,0,0,0,0.0115,0,0,5e-04,0,0,0.1365,0.0016,0,0,0,0,0,0,0,0,0.0186,0,5e-04,0,0,0.0057,0.0042,0.0015,0,0,0,0,0,0,0,0,0,0,0,0,0,0,0,0,0,0,0,0,9e-04,0,0,0,0,0,0,0,0,0,0.001,0,0,0,0,0,0,0,0,0,0,0,2e-04,0,0,0,6e-04,0,3e-04,0,0,0,0,0,0,0,0,0,0,0,0,0,0,0,0,0,0.0055,8e-04,0,0,0,0,0,0,0,0,0,0,0,0,0,0,0.0064,0,0.004,0,0,0,0,0,0,0,0,0,0.0021,1e-04,0,0,0,0,0,0,0,0,0,0,0,0,0.1282,0,0,0,0,0,0,0,0,0,0,0,0.0043,0,2e-04,0,0,0,0,0,0,0,0,0,0,0,0,0,0,0,0,0,0,0,0,0,0.2157,0,0,0.0332,0,0.0015,0,0,0,0,0.3179,0,0,1e-04,4e-04,0,0,0,2e-04,0,0,0,0,0,0,0,0,0,0,0,0,0
0,0,0,0,0,9.99100809271655e-05,0,0,0,9.99100809271655e-05,0.000299730242781497,0,0,0,0.00299730242781497,0,0,0,0,0.000199820161854331,9.99100809271655e-05,0.000999100809271655,0,0,0,0.282445798781097,0,0,0.000699370566490159,0.000999100809271655,0.00769307623139175,0,0,0,0,0,0,0.000199820161854331,0,0,0,0,0,0,0,0,0,9.99100809271655e-05,0,0,9.99100809271655e-05,0,9.99100809271655e-05,0,0,0,0,0,0,0.00409631331801379,9.99100809271655e-05,0,0,0.0164851633529823,0,0,0.00689379558397442,0,0,0.0194824657807973,0,0,0,0,9.99100809271655e-05,0,0,0,0,0.00139874113298032,0,0.00339694275152363,0.000399640323708662,0,0.000299730242781497,0,0,0,0,0.00409631331801379,0,0.00109901089019882,0,0,0,0,0,0,0,0,0,0,0,0,9.99100809271655e-05,9.99100809271655e-05,9.99100809271655e-05,0,0,0,0,0.000199820161854331,0,0.0025976621041063,0,0,0.0028973923468878,0,0.000599460485562993,9.99100809271655e-05,0,0,0,9.99100809271655e-05,0,0.000199820161854331,0.0028973923468878,0,0,9.99100809271655e-05,0.00089919072834449,0.0223798581276851,0,0,0,0,0,0,0.00709361574582875,0,0,0,0,0,0,0,0.00189829153761615,0,0,0,0,9.99100809271655e-05,0,0.00169847137576181,0,0,0,0,0,0,0,0.00089919072834449,0,0,0,9.99100809271655e-05,0,0,0,0.00089919072834449,0.000299730242781497,0,0.00159856129483465,0,0,0,9.99100809271655e-05,0.000399640323708662,0.000799280647417324,9.99100809271655e-05,0,0,0,0,0,0,0,0,0,9.99100809271655e-05,0,0.00329703267059646,0,0,0,0,0,0,0,0.00109901089019882,0,0,0,9.99100809271655e-05,0,0.0241782395843741,9.99100809271655e-05,0,0,9.99100809271655e-05,0,0,0,9.99100809271655e-05,0,0,0,0.000399640323708662,0,0.000199820161854331,0.00449595364172245,0.000199820161854331,0,0,0,0,0,0,0,0,0.00109901089019882,0,0,0.0964132280947148,0,0,0.000199820161854331,0,0,0.00139874113298032,0,0,0,0,0,0,0,0,0,0,0,9.99100809271655e-05,0.000499550404635828,0,9.99100809271655e-05,0.000699370566490159,0.00339694275152363,0,0,0,0,0,0,0,0.000599460485562993,9.99100809271655e-05,0,0,0.00129883105205315,0.0927165551004096,0.00119892097112599,9.99100809271655e-05,0.0402637626136477,0,0,0,0,9.99100809271655e-05,0,0.317813967429314,0,0,0,0,0,0,0,0,0,0.00329703267059646,0,0,0,0,0,0,0,0,0,0,0
0,0,0,0,0,0,0,0,0,0,0,0,0,0,0.0092990700929907,0,0,0,0,0,0,0.0030996900309969,0,0.0022997700229977,0,0.117788221177882,0,0,0.0014998500149985,0,0.0561943805619438,0,0,0.0036996300369963,0,0,0.0030996900309969,0.0178982101789821,9.99900009999e-05,0,0,0,0.0083991600839916,0.000999900009999,0,0,0,0,0.0003999600039996,0,0,0,0,0,0.0091990800919908,9.99900009999e-05,0,0,0,0.0082991700829917,0,9.99900009999e-05,9.99900009999e-05,0,0,0,0.0725927407259274,0.0034996500349965,0,0,0.0010998900109989,0,0,0.0001999800019998,0,0,0,0,0,0.0082991700829917,0,9.99900009999e-05,0,0,0,0.0017998200179982,0,0,0,0.0013998600139986,0.0561943805619438,0.0065993400659934,0.0181981801819818,0,0,0,0,0,0,0,0,9.99900009999e-05,0,0,0.0003999600039996,0,0.0001999800019998,0,0,0,0,0,0,0.0267973202679732,0,0,0,0.0001999800019998,0.0252974702529747,0.0001999800019998,0,0,0,0.0001999800019998,0.0097990200979902,0.0048995100489951,0,0,0,0,0,9.99900009999e-05,0,9.99900009999e-05,0,0,0.0007999200079992,0,0,0,0.0445955404459554,0,9.99900009999e-05,0,0,0,0,0,0,0,0.001999800019998,0,0.0107989201079892,0,0,0,0,0,0,0,0,0,0,0,0,0,0,0,0,0,0,0,0,0,0,0,0,0.0106989301069893,0.0194980501949805,0,0,0,0,0,0,0,0,0,0,0,0,0.0176982301769823,0.0002999700029997,0,0.030996900309969,0,0,0,0,0,0.0001999800019998,0,0,0,0,0.0030996900309969,0,0,0.0001999800019998,0.0066993300669933,0,0,0,0.0008999100089991,9.99900009999e-05,0,0.0102989701029897,0,0.0666933306669333,9.99900009999e-05,0,0,0,0,0,0.0004999500049995,0,0,0.0013998600139986,0,0.0040995900409959,0,0,0.0010998900109989,0,0,0,0,0,0,0,0.0091990800919908,0,0,0,0,0,0.000999900009999,0,0,0,0,0,0,0,0.0018998100189981,0.0034996500349965,0,0,0.0003999600039996,0,0,0,0,0,0,0.0020997900209979,0,0.0003999600039996,0.0057994200579942,0,0.0047995200479952,0.0328967103289671,0,0,0,0.143885611438856,0,9.99900009999e-05,0.0420957904209579,0,0,0.0182981701829817,0,0,0,0,0.0018998100189981,0,0.0021997800219978,0,0,0,0,0.000999900009999,0,0.0010998900109989,0,0,0.0136986301369863,0
0,0,0,0,0,0,0,9.99700089973008e-05,0,0,0,0,0,0,0.00239928021593522,0,0,9.99700089973008e-05,0,0,0,0.00169949015295411,0,0,0,0.375687293811856,0,0,0,0,0,0.0412876137158852,0,0,0,0,0,0,0,0,0,0,0,0,0,0.0159952014395681,0,0,0,0,0,0,0,0,0,0,0,9.99700089973008e-05,0,0,0,0,0,0,0,0,0.053184044786564,0,0,0.00429871038688393,0,0,0,0,0,0,0,0,0,0.00579826052184345,0,0,0,0,0,0,0.00959712086374088,0,0,0,0,0,0,0,0,0.00199940017994602,0.000199940017994602,9.99700089973008e-05,0,0,0,0.00329901029691093,0,0,0,0,0,0.0599820053983805,0,0,0.00159952014395681,0,0.000399880035989203,0.013296011196641,0,0,0,0,0,0,0.000199940017994602,0.000199940017994602,0,0,0.0168949315205438,0,0,0,0,0,0,0.000799760071978406,0,0,0,0,0.000499850044986504,0,0.00119964010796761,0,0.00649805058482455,0.000599820053983805,0.000699790062981106,0,0,0,0,0,0,9.99700089973008e-05,0.000199940017994602,0,0,0,0,9.99700089973008e-05,0,0,0.000799760071978406,0.00509847045886234,0,0,0,9.99700089973008e-05,0,0,0.000499850044986504,9.99700089973008e-05,0,0.000799760071978406,0,0,0,0,0,0,0.00259922023392982,0,0,0,0,0,0,9.99700089973008e-05,0,0,0,0,0,0,0,0,0,0,0,0,0,0,0,0,0,0,0,0,0.0249925022493252,0,0,0,0,0,0.00809757072878137,0,0.000799760071978406,0,0,0,0.0117964610616815,0,0,0,0,0,0,0,0,0,0,0,0,0,0,0,0.00229931020693792,0.0917724682595221,0.00259922023392982,0,0,0,0.00589823053084075,0,0,0.0495851244626612,0,0,0.000399880035989203,0,0,0,0,0,0,0,0,0.000199940017994602,0,0,0,0,0,0,0,0,0,0,0,0,0,0,0,0.0256922923123063,0,0,0.00319904028791363,0,0,0,0,0,0,0.110466859942017,0,0.000299910026991902,0.0299910026991902,0,0,0,0,9.99700089973008e-05,0,0,0,0,0,0,0,0,0.00259922023392982,0,0,0,0
0,0,0,0,0,0,0,0.00129948020791683,0,0,0,0.000199920031987205,0,9.99600159936026e-05,0.000899640143942423,0.00199920031987205,0,0,0,0,0,0.000899640143942423,0,0.00209916033586565,0,0.338764494202319,0,0,0.00169932027189124,0,0.0346861255497801,0,0,0,0,0,0.00079968012794882,0,0,9.99600159936026e-05,0,0.000899640143942423,0,0,0,0,0,0,0,0,0,0,0,9.99600159936026e-05,0,0,0,0,0.000299880047980808,0.000699720111955218,0,0,0,9.99600159936026e-05,0,9.99600159936026e-05,0.00129948020791683,0,0,0,0,0.000299880047980808,0,0.000499800079968013,0,0,0,0,0,0.00079968012794882,0,0.00079968012794882,0,0,0,0,0.0412834866053579,0,0.00039984006397441,0,0,0,0.000899640143942423,0,0,0.00299880047980808,0,0,0.00469812075169932,0,0,0.0039984006397441,0,0,0,0,0,0.00859656137544982,0,0,0.00219912035185926,0,0,0.00849660135945622,0.00039984006397441,0,0,0.000699720111955218,0,0,0.000199920031987205,0,0,9.99600159936026e-05,0.0602758896441423,0,0,0,0,0,0,0.00819672131147541,0,9.99600159936026e-05,0,0,0.0168932427029188,0,0,0,0.000299880047980808,0,0,0.000199920031987205,0,0,0,0,9.99600159936026e-05,0,0.00299880047980808,0,0,0.00279888044782087,9.99600159936026e-05,0,0,0,0,0.00299880047980808,0,0,0,9.99600159936026e-05,0,0,0.00189924030387845,0,0,0,0,0,0,0,0,0,0.000899640143942423,9.99600159936026e-05,0,0,0,0,0,0,0,0,0,0,0,0,0.000699720111955218,0.0126949220311875,0.000199920031987205,0,0,0,0,0,0,0,0,0,9.99600159936026e-05,0,0,0.00119952019192323,0,0,0.000299880047980808,0,0,0,0,0,0,0.000699720111955218,0.00229908036785286,0,0.0129948020791683,0,0.00079968012794882,0.00259896041583367,0,0,0,0,0,0,0.00339864054378249,0,0.00549780087964814,0,0.00119952019192323,0.0772690923630548,0,0,0.000499800079968013,0,0,0.000199920031987205,0,0.000999600159936026,0,0,0,0,0,0,0,0,0,0,0,0,0.000499800079968013,0.000499800079968013,0.00119952019192323,0,0,0,0.000499800079968013,0,0,0,9.99600159936026e-05,0,0,0,0,9.99600159936026e-05,0,0,0.0192922830867653,0,0,0,0,0,0,0.270691723310676,9.99600159936026e-05,0,0,0,0,0.00249900039984006,0,0,0.000299880047980808,0,0,0,0,0,0.0039984006397441,0.00039984006397441,0.00199920031987205,0,0,0.0117952818872451,0
0,0,0,0,0.00259792166266986,0,9.99200639488409e-05,0.000199840127897682,0,0,0,0.000199840127897682,0,0.0105915267785771,0.000499600319744205,0,0,0,0,0.000799360511590727,0.00149880095923261,0,0,0,0.000699440447641887,0.116107114308553,0,0,0.000199840127897682,0.000999200639488409,0,0,0,0.00409672262190248,0,0,0,0,0,0,0,0.00119904076738609,0.0290767386091127,0.00309752198241407,0,0.000899280575539568,0,0,0,0,0,0.000499600319744205,0,0,0,0,0,9.99200639488409e-05,0,0.0324740207833733,0,0.000399680255795364,0,0,9.99200639488409e-05,0.00209832134292566,0.16806554756195,0,0,0.00289768185451639,0,0,0,0.000899280575539568,0,0,0,0,0,0.0373701039168665,0,0.00249800159872102,0,0,0,0,0,0,0.000299760191846523,0.00189848121502798,0,0,0,0,0,0.000199840127897682,9.99200639488409e-05,0,0.00139888089528377,0,0,0.000199840127897682,0,0,0,0,0.0038968824940048,0.0404676258992806,0,0,0.000999200639488409,0,0,0.00189848121502798,0,0,0,0,0.0192845723421263,0,0,0,0,0.0016986410871303,0.00129896083133493,0.000399680255795364,0,0,0.000699440447641887,0,0.000699440447641887,0.00419664268585132,0,0,0,0,9.99200639488409e-05,0,0.000799360511590727,0,0.000999200639488409,0.000299760191846523,0.000899280575539568,0,0,0,0,0,0,0,0.000399680255795364,9.99200639488409e-05,0,0,0,0,0,0,0.0102917665867306,0.0178856914468425,0,0,0,0,0,0,0.00109912070343725,0,0,0.000699440447641887,0,0,0.0812350119904077,0,0,0,0,0,0.0270783373301359,9.99200639488409e-05,9.99200639488409e-05,0,0,0,0,0,0,0.0127897681854516,0,0,0,0.00349720223820943,9.99200639488409e-05,0,0,9.99200639488409e-05,0,0,0,0,0.000399680255795364,0,0.000399680255795364,0,0,0,0,0,0,9.99200639488409e-05,0,0,0.000499600319744205,0,0,0,0.0273780975219824,0,0,0.000599520383693046,0,0,0,0,0,0,0.00479616306954436,0,0,0,0.0105915267785771,0,0.00369704236610711,0.0543565147881695,0.000999200639488409,0,0,0,0.00109912070343725,0,0,0.00159872102318145,0,0,0,0,0,0,0,0,0.000199840127897682,0,0.00289768185451639,9.99200639488409e-05,0,0,0,0,0.000799360511590727,0.00379696243005596,0,0,0,0,0,0,0,0.00269784172661871,0,0.0668465227817746,0,0,0.00279776179056755,9.99200639488409e-05,9.99200639488409e-05,0,0,0,0,0.109012789768185,0,0,0.0225819344524381,0,0,0,0,9.99200639488409e-05,0.00729416466826539,0.00159872102318145,0,0,0,0,0,0,0,0,0,0.0107913669064748,0.00329736211031175
0,0.000400200100050025,0,0,0.000300150075037519,0,0.000400200100050025,0.00390195097548774,0,0,0,0,0,0,0.000500250125062531,0,0.00100050025012506,0.00110055027513757,0,0,0,0.00080040020010005,0,0.000200100050025013,0,0.0202101050525263,0,0,0.000200100050025013,0.000500250125062531,0.0541270635317659,0,0,0,0,0,0.000500250125062531,0.000200100050025013,0.000600300150075037,0,0,0,0,0,0,0.00100050025012506,0,0.00110055027513757,0,0,0.000400200100050025,0,0.000500250125062531,0,0,0,0,0.00230115057528764,0,0.00210105052526263,0,0,0,0.00560280140070035,0,0,0.00270135067533767,0,0,0.0103051525762881,0.00190095047523762,0,0.000400200100050025,0.00540270135067534,0,0,0.000500250125062531,0.000100050025012506,0,0.00390195097548774,0,0.00710355177588794,0.0973486743371686,0,0,0.000200100050025013,0.0263131565782891,0,0,0.00630315157578789,0.00560280140070035,0.000100050025012506,0.00080040020010005,0,0,0.000100050025012506,0,0,0,0,0,0,0,0,0,0,0,0.121460730365183,0,0,0,0,0,0,0,0.000600300150075037,0,0,0.0205102551275638,0,0,0,0,0.000200100050025013,0,0,0,0.00290145072536268,0,0,0,0,0,0.000600300150075037,0,0,0.000300150075037519,0,0.000200100050025013,0.000700350175087544,0.00250125062531266,0,0,0,0,0,0.00390195097548774,0,0.000100050025012506,0.0016008004002001,0,0.00290145072536268,0,0,0,0,0.00720360180090045,0,0,0,0,0,0,0,0.000300150075037519,0,0,0,0.000300150075037519,0,0.000400200100050025,0,0,0,0,0,0.000500250125062531,0.00690345172586293,0.00710355177588794,0.00080040020010005,0,0,0,0,0.000400200100050025,0,0,0,0,0,0.0112056028014007,0.00380190095047524,0.000200100050025013,0,0,0,0,0,0,0.000100050025012506,0,0,0,0.138469234617309,0,0.00230115057528764,0.000200100050025013,0.000400200100050025,0,0.000100050025012506,0.0101050525262631,0,0,0,0.000400200100050025,0,0.0103051525762881,0.0210105052526263,0.00080040020010005,0,0.00740370185092546,0,0,0,0,0.00120060030015007,0,0,0,0,0,0.0016008004002001,0,0.0170085042521261,0,0,0.00100050025012506,0,0,0.00080040020010005,0,0,0,0,0.000200100050025013,0.00820410205102551,0,0,0,0,0,0.000700350175087544,0,0,0.000600300150075037,0.000200100050025013,0.000500250125062531,0,0,0.000600300150075037,0,0,0,0.000100050025012506,0.0133066533266633,0,0,0,0,0.00510255127563782,0,0,0.0452226113056528,0.00100050025012506,0.000100050025012506,0,0,0,0,0.23191595797899,0,0,0.00110055027513757,0.0032016008004002,0,0.00340170085042521,0,0.00100050025012506,0,0,0,0,0,0,0,0,0.000600300150075037,0,0,0.00510255127563782,0
0,0,0,0,0.00249900039984006,0,0,0.00959616153538585,0,9.99600159936026e-05,0,0.00139944022391044,0,0.00499800079968013,9.99600159936026e-05,0,0,0,0,0,0.00729708116753299,0.00159936025589764,0,0,0,0.00959616153538585,0.000599760095961615,0,0.000199920031987205,0,0.0445821671331467,0,0,0.000599760095961615,0,0,0,0.00639744102359056,0,0,0,0.00249900039984006,0.00499800079968013,0.0076969212315074,0,0.0127948820471811,0,0.000499800079968013,0,0,0.000199920031987205,0.000299880047980808,0.000299880047980808,0,0.00559776089564174,0,0,9.99600159936026e-05,0.000699720111955218,0.0442822870851659,9.99600159936026e-05,0.0110955617752899,0,0,0.00209916033586565,0.00899640143942423,0,0,0,0,0.0126949220311875,0,0,0,0,0,0,0.000199920031987205,0,0.0510795681727309,0,0.00259896041583367,0,0.000499800079968013,0.00979608156737305,0,0,0,0.00039984006397441,0.00179928028788485,0,9.99600159936026e-05,0.000199920031987205,0,0,0,0,0,0,0,0.00129948020791683,0,0,0,0.000299880047980808,0,0.00529788084766094,0.0229908036785286,0.00249900039984006,0.00359856057576969,0.00309876049580168,0,0,0.0101959216313475,0,0,0,0.000199920031987205,0.00609756097560976,9.99600159936026e-05,0,0.00299880047980808,0,0,9.99600159936026e-05,0.00689724110355858,0,0,0,0.00229908036785286,0.00479808076769292,0.100459816073571,0.00679728108756497,0,0,0,0.000199920031987205,0,0.0102958816473411,0,0.000299880047980808,0.000299880047980808,0.000499800079968013,0,0,0,0.00559776089564174,0.00139944022391044,0,0,0.00289884046381447,0.00579768092762895,0,0.00319872051179528,9.99600159936026e-05,0,0,0,0.0190923630547781,0.00289884046381447,0,0,0,0.0607756897241104,0,9.99600159936026e-05,0,0,0,0,0.00219912035185926,0,0,0,0,0,0.00149940023990404,0,0.0383846461415434,0.00129948020791683,0.000299880047980808,0,0,0,0.000899640143942423,0.000199920031987205,0,0,0,0,0,0.00349860055977609,0,9.99600159936026e-05,0,0,0,0,0,0,0.0264894042383047,0,0,0.0039984006397441,0,0.00169932027189124,9.99600159936026e-05,0,0,0,0,0,0.00649740103958417,0.000299880047980808,0,0.00159936025589764,0.0211915233906437,0.0191923230707717,0.00249900039984006,0,0,0.00839664134346262,0,0,0,0,0.00719712115153938,0,0.00109956017592963,0.00229908036785286,0.00889644142343063,0,0,0.00739704118352659,0,0.000299880047980808,0,0,0.00039984006397441,0,9.99600159936026e-05,0.000999600159936026,0,0.00809676129548181,0,0,0,0,0,0,0.00749700119952019,0.000299880047980808,0.00169932027189124,0,0.00249900039984006,9.99600159936026e-05,0,0,0.00079968012794882,0.000899640143942423,0.00039984006397441,0.00079968012794882,0,0.000299880047980808,0,0,0,0,0.00109956017592963,0.000199920031987205,0.000299880047980808,0.00829668132746901,0.000699720111955218,0,0,0.000199920031987205,0.000199920031987205,0.000699720111955218,0.000899640143942423,0.200519792083167,9.99600159936026e-05,0,0.00109956017592963,0,0,0,0,0.000299880047980808,0.0164934026389444,0.00169932027189124,0,0,0,0,0,0.000299880047980808,0.00149940023990404,0.00569772091163535,0,0.00259896041583367,0
0,0,0,0,0,0,0.000998502246630055,0.00129805292061907,0,0,9.98502246630055e-05,9.98502246630055e-05,0,0,0.00139790314528208,0,0,0,0,9.98502246630055e-05,0.00569146280579131,0.000998502246630055,0,0,0,0.0592111832251623,0,0,0.00109835247129306,0.000998502246630055,0.00379430853719421,0,9.98502246630055e-05,9.98502246630055e-05,0,0,0.00199700449326011,0,0,9.98502246630055e-05,0,0,0,0.000599101347978033,0,9.98502246630055e-05,0,0,0,9.98502246630055e-05,9.98502246630055e-05,0,0,0,9.98502246630055e-05,0,0,9.98502246630055e-05,0,0.000299550673989016,0,0.000698951572641038,9.98502246630055e-05,0,0,9.98502246630055e-05,0.00289565651522716,0,0,0,0.000499251123315027,0,0,0.000399400898652022,0,0,0,0,0,9.98502246630055e-05,0,9.98502246630055e-05,0.00668996505242137,0,0.0017973040439341,9.98502246630055e-05,0,9.98502246630055e-05,0,0.00219670494258612,0,0.00289565651522716,0.239940089865202,0,0.000199700449326011,0,0,0,0.000399400898652022,0,0,0.000399400898652022,0,0.00269595606590115,9.98502246630055e-05,0,9.98502246630055e-05,0.28007988017973,0,0,0.00688966550174738,9.98502246630055e-05,0,0.000499251123315027,0,0,0,0,0.00309535696455317,0,0,0,0,0,0.00259610584123814,0,0,0.0126809785322017,0,0,0.000399400898652022,0.00119820269595607,0,0,0,0,0.00129805292061907,0.000599101347978033,0,0,0.0226660009985022,0,9.98502246630055e-05,0,0,0,0,0,0,9.98502246630055e-05,0.000299550673989016,0.000299550673989016,0,0,0,0,0,0,0.000898652021967049,0.00479281078382426,0,0,0,0,0,9.98502246630055e-05,0.000499251123315027,0,0,0.000399400898652022,0,0,9.98502246630055e-05,0.000199700449326011,0,0,0.00109835247129306,9.98502246630055e-05,0,0,0,0,0,0,9.98502246630055e-05,0,0,0,0,0,0,0.00149775336994508,9.98502246630055e-05,0,0.000599101347978033,0,0,0.000199700449326011,0,0,0,0.0017973040439341,0,0,0,0.000299550673989016,0.000299550673989016,0,9.98502246630055e-05,0.000399400898652022,9.98502246630055e-05,0,0,0,0.000299550673989016,0.000499251123315027,0.000599101347978033,0,0.0036944583125312,9.98502246630055e-05,9.98502246630055e-05,0,0,0,0,0.00139790314528208,0.00459311033449825,0,0.000299550673989016,0,0.00109835247129306,0.000898652021967049,0.00129805292061907,0.00668996505242137,0,0,0,0,0,0.000199700449326011,0,0.0054917623564653,0,0.000399400898652022,0,0,9.98502246630055e-05,0,0,0,0.000299550673989016,0,0,0,9.98502246630055e-05,9.98502246630055e-05,0,9.98502246630055e-05,0,0.000599101347978033,0,0,0,9.98502246630055e-05,0.0122815776335497,0,0,0,9.98502246630055e-05,0.00599101347978033,0,0.000599101347978033,0.0650024962556166,0,9.98502246630055e-05,0,9.98502246630055e-05,0,9.98502246630055e-05,0.190314528207688,0,0,0.000399400898652022,0,0,0,0,0,0,0.000499251123315027,0,0,0,0,0.00379430853719421,0,0.000199700449326011,0,0,0.00289565651522716,0
0,0,0,0,0,0,0.0001000200040008,0,0,0,0,0,0,0,0.000600120024004801,0,0,0,0,0,0.0003000600120024,0.00320064012802561,0,0,0,0.314162832566513,0,0.000700140028005601,0.0282056411282256,0,0,0,0,0,0,0,0,0,0,0,0,0,0.000800160032006401,0,0,0.0001000200040008,0,0,0.000500100020004001,0,0,0,0,0,0,0,0,0,0.000400080016003201,0,0,0,0,0.0011002200440088,0,0,0.00780156031206241,0,0.000500100020004001,0.0435087017403481,0,0,0,0,0,0.011002200440088,0,0.000400080016003201,0,0.0001000200040008,0,0.00500100020004001,0.0400080016003201,0,0,0.0027005401080216,0,0,0.000600120024004801,0,0,0,0.0318063612722545,0,0,0,0.00820164032806561,0,0,0,0,0.0001000200040008,0,0,0,0,0,0.228345669133827,0,0,0.00660132026405281,0,0.0106021204240848,0.0013002600520104,0,0,0,0,0.0273054610922184,0,0,0,0,0,0.0029005801160232,0,0,0,0,0,0.0014002800560112,0,0,0,0,0,0,0,0.0017003400680136,0,0,0,0.0019003800760152,0,0,0,0,0,0,0,0.00510102020404081,0,0,0,0,0,0,0,0,0,0,0.002000400080016,0,0,0,0,0,0,0,0.00420084016803361,0,0,0,0,0,0,0.0026005201040208,0,0.0001000200040008,0,0,0,0,0,0,0,0,0,0,0,0,0.0031006201240248,0,0,0,0,0,0,0,0,0,0,0,0.0001000200040008,0,0,0.0003000600120024,0,0.0002000400080016,0.00380076015203041,0,0,0,0,0,0,0,0,0,0,0,0,0,0,0,0,0,0,0,0,0.0014002800560112,0,0.0023004600920184,0,0,0,0,0,0.0031006201240248,0,0,0.0023004600920184,0,0,0.0012002400480096,0,0,0,0,0,0,0,0,0,0,0,0,0,0,0,0,0,0,0,0,0,0,0,0,0.11372274454891,0,0.003000600120024,0.0403080616123225,0,0.0003000600120024,0,0,0,0,0.000900180036007201,0,0.00680136027205441,0.0132026405281056,0,0,0.00410082016403281,0.000900180036007201,0,0,0,0,0,0,0,0,0,0.001000200040008,0,0,0,0
0,0,0,0,0,0,9.99900009999e-05,0,0,0,0,0,0,0,0.0034996500349965,0,0,0,0,0,0,0,0,0,0,0.245475452454755,0,0,0,0,0.0257974202579742,0,0,0,0,0,0,0.0001999800019998,0,0,0,0,0,0,0,0,0,0,0,0,0,0,0,0,0,0,0,0,0,0.0044995500449955,0,0,0,0.0001999800019998,0,0,0.0237976202379762,0,0,0,0,0,0,0,0,0,0,0,0,0,0,0,0,0,0,0,0,9.99900009999e-05,0,0,0.0004999500049995,0,0,0.0021997800219978,0,0,0,0,0,0,0,0,0,0,0,0,0,0.413058694130587,0,0,0,0,0,0,0,0,0,0,0,0,0,0,0,9.99900009999e-05,0.003999600039996,0,0,0,0,0,0,0.0611938806119388,0,0,0,0,0,0,0,0,0.0665933406659334,0,0,0,0,0,0,0,0,0,0,0,0,0,0,0,0,0,0,0,0,0,0,0,0,0,9.99900009999e-05,0,0,0,0,0,0.0001999800019998,0,0,0,0,0,0,0.0002999700029997,0,0,0,0,0,0,0,0,0,0,0,0.0074992500749925,0,0,0,0,0,9.99900009999e-05,0,0,0,0,0,0,0.028997100289971,0.0121987801219878,0,0,0,0,0,0,0,0,0,0,0.0096990300969903,0,0,0,0,0.0008999100089991,0,0,0,0,0,0,0,0,0,0,0,0.0343965603439656,0,0,0,0,0,0,0,0,0,0,0,0,0,0,0,0,0,0,0,0,0,0,0,0,0,0,0,0,0,0,0,0,0,0,0,0.0012998700129987,0,0,0.0275972402759724,0,0,0,0,0,0,0,0,0,0.0074992500749925,0,0,0,0,0,0,0,0,0,0,0,0.0178982101789821,0,0,0,0,0,0
0,0,0,0,0,0,9.9930048965724e-05,0,0,0,0,0.000599580293794344,0,0,0.00969321474967523,0.000199860097931448,0.000699510342760068,0,0,0,0,0.00219846107724593,0,0,0,0.140501648845808,0,0,0.00109923053862296,0,0,0,0,0.00369741181173179,0,0,0.000699510342760068,0.00739482362346358,0,0,0,0.00339762166483462,0,0,0,0.0450684520835415,0,0,0,0,0,0.00349755171380034,0,0.000399720195862896,0,9.9930048965724e-05,9.9930048965724e-05,9.9930048965724e-05,0,0.0299790146897172,0,0,0,0.00139902068552014,0,9.9930048965724e-05,0.0190866393524533,0,0,0.00159888078345158,0.000799440391725792,9.9930048965724e-05,0,0,0,0,0,0,0,0,0,0.000599580293794344,9.9930048965724e-05,0,0,0.000399720195862896,0.00119916058758869,0,0.000299790146897172,0.00139902068552014,0,0.00369741181173179,0.039472369341461,0,0,0,0,0,0.000299790146897172,0,0,0,0.00109923053862296,0.00049965024482862,0,0.000699510342760068,0.00269811132207455,0.0283801339062656,0,0,0.017387828520036,0,0,0,0,0,9.9930048965724e-05,0.00189867093034876,0.026081742780054,0,0,0,0,0.000299790146897172,0.011591885680024,0,0,0.00159888078345158,0,0,0,0,0,0.000199860097931448,0.000199860097931448,0,0.000899370440691516,0,0,0,9.9930048965724e-05,0,0,0,0,0,0.00219846107724593,0,0,0,0.00109923053862296,0,0,0.000699510342760068,9.9930048965724e-05,0,0,0,0,0.00619566303587489,0,0,0,0,0,0,0.00179874088138303,0,0,0.000299790146897172,0,0,0,0,0,0,0.00109923053862296,0,0,0,0,0,0,0,0.000399720195862896,0,0,0,0,0,9.9930048965724e-05,0.0130908364145098,0,0,0,0,0,0,0,0,0,0.0193864294993505,0.0338762865993804,0,0,0.000199860097931448,0.000199860097931448,0,0,0,0,0,0,0,0,0.00179874088138303,0,0.00129909063655441,0,0.000299790146897172,0.00219846107724593,0,0,0,0,0,0,0,0.0150894373938243,9.9930048965724e-05,0.00179874088138303,0.00109923053862296,0.0020985310282802,0.125712001598881,0,0,0,0,0.00169881083241731,0.000199860097931448,0,0.0167882482262416,0,0,0,0.00149895073448586,0,0,0,0,0,0,0.00049965024482862,9.9930048965724e-05,0,0,0,0,0.000199860097931448,0,0,0,0,0,0,0,0,0,0,0.0242830018986709,0,0,0.00779454381932647,0,9.9930048965724e-05,0,0,0.000199860097931448,9.9930048965724e-05,0.252123513540522,0,0,0.0161886679324473,0,0,0,0,0,0.000299790146897172,0,0,0,0,0,0,0,0.00919356450484661,0,0,0.0226841211152193,0
0,0,0,0,0,0,9.99900009999e-05,0,0,0,0,0,0,0,0.0085991400859914,0,0,0.0017998200179982,0,0,0,0,0,0.000999900009999,0,0,0,0,0.0090990900909909,0,0.0241975802419758,0,0,0.0468953104689531,0,0,0.0011998800119988,0.0003999600039996,0,0,0,0,0,0,0,0.0322967703229677,0,0,0,0,0,0,0,0,0,0,0,0,0,0.0356964303569643,0,0.0007999200079992,0.0011998800119988,0,0,0,0.0047995200479952,0,9.99900009999e-05,0.0215978402159784,0,0,0,0,0,0,0,0,0,0,0,0,0,0,0,0,0,0,0,0,0,0.0041995800419958,0.0015998400159984,0,0,0.0001999800019998,0,0,0,0,0,0.0118988101189881,0,0,0,0,0,0.0100989901009899,0,0,0,0,9.99900009999e-05,0,0,0,0,0,0.0144985501449855,0.0001999800019998,0,0,0,0,0.211078892110789,0,0,0,0,0,0,0,0,0,0,0,0.0268973102689731,0,0,0,0,0,0,0,0,0.0024997500249975,0,0,0,0.0062993700629937,0,0,0,0,0,0,0,0,0,0.0110988901109889,0,0,0,0,0,0,0,0.0082991700829917,0,0,0,0,0,0.0001999800019998,0,0,0,0,0.0283971602839716,0,0,0,0,0,0,0.0013998600139986,0.0002999700029997,0,0,0,0,0.0046995300469953,0.0001999800019998,0,0,0.0003999600039996,0,0,0,0,0,0,0,0,0.0775922407759224,0.0364963503649635,0,0,0.0003999600039996,0.0008999100089991,0,0,0,0,0.002999700029997,0.0002999700029997,0.0255974402559744,0,0,0,0.0078992100789921,0,0,0,0,0,0,0,0.0128987101289871,0,0,0,0,0.0647935206479352,0,0,0,0,0,0,0,0.0011998800119988,0,0,0.0001999800019998,0.0015998400159984,0,0,0,0,0,0,0,0,0,0.0400959904009599,0,0,0.0007999200079992,0,0,0,0,0,0,0,0,0,0,0.0034996500349965,0,0,0.118588141185881,0,0.000999900009999,0,0,0,0.0004999500049995,0.0006999300069993,0,0,0.0634936506349365,0,0,0,0,0,0,0,0,0,0,0,0,0,0,0,0,0.0040995900409959,0
0,0,0,0,0,0,0.000199940017994602,0,0,0,0,0,0,0,0.000299910026991902,0,0,0,0,0,0,0,0,0.00189943017094872,0,0.454863540937719,0,0,0.0156952914125762,0.00119964010796761,0.00919724082775168,0,0,0.0200939718084575,0,0,0.000199940017994602,0,0,0,0,0,0,0,0,0.0161951414575627,0,0,0,0,0,0,0,0,0,0,0,9.99700089973008e-05,0,0.0272918124562631,0,0,9.99700089973008e-05,0,0.000399880035989203,0,0,0,0,0.0101969409177247,0,0,0,0,0,0,0,0,0,0.00709787063880836,0,0,0,0,0,0,0,0,0,0,0,0,0.00479856043187044,0,0,0,0.000199940017994602,0,0,0,0,0.000199940017994602,0,0,0,0,0,0.154353693891832,0,0,0,0,0,0,0,0,0,0,0,0,0,0,0,0,0.0136958912326302,0,0,0,0,0,0,0,0,0.000799760071978406,0,0,0.00149955013495951,0,0,0,0.00319904028791363,0,0,0,0,0,0,0,0,0.000399880035989203,0,0,0,0,0,0,0,0,0,0,0,0,0,0,0,0,0,0.000399880035989203,0,0,0,9.99700089973008e-05,0,0,0,0,0,0,0.048185544336699,0,0,0,0,0,0.000599820053983805,0,9.99700089973008e-05,0,0,0,0,0.000499850044986504,0,0,0,0,0,0,0,0,0,0,0,0,0,0,0,0,0,0.000199940017994602,0,0,0,0,0,0,0,0,0.00609817054883535,0,0,0,0,0,0,0,0,0,0,0,0,0,0,0.120563830850745,0,0,0,0,0,0.000199940017994602,0,0,0,0,0,0.00489853044086774,0,0,0,0,0,0,0,0,0,0,0,0,0,0,0,0,0,0,0,0,0,0,0.000499850044986504,0.00799760071978406,0,0,0.0147955613316005,0,0,0,0,0,0,0.0414875537338798,0,9.99700089973008e-05,0.00759772068379486,0,0,0,0,0,0,0,0,0,0,0,0,0,0.00149955013495951,0,0,0,0
0.000399800099950025,0,0,0,0,0,0.000399800099950025,0,0,0,0,0,0,0.00239880059970015,0.00129935032483758,0,0,0.000199900049975012,0,0,0.00819590204897551,0.00249875062468766,0,0,0,0.00219890054972514,0,0,0.00109945027486257,0.0095952023988006,0,0,0.00359820089955022,0.00919540229885057,0,0,0.00469765117441279,0,0.00289855072463768,0,0,0,0.00119940029985007,0.00579710144927536,0,0.015992003998001,0,0,0,0,0.00449775112443778,0,0,9.99500249875062e-05,0.00279860069965018,0,0,0,0,0.000199900049975012,0,0,0,0.000199900049975012,0,0,0.000299850074962519,0,0,0.00719640179910045,0.00169915042478761,0,0,0.00119940029985007,0,0,0,0,0,0.00339830084957521,0,0,0.00219890054972514,0,0.0190904547726137,0,0,0,0.00199900049975012,0.00689655172413793,0,0.000299850074962519,0.0015992003998001,0,0,0.000399800099950025,0,0,0.0162918540729635,0,0,0,0,0,0,0,0,0.0158920539730135,0.000199900049975012,0,0.00149925037481259,0,0,0.00509745127436282,0,0.000199900049975012,0.000499750124937531,0.00619690154922539,0.015392303848076,0.000199900049975012,0,0,0,0,0.00349825087456272,0,0,0,0,0,0.000399800099950025,0,0.000199900049975012,0,0,0.00759620189905048,0.0217891054472764,0,0,0,0.000299850074962519,0.000999500249875062,0.000899550224887556,0,0,0,0.000399800099950025,0,0,0,0.00239880059970015,0,0,0,0,0,0,0,0,0.0144927536231884,0,0.00229885057471264,0,0.0544727636181909,0,0.000199900049975012,0.000299850074962519,0,0,0,0,0,0,0,0,0,0.00269865067466267,0.0182908545727136,0.00509745127436282,0,0,0.00119940029985007,0,0,0.00429785107446277,0,0,0,0,0.00539730134932534,9.99500249875062e-05,0.00699650174912544,0,0,0,0,0,0,0,0.0372813593203398,0,0,0,9.99500249875062e-05,0,0,0,9.99500249875062e-05,0,0,0,0,0,0,0,0,0.00299850074962519,0,0.0141929035482259,0.000299850074962519,0.000399800099950025,0,0,0,0,0,0,0,0.000699650174912544,0,0.0220889555222389,0,0.00239880059970015,0.00689655172413793,0,0,0.000399800099950025,0,0.00299850074962519,0.0184907546226887,0.000299850074962519,0.047576211894053,0,0,0,0,0,0,0,0,0.0160919540229885,0.000299850074962519,0,0,0.015192403798101,9.99500249875062e-05,0,0,0.00519740129935032,0.00539730134932534,0,0,0,0.000299850074962519,0,0,0,0,0,0.000599700149925037,0,0.0047976011994003,0.0143928035982009,0,0,0,0,0,0,0.407896051974013,0,0,0.00529735132433783,0,0,0,0,0,0,0,0,0,0,0,0,0,0.000399800099950025,0,0,0.0252873563218391,0
0,0,9.9940035978413e-05,0.000199880071956826,0,0,0,0,0,0,0,0,0,0,0,0,0,0,0,0,0,0.0216869878073156,0,0,0.000599640215870478,0.0451728962622427,0,0.000499700179892065,0,0.00329802118728763,0.180691585048971,0,0,0,0,0,0.000199880071956826,0,0.000299820107935239,0,0,0,0,0,0,0,0,0,0,0,0,0.000399760143913652,0.000699580251848891,0,0,0,0,0,0,0,0,0,0,0.0134919048570857,0,0.000799520287827304,0.00519688187087747,0,0,0,0,0,0,0,0,0,0,0,0,0,0,0,0,0,0.0030981411153308,0,0,0,0,0,0,0.000299820107935239,0.000399760143913652,0,0,9.9940035978413e-05,0.00169898061163302,0,0.00659604237457526,0,0.00129922046771937,9.9940035978413e-05,0,0,0,0,0,0.0974415350789526,0,0,0.00269838097141715,0,0,0,0,0.00139916050369778,0,0.000599640215870478,0.012092744353388,0,0,0,0,9.9940035978413e-05,0,0.00149910053967619,0,0,0,0,0.00389766140315811,0,0,0,0,0,0,0.000299820107935239,0,0,0.000699580251848891,0,0,0,0,0,0,0,0,0,0,0,0,0,0,0,0,9.9940035978413e-05,0.000599640215870478,0.00579652208674795,0,0,0,0,0,0,0,0,0,0,0,0,0,0,0,0,0,0.043573855686588,0,0,0,0,0,0,0,0,0,0,0,0,0,0.0130921447131721,0,0,0,0,0,0,0,0,0,0,0,0.0293823705776534,0,0.00249850089946032,0,0,0,9.9940035978413e-05,0,0,0,0,0,0,0,0.01259244453328,0,0,0.00859484309414351,0.00279832100739556,0,0,0,0,0,0,0,0,0,0,0.00169898061163302,0.000899460323805717,0,0,0,0,0.00409754147511493,0.000999400359784129,0,0.0115930441734959,0,0,9.9940035978413e-05,0,0,0,0,0,0,0,0,0,0,9.9940035978413e-05,9.9940035978413e-05,0,0,0.00499700179892065,0,0,0,0,0,0,0,0,0,0.0177893264041575,0,0.00719568259044573,0.00109934039576254,9.9940035978413e-05,9.9940035978413e-05,0,0,0,0,0.353487907255647,0,0,0.0543673795722566,0,0,0,0.000299820107935239,0,0,0,0,0,0,0,0,0,0,0,0,0.0141914851089346,0
0,0,0,0,0,0,0.00119796346211441,0,0,0,0,0,0,0,0.00119796346211441,0.00269541778975741,0.00379355096336228,9.98302885095338e-05,0,0,0,0.00249575721273834,0,0,0,0.256264350603973,0,0.000598981731057203,0.000898472596585804,0.0082859139462913,0,0,0,0.00419287211740042,0.000499151442547669,0,0.00079864230807627,0,0.000199660577019068,0,0,0.00119796346211441,0.0246580812618548,0,0,0.0103823500049915,0,9.98302885095338e-05,0,0,9.98302885095338e-05,0.00289507836677648,0.000199660577019068,0,0,0,0,0,0,0.0064889687531197,0,0.000898472596585804,0,0.000199660577019068,0,0,0.00179694519317161,0,0,0.00868523510032944,0.00159728461615254,0,0,0,0,0.00499151442547669,0.000399321154038135,0.000199660577019068,0,0.00339422980932415,0,0.000499151442547669,0.00958370769691524,0,0,9.98302885095338e-05,0,0,0,0,0,9.98302885095338e-05,0.0285514625137267,0,0,0.000299490865528601,0,0,0,9.98302885095338e-05,0,0.00139762403913347,0,0,0,0,0,0.241589298193072,0,0,0,0,0,0.0407307577118898,0,9.98302885095338e-05,9.98302885095338e-05,0,0.0118798043326345,0,0,0,0,0,0.0258560447239693,0,0,0,0.000199660577019068,0,0,0,0.000299490865528601,0,0,0,0.000598981731057203,0,9.98302885095338e-05,0,0.00119796346211441,0,0.00149745432764301,0,0,0,0.00149745432764301,0,9.98302885095338e-05,0.00229609663571928,0.000598981731057203,0.000998302885095338,0,0.00129779375062394,9.98302885095338e-05,0,0,0,0,0.00139762403913347,0,0.000399321154038135,0,0,0,9.98302885095338e-05,0,0,9.98302885095338e-05,0.00279524807826695,0.000199660577019068,0,0,0,0,0,0,0.00529100529100529,0.0106818408705201,9.98302885095338e-05,0,0,0,0,0,0,0,0,0,0,0.000698812019566737,0,0,9.98302885095338e-05,0,9.98302885095338e-05,0,0,0,0,0,0,0,9.98302885095338e-05,0,0.00189677548168114,9.98302885095338e-05,0,9.98302885095338e-05,0,9.98302885095338e-05,0,0,0,0.000399321154038135,0.000199660577019068,0,0.000499151442547669,0.023759608665269,0,0.0082859139462913,0.000199660577019068,0,0,0,0,0,0,0.00579015673355296,0,0,9.98302885095338e-05,0,0.00788659279225317,0.000898472596585804,0,9.98302885095338e-05,0,9.98302885095338e-05,9.98302885095338e-05,0,0,0,0,0.000399321154038135,9.98302885095338e-05,0,0,0,0,0,0.000299490865528601,0,0,0.000299490865528601,0.00079864230807627,0.000299490865528601,0,0.000499151442547669,0.00199660577019068,0.000199660577019068,0,0,0.000399321154038135,9.98302885095338e-05,0,0,0,9.98302885095338e-05,0.0116801437556155,0,0,0.0666866327243686,0.000299490865528601,0,0,9.98302885095338e-05,9.98302885095338e-05,0.000399321154038135,0.100329439952081,0,0,0.00499151442547669,0,0,0.000598981731057203,0,0,0.00219626634720974,0.00319456923230508,0,0,0,0,0,0,0.00289507836677648,0,0,0.00539083557951483,0
0,0,0,0,0,0,0,0,0,0,0,0,0,0,0.0001999600079984,0,0,0,0,0,0,0.000499900019996001,0,0,0,0.303339332133573,0,0,0.000999800039992002,0.000499900019996001,0,0,0,0,0,0,0.0018996200759848,0.010497900419916,0,0,0,0,0,0,0,0.02999400119976,0,0,0.00439912017596481,0,0,0,0,0,0.0027994401119776,0,0,0,0,0,0,0,0,0,0,0,0.000899820035992801,0,0,0,0.0016996600679864,0,0,0,0,0,0,0,0,0,0,0,0.0587882423515297,0.000599880023995201,0,0.0002999400119976,0,0,0,0,0,9.99800039992002e-05,0.000699860027994401,0,0,0.0001999600079984,0,0,0.0172965406918616,0,0,0,0,0,9.99800039992002e-05,0.0011997600479904,0,0,0,0,0,0,0,0.0010997800439912,0,0,0,0,0.0030993801239752,9.99800039992002e-05,0,0,0,0.000399920015996801,0,0.0491901619676065,0,0,0,0,0,0,0,0,0,0,0.000899820035992801,0,0,0,0,0,0,0,0,0,0.000399920015996801,0,0,9.99800039992002e-05,0,0,0,0,0.0001999600079984,0,0,0,0,0,0,0,0,0,0,0,0,0,0,0,0.000499900019996001,0,0.0030993801239752,0,0,0,0,0,0,0,0,0,0,0,0,0,0,0,0,0,0.0001999600079984,0.0025994801039792,0.000399920015996801,0,0,0,0,0,0,0,0,0,0,0.000899820035992801,0,0,0,0,0,0.00699860027994401,0,0,0,0,0,0,0.00829834033193361,0.00459908018396321,0,0,0,0.000399920015996801,0,0,0.0001999600079984,0,0,0,0.00749850029994001,0,0,0.0002999400119976,0,0.0745850829834033,0,0,0,0,0,0.00639872025594881,0,0.0193961207758448,0,0,0.0011997600479904,0,0,0,0,0,0,0,0,0,0.000399920015996801,0.000899820035992801,0,0,0.0001999600079984,0,0,0,0,0.0002999400119976,0,0,0,0,0,0.0103979204159168,0,0,0.0909818036392721,0,0,0,0,0,0,0.25494901019796,0,0,0.0030993801239752,0,0,0,0,9.99800039992002e-05,0,0,0,0,0,0,0.00349930013997201,0,0.0012997400519896,0,0,0.00379924015196961,0
0,0,0,0,0,0,0.0002000400080016,0,0,0,0,0,0,0.00520104020804161,0.000400080016003201,0,0,0,0,0,0,0,0,0.0003000600120024,0,0.329665933186637,0,0,0.003000600120024,0.00870174034806961,0.00470094018803761,0,0,0,0,0,0.000800160032006401,0,0,0,0.0001000200040008,0.000400080016003201,0,0,0.0021004200840168,0,0,0,0,0,0,0,0,0,0,0,0,0,0,0,0,0,0,0,0,0,0,0.0019003800760152,0,0,0,0,0,0,0,0,0,0,0,0,0,0,0,0,0,0,0.00860172034406881,0,0.0012002400480096,0,0,0,0.000900180036007201,0,0,0,0,0,0,0,0.0011002200440088,0.0013002600520104,0,0,0,0,0,0.338167633526705,0,0,0.00330066013202641,0,0,0.00340068013602721,0,0,0,0.0003000600120024,0.024504900980196,0,0,0,0,0,0.00680136027205441,0,0,0,0,0,0,0,0,0.000500100020004001,0,0,0.00560112022404481,0,0,0,0,0.000400080016003201,0.0012002400480096,0,0,0,0,0,0,0,0.0031006201240248,0,0,0,0,0.0026005201040208,0,0,0,0,0,0,0,0,0,0,0,0,0,0.000500100020004001,0,0,0,0,0,0,0,0,0,0,0,0,0,0,0,0.00440088017603521,0,0,0,0,0,0.00410082016403281,0.0003000600120024,0,0,0,0,0,0,0,0,0,0,0,0,0,0,0,0,0.0014002800560112,0.000500100020004001,0,0,0,0,0,0,0,0.0148029605921184,0,0,0,0,0,0,0,0,0,0.0003000600120024,0,0,0,0,0.0302060412082416,0,0,0,0,0.0013002600520104,0,0,0,0,0,0,0,0,0.0001000200040008,0,0,0,0,0,0,0,0,0.000500100020004001,0,0,0,0,0,0,0,0,0,0,0,0,0.00980196039207842,0,0,0.0189037807561512,0,0.0001000200040008,0,0,0,0,0.116523304660932,0,0,0.00330066013202641,0,0,0,0,0.0002000400080016,0,0.0001000200040008,0,0,0,0,0,0,0.0214042808561712,0,0,0.0108021604320864,0
0,0,0.00229885057471264,0,0,0,9.99500249875062e-05,0.00329835082458771,0.0211894052973513,0.00129935032483758,0.000199900049975012,0.00079960019990005,0,0.0100949525237381,0.000999500249875062,0,0,0,0.000699650174912544,0,0,0.00179910044977511,0,0.00109945027486257,0,0.00079960019990005,0,0,0.00119940029985007,0,0,0,0,0.00349825087456272,0,0,0.000999500249875062,0.00239880059970015,0,0,0,0.00569715142428786,0.0114942528735632,0,0,0.000399800099950025,0,0,0,0,0,0,0,0,0,0.000399800099950025,0,0,0.0031984007996002,0,0,0,0,0.000299850074962519,0,0,0.0130934532733633,0,0.000399800099950025,0,0,0,0,0,0,0,0,0,0,0,0,0,0.00649675162418791,0,0.000599700149925037,0,0,0,0,0.000899550224887556,0,0.00199900049975012,0.0676661669165417,9.99500249875062e-05,0,0,0.00119940029985007,0,0.00569715142428786,0,0.00489755122438781,0.000699650174912544,0,0,0,0,0,0.379610194902549,0,0,0.0142928535732134,9.99500249875062e-05,0,0.000299850074962519,0,0,0.000199900049975012,0,0.000599700149925037,0,0,0,0,0,0.00309845077461269,0,0,0,0,0.00079960019990005,0.00469765117441279,0,0,0,0,0,0,0.000899550224887556,0.0015992003998001,0,0.00659670164917541,0.00499750124937531,0.00189905047476262,0,0,0,0,0.0015992003998001,0,0,0.000299850074962519,0,0,0.000399800099950025,0,0,0.00349825087456272,0,0,0.00229885057471264,0,0.000599700149925037,0,0,0,0.000199900049975012,0,0,0,0.000399800099950025,0,0,0,0,0,0,0.00259870064967516,9.99500249875062e-05,0,0.000199900049975012,0,0,0,0,0.000999500249875062,0.000399800099950025,0,0,0,0.0127936031984008,0,0.00129935032483758,0,0,0,0,0,0,0,0,0,0.00239880059970015,0,0,0,0.00259870064967516,0,0,0,0,0.000499750124937531,0,0,0,0.000499750124937531,0,0,0.00259870064967516,0.00879560219890055,0,0.000199900049975012,0.00149925037481259,0,0,0,0,0.00389805097451274,0,0.0047976011994003,0,0,0,0.00289855072463768,0.00399800099950025,0,0,0.000399800099950025,0,0.00769615192403798,0,0,0.0578710644677661,0,0,0,0,9.99500249875062e-05,0,0,0,0,0.000199900049975012,0,0,0.000999500249875062,0.000199900049975012,0.00169915042478761,9.99500249875062e-05,0.000499750124937531,0,0.000599700149925037,0,0,0.000199900049975012,0,0.000199900049975012,0,0,0.000899550224887556,0.104647676161919,9.99500249875062e-05,0,0.0106946526736632,0,0,0,0,0,9.99500249875062e-05,0.135832083958021,9.99500249875062e-05,0,0.00719640179910045,0,0,0,0,0,0.00759620189905048,0,0,0,0,0,0.00139930034982509,0,0.000299850074962519,0,0,0.000299850074962519,0
0,0,0,9.98901208670463e-05,0,0,0,0,0,0,0,9.98901208670463e-05,0,0,0.000299670362601139,0,0.000599340725202278,0.000299670362601139,0,0,0.00349615423034662,0.000299670362601139,0,0,0,0.0115872540205774,0,0,0.000399560483468185,0.00139846169213865,0,0,0,0.00769153930676256,0,0,0,0,0,0,0,0.000399560483468185,0,0.00429527519728299,0,0.00289681350514434,0,9.98901208670463e-05,0,0,0.000199780241734093,0,0,0,0.00149835181300569,0.000199780241734093,0,0,0.000299670362601139,0.000899011087803416,0,0.00149835181300569,0,0,0,0.000499450604335231,0.000599340725202278,0,9.98901208670463e-05,0.000199780241734093,0.000199780241734093,0,0,0.00159824193387274,0,0,0,0,9.98901208670463e-05,0.00179802217560683,0,0.000299670362601139,0.0160823094595944,0.000599340725202278,0,0,0,0,0.000998901208670463,0.00179802217560683,0,0.000599340725202278,0.0257716511836979,0,0,0.000199780241734093,0,0,0.00109879132953751,0,0,0,0,0,9.98901208670463e-05,0.000299670362601139,0.00938967136150235,0.364199380681251,0,0.0132853860753172,0.00579362701028868,0,0,9.98901208670463e-05,0,0,0,0,0.00589351713115573,0.000199780241734093,0,0,0,9.98901208670463e-05,0.00229747277994206,0.000998901208670463,0,9.98901208670463e-05,0,0,0.00339626410947957,0,0,0,0,0,0.000299670362601139,0,9.98901208670463e-05,0,9.98901208670463e-05,0,0.000998901208670463,0,0.00109879132953751,0.02806912396364,0,0.00109879132953751,0,0,0,9.98901208670463e-05,0,9.98901208670463e-05,9.98901208670463e-05,0,0,0,0,0.00349615423034662,0,0,0.000599340725202278,0.00689241833982619,0,0,0.000199780241734093,0.000299670362601139,0,0,0.000199780241734093,0,9.98901208670463e-05,0.000998901208670463,0,0,0.00109879132953751,0.0012985715712716,0.00889022075716712,0,0,0,0,0,0.000699230846069324,9.98901208670463e-05,0,0,0,0,0,0.00169813205473979,0,9.98901208670463e-05,0,0,0,0,0,0,0,0.000899011087803416,0,9.98901208670463e-05,0,9.98901208670463e-05,0,0,0,0,0,0.00189791229647388,0.000199780241734093,0,0.000299670362601139,0.000399560483468185,0.00839077015283188,0.000199780241734093,0,0,0.00309659374687843,9.98901208670463e-05,0,9.98901208670463e-05,0,9.98901208670463e-05,0.000399560483468185,0,0.00219758265907502,9.98901208670463e-05,0.00599340725202278,0,0,0.0038957147138148,0,0,0,0,0.00149835181300569,0,9.98901208670463e-05,0,0,0,0,0.000199780241734093,0,0,0,0,0,9.98901208670463e-05,0.000299670362601139,0,0.000199780241734093,0.000199780241734093,0,0,0,0.00289681350514434,0.00079912096693637,0,0,9.98901208670463e-05,0,0,0,0,0.00179802217560683,0.206672660073919,0.00239736290080911,0.00139846169213865,0.00329637398861253,0,0,9.98901208670463e-05,0,0,0,0.182599140944961,0,0,0.00479472580161822,0,0,0,0,0,0,0.000599340725202278,0,0,0,0,0.00079912096693637,0,0.00169813205473979,0.00249725302167616,0,0.000499450604335231,0
0,0,0,0.0010997800439912,0,0,0,0.0015996800639872,0,0,0,0,0,0,0,0,0,0,0,0,0,0.000399920015996801,0,0.0016996600679864,0,0.545690861827634,0,0,0.0001999600079984,0,0.000399920015996801,0,0,0,0,0,0,0,0,0,0,0,0.00959808038392321,0.0002999400119976,0,0.0220955808838232,0,0,0,0,0,0,0,0,9.99800039992002e-05,0,0,0,9.99800039992002e-05,0,0,0,0,0,0.0235952809438112,0,0.000699860027994401,0,0,0,0,0,0,0.0020995800839832,0,0,0,0,0,0,0,0,0,0,0.000399920015996801,0,0.000399920015996801,0,0,0,0,0,0,0,0,0,0,0,0.000499900019996001,0,0,0.0010997800439912,0,0,0,0,0,0.0503899220155969,0,0,0,0,0,0,0,0,0,0,0,0,0,0,0,9.99800039992002e-05,0.0211957608478304,0.0137972405518896,0,0,0,0,9.99800039992002e-05,0.0120975804839032,0,0,0,0,0,0,0,0,0.00669866026794641,0,0,0,0,0,0,0,0,0,0.0001999600079984,0,0,0,0,0,0,0,0.000399920015996801,0.0016996600679864,0,0,0,0,0,0,0,0,0,0,0,0,0,0,0,0,0,0,0,0,0,0,0,0,0,0,0,0,0,0,0,0.0015996800639872,0,0,0,0,0,9.99800039992002e-05,0,0,0,0,0,0,0,0.0001999600079984,0,0,0.0002999400119976,0,0,0,0,0,0.0015996800639872,0,0,0,0.0001999600079984,0,0,0,0,0,0,0,0,0,0,0,0.000899820035992801,0,0,0.139472105578884,0,0,0,0,0,0,0,0,0,0,0.0002999400119976,0,0,0,0,0,0,0,0,0,0,9.99800039992002e-05,0.0001999600079984,0,0,0.00559888022395521,0,0,0,0,0,0,0,0,0,0,0,0,0.00789842031593681,0,0,0,0,0,0,0.111977604479104,0,0,0.0002999400119976,0,0,0,0,0,0.0016996600679864,9.99800039992002e-05,0,0,0,0,0.0016996600679864,0,0.00479904019196161,0,0,0.0021995600879824,0
0,0,0,0,0,0,9.99900009999e-05,0.0090990900909909,0,0,0,0.0016998300169983,0,0.026997300269973,0.0026997300269973,0,0.007999200079992,0,0,0,0.002999700029997,0.0007999200079992,0,0,0,0.237176282371763,0,0,0,0,0.0001999800019998,0,0,0.0035996400359964,0,0.0001999800019998,0,0.0515948405159484,0,0,0,0.0024997500249975,0.0001999800019998,0.0010998900109989,0,0.0644935506449355,0,0,0,0,0,0,0,0,0,0,0.0002999700029997,0,0,0.0081991800819918,0,0.012998700129987,0.003999600039996,0,0.0003999600039996,0.0006999300069993,0.0031996800319968,0.0001999800019998,0,0,0.0032996700329967,0,0,0.0022997700229977,0,0,0,0,0,0.0167983201679832,0,0.0032996700329967,0,0,0.0048995100489951,0,0,0.0020997900209979,0.0004999500049995,0.000999900009999,0,0.0004999500049995,0.0006999300069993,0,0,0,0,0,0.0033996600339966,0,0,0.0003999600039996,0,0,9.99900009999e-05,0,0.0180981901809819,0.0351964803519648,0.002999700029997,0,0.000999900009999,0,0,0.0197980201979802,0,0,0,0,0.0201979802019798,9.99900009999e-05,0,0,0,0,0.0056994300569943,0,0,0,0,9.99900009999e-05,0.0080991900809919,0.0191980801919808,0.0067993200679932,0,0,0,9.99900009999e-05,0,0,0,0.0260973902609739,0,0,0,0,0,0,0,0,0,0,0,0,0,0,0,0,0,0,0.0005999400059994,0,0,0.0004999500049995,0.0821917808219178,0,0,0.000999900009999,0,0,0,0,0,0.0064993500649935,0,0,0,0,0.0181981801819818,0,0,0,0,0,0,0.0025997400259974,9.99900009999e-05,0,0,0,0,0,0.0238976102389761,0,0,0,0,0,0,0,0,0.0007999200079992,0,0,0,0,0.0031996800319968,0,0,9.99900009999e-05,0,0,0,0,0,0,0,0.0100989901009899,0,0.0331966803319668,0.0013998600139986,0,0,0,0,0,0,0.0075992400759924,0,0.0132986701329867,0,0.0050994900509949,0,0,0.0013998600139986,0,0,0,0,0,0,0,0.0064993500649935,0,0.0024997500249975,0,0,0,0,0.0003999600039996,0,0.0182981701829817,0,0,0,0,0,0,0,0,0,0,0.0048995100489951,0,0,0,0,0,0,0,0.0015998400159984,0,0.0033996600339966,0.001999800019998,0,0,0,0,9.99900009999e-05,9.99900009999e-05,0.0830916908309169,0,0,0.0063993600639936,0,0,0,0,0.0013998600139986,0.0035996400359964,0.0026997300269973,0,0,0,0,0.0001999800019998,0,0,0.0010998900109989,0,0.0036996300369963,0
0,0,0,0,0,0,0.00659802059382185,0.000199940017994602,0,0,0,0,0,0.00689793062081376,0.000299910026991902,0,0,0,0,0,0.000899730080975707,0.000899730080975707,0.000199940017994602,0.00129961011696491,9.99700089973008e-05,0.24852544236729,9.99700089973008e-05,0,0.000999700089973008,0.000299910026991902,0,0.00219934019794062,0,0.00369889033290013,0,0,9.99700089973008e-05,0,0,0,0,0,0,0.00309907027891633,0,0.0980705788263521,0,0.000499850044986504,0,0,0.000199940017994602,0,0,0,0,9.99700089973008e-05,0,0,0,0.00849745076477057,0,0.00169949015295411,0,0,0,0.00379886034189743,0.00749775067479756,0,0,0,0.00129961011696491,0,0,0.00809757072878137,0.00149955013495951,0,0,0,0,0.00129961011696491,0,0,0,0,0.00199940017994602,0,0,0,0,0.00149955013495951,0.00979706088173548,0.00339898030590823,0,0.00279916025192442,0,0,0,0,0.000199940017994602,0,0,0,0,0,0.00109967009897031,0,0,0.010296910926722,0,0,0,0,0,0.00109967009897031,0,0,0,0,0.00669799060281915,9.99700089973008e-05,0,0,0,9.99700089973008e-05,0.000299910026991902,0,0.0961711486554034,0,9.99700089973008e-05,0.00609817054883535,0,0.000299910026991902,0,9.99700089973008e-05,0,0,0.000399880035989203,0,0,0,0,0,0,0,0,0,0,0,9.99700089973008e-05,0,0,0,0,0,9.99700089973008e-05,0,0,0,0.000199940017994602,0.0135959212236329,0.000699790062981106,0,0,0.110666799960012,0,0,0,0,0,0,0.00149955013495951,0,0.00219934019794062,0,0,0,0,0.0420873737878636,0.00639808057582725,0,0,0,0,0,0,0,0,0,0,9.99700089973008e-05,0,0.00179946016195141,0,0,0,0,0,0,0,0,0,0,0,0,0,0.00379886034189743,0,0,0,0,0.000599820053983805,0,0.000299910026991902,0,0.000199940017994602,0,0.018594421673498,0.0118964310706788,0,0.00129961011696491,0,0,0,0,0,0,0,0,0.00889733080075977,0.000399880035989203,0.021593521943417,0,0,0.089073278016595,0,0,0,0,0,0,0,0,0,0,0,0,0,0,0,0.00119964010796761,0,9.99700089973008e-05,0.00179946016195141,9.99700089973008e-05,0.000199940017994602,0,0.000399880035989203,0,9.99700089973008e-05,0.000899730080975707,0,0,0,0,9.99700089973008e-05,0,0,0.00179946016195141,0.0111966410076977,0.00269919024292712,0,0,0,0,0,0,0.00199940017994602,0,0.000199940017994602,0.0732780165950215,0,9.99700089973008e-05,0.00729781065680296,0,0,0,0,0,0.00189943017094872,0.000299910026991902,0,0,0,9.99700089973008e-05,0,0,9.99700089973008e-05,0,0,0.00649805058482455,0
0,0.00219692430597164,0,0,0.000199720391451967,0.00249650489314959,0.000998601957259836,0.00129818254443779,0,0,0,0,0,0.0114839225084881,0.00129818254443779,0,0,0,0.000998601957259836,0,0.000699021370081885,0.000299580587177951,0,0.000299580587177951,0,0.151787497503495,0,0,0.000299580587177951,9.98601957259836e-05,0.0048931495905732,0,0,0,0,0,0.0345516277211903,9.98601957259836e-05,0.000199720391451967,0,0,0.00379468743758738,0,0.0042939884162173,0,9.98601957259836e-05,0,0.000399440782903934,0,0,0,0.000499300978629918,0.000199720391451967,0,0,0,0,0,0,0.00449370880766926,0,0.0048931495905732,0,0.00369482724186139,0,0.000898741761533853,0.000199720391451967,0,0.0011983223487118,0.00279608548032754,0.00149790293588975,0,0,0,0,0,0,0,0,0.000898741761533853,0,0.0011983223487118,0.0011983223487118,0.000499300978629918,0,0,0,0,0.000199720391451967,0.00359496704613541,0,0.0011983223487118,0.000998601957259836,0,0,0.00199720391451967,0,0,0,0,0,0,0,0,0,0,0,0.0133812662272818,0,9.98601957259836e-05,0.00738965448372279,0,0,0.00758937487517476,9.98601957259836e-05,0,9.98601957259836e-05,0,9.98601957259836e-05,0,0,9.98601957259836e-05,0,0.000499300978629918,0,0,9.98601957259836e-05,0,9.98601957259836e-05,0,0,0.0255642101058518,0,0.000499300978629918,0,0.00469342919912123,0.00129818254443779,0,0.000599161174355902,0,9.98601957259836e-05,0.000299580587177951,0,0,0,0,0.000898741761533853,0,9.98601957259836e-05,0.000199720391451967,0.000798881565807869,0.00179748352306771,0,0.00129818254443779,0,0,0,0.000699021370081885,0,0.00359496704613541,0,0.000199720391451967,0.000798881565807869,9.98601957259836e-05,9.98601957259836e-05,9.98601957259836e-05,0.000599161174355902,0,0,0,0.000199720391451967,0,0,0,0,0,0.00169762332734172,0,9.98601957259836e-05,9.98601957259836e-05,0,0,0,0,9.98601957259836e-05,0,0,0,0,0,9.98601957259836e-05,0.00269622528460156,0,0,0,0,0,0,0,0.00868783702816057,0,0,0,0.0371479928100659,0,9.98601957259836e-05,9.98601957259836e-05,0,9.98601957259836e-05,9.98601957259836e-05,9.98601957259836e-05,0.000399440782903934,0,0,0,0.000798881565807869,0.000699021370081885,0.000499300978629918,0,9.98601957259836e-05,0.00129818254443779,0.00299580587177951,0,0,0,0,0,0,0.00629119233073697,0,0.0114839225084881,0,0.000599161174355902,0.0164769322947873,0,0,0.00109846215298582,0,0.000399440782903934,0,9.98601957259836e-05,0.00149790293588975,0,0,0,0,0,0,0,0,0,9.98601957259836e-05,0.000499300978629918,0,0.000299580587177951,0,0,0,9.98601957259836e-05,0,0.000199720391451967,0,9.98601957259836e-05,9.98601957259836e-05,0.00579189135210705,0,0,0,9.98601957259836e-05,0.000499300978629918,0,0,0.144497703215498,0.112542440583184,0.000199720391451967,0,0,9.98601957259836e-05,0.000199720391451967,0.297982824046335,0,0,0.00589175154783303,0,0,0,0,9.98601957259836e-05,0.000699021370081885,0,0,0,9.98601957259836e-05,0,0,0,0.00199720391451967,0,0,0.00299580587177951,0
0,0,9.9940035978413e-05,0,0,0,0,0,0,0,0,0,0,0,0,0,0,0,0,9.9940035978413e-05,0,0.00919448331001399,0,0,9.9940035978413e-05,0.0947431541075355,0,0,0.000199880071956826,0,0.123226064361383,0,0,0,0,0,0,0.0115930441734959,0,0,0,0.000599640215870478,0,0.00239856086348191,0,0.0515690585648611,0,0,0,0,0,0,0,0,0.00789526284229462,0,0,0,0,0.0219868079152508,0,0,0,0,0,0,0.0485708574855087,0,0,0,0,0,0,0,0,0,0,0,0,0,0,0,0.0307815310813512,0,0,0,0,9.9940035978413e-05,0,0.00239856086348191,0,0.000599640215870478,0,0,0,0.00749550269838097,0,0,0,0,0,9.9940035978413e-05,0,0.00129922046771937,0,0,0.00109934039576254,0.101139316410154,0,0,0,0,0,0.00659604237457526,0,0,0.00239856086348191,0,0.0133919648211073,0,0,0,0,9.9940035978413e-05,0.01888866679992,0,0,0,0.0322806316210274,0,0.00319808115130921,0.00469718169098541,0,0,0,0,0.000199880071956826,0,0,0,9.9940035978413e-05,0,0,0,0,0,0,0,0,0,0,0.000899460323805717,0,0,0,0,0,0,0,0.00259844093543874,0,0,0,0.0191884869078553,0,0,0,0,0,0,0,0,0,0,0,0,0,0,0.0564661203278033,0,0,0,0,0,0,0,0,0.00349790125924445,0,0,0,0.0105936438137118,0,0,0,0,0,0,0,0,0,0,0,0,0,0,0.00139916050369778,0,0,0,0,0,0,0,0.00149910053967619,0,0.0144913052168699,0,0,0,0,0,0,0,0,0,0,0,0.00549670197881271,0,0.0100939436338197,0,0,0.00189886068358985,0,0,0,0,0,0,0,0,0.000199880071956826,0,0,0,0,0,0,0,0.000799520287827304,0,0,0,0,0,0,0,0.00639616230261843,0.00279832100739556,0,0,0,9.9940035978413e-05,0,0,0,0.00279832100739556,0,0.0114931041375175,0.00609634219468319,0.00469718169098541,0,0,0,0,0,0,0,0.175594643214072,0,0,0.0477713371976814,0,0,0,0,0,0,0.00759544273435938,0,0,0,0,0,0.000399760143913652,0,0,0,0.00599640215870478,0
0,0,9.99700089973008e-05,0,0,0,0.00109967009897031,0.00159952014395681,0,0,0,0.000199940017994602,0,0,0,0,0,0,0,0,0.000999700089973008,0.00349895031490553,0,0,0.000399880035989203,0.0469859042287314,0,0,0.00719784064780566,0.00129961011696491,0.00149955013495951,0,0,0.00479856043187044,0,0,0.00209937018894332,0.0258922323303009,0,0,0,0.00309907027891633,0.0396880935719284,0.00189943017094872,0,0.00179946016195141,0,0,0,0,0,0,0.000199940017994602,0,0.000899730080975707,0.000199940017994602,0,0,0.000199940017994602,0,9.99700089973008e-05,0,0,9.99700089973008e-05,0,0.000699790062981106,0.0144956513046086,0,0,0.00329901029691093,0.00129961011696491,0,0,0,0,0,0,0,0,0.00309907027891633,0,0,0.0243926821953414,0,0.000199940017994602,0,0,0,0,0.00509847045886234,0,0,0.0197940617814656,0,0,0.000199940017994602,0,0,0.00359892032390283,0,0.00159952014395681,0,0,0,9.99700089973008e-05,0,0,0.354893531940418,0,0,0,0,0,0.00219934019794062,0,9.99700089973008e-05,0,0,0.0269919024292712,0,0,0,0,0.000199940017994602,0.0128961311606518,0.0384884534639608,0,0,0.000199940017994602,0,0.00859742077376787,0.000699790062981106,0,0,0,0,0.00129961011696491,0,0.000699790062981106,0,0.000499850044986504,0.000299910026991902,0.00199940017994602,0,0.0120963710886734,0,0.00239928021593522,0.00269919024292712,0,0,0.00109967009897031,9.99700089973008e-05,0,0,0.00109967009897031,0,0,0.000199940017994602,0,0.000799760071978406,0,0,9.99700089973008e-05,9.99700089973008e-05,0,0,0.000699790062981106,0,0,0.000699790062981106,0.000299910026991902,0,0,0,0,0,0,0.00119964010796761,0.00249925022493252,0.000199940017994602,0,0,0,0,0.00129961011696491,0,0,0,0,0,0,0.00459862041387584,0,0,0.00229931020693792,0,0,0.000299910026991902,0,0,9.99700089973008e-05,0,0,0.00499850044986504,0,0.000199940017994602,9.99700089973008e-05,0,0,0.0129961011696491,0,0,9.99700089973008e-05,0.000699790062981106,0,0,0.00139958012596221,0.00849745076477057,0.00939718084574628,9.99700089973008e-05,0.0209937018894332,0.00159952014395681,0,0,0,0.00539838048585424,0.000299910026991902,0,0.00239928021593522,0,0.00379886034189743,0,0.00389883035089473,0.0168949315205438,0,0,0,0,0.000599820053983805,0,9.99700089973008e-05,0.0123962811156653,0,0,0,0,0,0,0,0,0,0.000599820053983805,0.000599820053983805,0,0.000599820053983805,0.000699790062981106,0.000399880035989203,0,0.00199940017994602,0,9.99700089973008e-05,0,0,0,0,0,0,0,0.00269919024292712,0.0469859042287314,0.000399880035989203,0.00239928021593522,0.000899730080975707,0,0,0,0,0,0,0.0836748975307408,0,0,0.0284914525642307,0,0,0,0,0,0,0.00799760071978406,0,0,0,0,0.00129961011696491,0,0.000699790062981106,0,0,0.00389883035089473,0
0,0,0,0,0,0,9.99700089973008e-05,0,0,0,0,0,0,0,0.00849745076477057,0.000399880035989203,0.00199940017994602,0,0,0,0,0,9.99700089973008e-05,0.0565830250924723,0,0.0323902829151255,0,0,0.0585824252724183,0.0240927721683495,0,0,0,0,0,0,0,0.00569829051284615,0,0,0,0,0.0906727981605518,0,0,0,0,0,0,0,0,0,0,0,0,0,9.99700089973008e-05,0.00259922023392982,0,0,0,0,9.99700089973008e-05,0.000299910026991902,0,0,0.00219934019794062,0,0,0,0,0,0,0.0179946016195141,0,0.0103968809357193,0,0,0.00719784064780566,0.000599820053983805,0,0,0,0,0,0.000599820053983805,0.000399880035989203,9.99700089973008e-05,0.000499850044986504,0,0,0.00239928021593522,0,0,0,0,0,0.000799760071978406,0.00119964010796761,0,0,0,0,0,0,0,0,0.0311906428071579,0,0,0.00889733080075977,0,0,0,0,0,0,0.010296910926722,0.0241927421773468,0,0,0,0.0155953214035789,0.000899730080975707,0.00579826052184345,0,0,0,0,0,0,0.0280915725282415,0,0,0,0.00189943017094872,0.00259922023392982,0.00279916025192442,0,0,0.0585824252724183,0.00119964010796761,0.00499850044986504,0.000499850044986504,0,0.0738778366490053,0.00129961011696491,0,0,0,0,0,0,0,0,0,0.000199940017994602,0,0,0.0124962511246626,0,0.00379886034189743,0,0,0,0,0,0,0,0,0,0,0,0,0.0109967009897031,0,0,0.00549835049485154,0.00639808057582725,0,0,0,0,0,0,0.00519844046785964,0,0,0,0,9.99700089973008e-05,0.00979706088173548,0.00569829051284615,0,0,0.000199940017994602,0,0,0,0,0,0,0,0,0.000199940017994602,0.000799760071978406,0,0,0,0.00579826052184345,0,0,0,0,0,0.00459862041387584,0,0,0.106268119564131,0,0.00809757072878137,0,0,0,0,0,0,0.000199940017994602,0,0,0.00869739078276517,0,0.00369889033290013,0.0101969409177247,0,0,0,0,0.00109967009897031,0.0227931620513846,0,0.0282915125462361,0,0,0.000699790062981106,0,0,0,0,0,0,0,0,0,0.00289913026092172,9.99700089973008e-05,0.00239928021593522,0,0,0,0,0,0,0.000199940017994602,0,0,0,0,0,0.000899730080975707,0,0,0.0682795161451565,0,0,0,0,0,0,0.0478856343097071,0,0.00109967009897031,0,0,0.000199940017994602,0,0,0,0.00449865040487854,0,0,0.00279916025192442,0,0,0.00589823053084075,0,0.00169949015295411,0,0,0,0
0,0,0,0,0,0,0.00299910026991902,0.00639808057582725,0,9.99700089973008e-05,9.99700089973008e-05,0.00129961011696491,0,0,0.00419874037788663,0,0,0,0,0,0.00619814055783265,9.99700089973008e-05,0,9.99700089973008e-05,0,0.00159952014395681,0,0,0.000199940017994602,0.000299910026991902,9.99700089973008e-05,0,0,0.00119964010796761,0.000699790062981106,0,0,0,0,0,0,0.00179946016195141,0.131560531840448,0.00559832050384884,0,0,0,0.000199940017994602,0,0,0,0,0,0,0.028591422573228,0.00339898030590823,0,0,0,0.000299910026991902,0,0.00129961011696491,0,0.00139958012596221,0,0.0118964310706788,0.00209937018894332,0.000299910026991902,0,0.000299910026991902,0.00359892032390283,9.99700089973008e-05,0.000399880035989203,0,0,0,0.000299910026991902,0,0,0.00249925022493252,0,0.000699790062981106,0,0,0.00149955013495951,0,0,0,0.000399880035989203,0.00109967009897031,0,0.000399880035989203,0,0,0,0,0,0,0.00209937018894332,0,0,0.000399880035989203,0,0.0131960411876437,0.000299910026991902,0,0.0115965210436869,0.0668799360191942,0,0.0329901029691093,0.00449865040487854,0.00339898030590823,0,0.00409877036888933,0,0,0,0.00379886034189743,0.00239928021593522,0,0.000299910026991902,0,0,0.000599820053983805,0.00219934019794062,0,0,0,0,0,0,0.00649805058482455,0.000199940017994602,0,0,0,0.00149955013495951,0,0,0,0,0,0.00359892032390283,0,0.0194941517544737,0,0.00179946016195141,0.00439868039588124,0,0,0.000699790062981106,0,0,9.99700089973008e-05,0,0,0,0.000999700089973008,0,0,0,0,0,0.0928721383584925,0,0,0.000599820053983805,0,0,0.000899730080975707,9.99700089973008e-05,0.000199940017994602,0,0,0,0,0,9.99700089973008e-05,0.00119964010796761,0,0,0,0,0,0.000299910026991902,0.00139958012596221,0,0,0,0.00179946016195141,0,0.00749775067479756,9.99700089973008e-05,0,0,0,0,0,0,0,0,0,0,0.00109967009897031,0.00409877036888933,0.000299910026991902,0,0,0,9.99700089973008e-05,0,0,0,0.000399880035989203,0.000199940017994602,0.000999700089973008,0.00679796061181645,0.00119964010796761,0,0.00259922023392982,0,0.00229931020693792,0,0,0,0,0.00959712086374088,0,0.00859742077376787,0,0.00379886034189743,0,0.00149955013495951,0.000799760071978406,0,0,0,0.000199940017994602,0,0.000199940017994602,0,0.00269919024292712,0,0,0,0.00119964010796761,0,0,0.000199940017994602,0,0,0,0.00239928021593522,0,0.000399880035989203,0.000699790062981106,0,0,0.000499850044986504,0.013296011196641,0,0,0.000699790062981106,0.000199940017994602,0,0.000699790062981106,0,0,0.026592022393282,0.362991102669199,0,0.00299910026991902,0.00389883035089473,0,0,0,0,0,0.000499850044986504,0.00119964010796761,0,0,0.00809757072878137,0,0,0,0,0,0,0.00529841047685694,0,0,0,0,9.99700089973008e-05,0,0,0,0,9.99700089973008e-05,0
0,0,0,0,0,0,2e-04,0.0029,0,0,0,0,0,0,0.001,0,0,0,0,0,0.005,0,0,1e-04,0,0,0,0,0.0042,0.0129,0,0,0,0.011,0,0,0,0.006,0,0,0,0,0,0.0016,0,0.0086,0,0,0,0,0,0,0,0,0,0,0,0,0.0022,0.0065,0,0,0,0,0,0,0.0011,0,0,0.0403,0,0,0,0,0,0,0,0,0,0.0017,0,0,0,0,0,0,0,0,0,0.0251,0,0.0017,0,0,0,0,0.0024,0,0,0,0,0.0155,0,0,0,0,0,0,0,0.0488,0,0,0,0.0079,0,0,0,0,0.0278,5e-04,0,0,0,0,0.0288,0,0,0,0,0,0,0.0181,0,0,0,0,0.0054,0,0,0,0,0,1e-04,0,0,0,2e-04,0,0,0.003,0.0029,0,0,0,0,0,0,0,0,0.0119,0,0,0,0,0,0,0,4e-04,0,0,0,0,9e-04,0,0,0,0,0,1e-04,0,0,0,0,0,3e-04,0,0,0,0,0,0,0.0126,1e-04,5e-04,0,1e-04,0,0,0,0.0014,0,0,0,0.0371,0,8e-04,1e-04,0,3e-04,8e-04,0.0018,0,0,0,0,0,0.0032,0,0,6e-04,0,0,0,0,0,0,0,0,0,0,0,0,0,0.0551,0,0,0,0,0,0,0,0,0,0,0,0,0,0,0,0,0,0,0,0,0,0,0,0,0,0,0,0,0,3e-04,1e-04,0,0,0,3e-04,0.0219,0,0,0.1688,0,0,0,3e-04,0,0,0.3084,0,0,0.0705,0,0,0,0,0,0,0,0,0,0,0,0,0,5e-04,0,0,0.0039,0.0034
9.99800039992002e-05,0,0,9.99800039992002e-05,0,0,0,0,0,0,0,0,0,0,0.0001999600079984,0,0,0,0,0,0,0,0,0.0002999400119976,0,0.0173965206958608,0,0,0.0002999400119976,0.000599880023995201,0,0.00359928014397121,0,0,0,0,0,0,9.99800039992002e-05,0,0,0,0,0,0,0.00399920015996801,0,0,0,0,0,0,0,0,0.0023995200959808,0,0,0,0,0,0,0,0,0,0,0,0.0227954409118176,0,0,0,0,0,0,0,0,0,0,0,0,0,0,0,0,0,0,0,0,0,0,0,0,0,0.000399920015996801,0,0,0.0002999400119976,0,0,0,0,0,0.000599880023995201,0,0,0,0,0,0.248350329934013,0,0,0,0,0,0,0,0,0,0,0.0001999600079984,0,0,0,0,0.0013997200559888,0,0,0,0,0,0,0,0,0,0,0,0,9.99800039992002e-05,9.99800039992002e-05,0,0,9.99800039992002e-05,0,0,0,0,0,0,0,0,0,0,0,0,0,0.000599880023995201,0,0,0,0,0,0,0,0,0,0,0,0,0,0,0,0.000499900019996001,0,0,0,0,0.000399920015996801,0,0,0,0,0,0,0,0,0,0,0,0,0,0,0,0,9.99800039992002e-05,0,0,0,0,0,0,0,0,0,0,0,0,0,0,0,9.99800039992002e-05,0.0015996800639872,0,0,0,0,0,0,0.0283943211357728,0,9.99800039992002e-05,0,0,0,0,0,0,0,0,0,0,0,0,0,0,0.271545690861828,0,0,0,0,0,0,0,0,0,0,0,0,0,0,0,0,0,0,0,0,0,0.000399920015996801,9.99800039992002e-05,0,0,0,0,0,0,9.99800039992002e-05,0,0,0,0,0,0.0011997600479904,0,0,0.0777844431113777,0,0,0,0,0,0,0.260547890421916,0,0,0.0146970605878824,0,0,0,0,0,0,0,0,0,0,0,0.0364927014597081,0,9.99800039992002e-05,0,0,0.0017996400719856,0
0,0.0150849150849151,9.99000999000999e-05,9.99000999000999e-05,0,0,0,0,0,0,0,0,0,0,9.99000999000999e-05,0.0001998001998002,0,0,0,0,0.0108891108891109,0,0,0.0004995004995005,0,0.0134865134865135,0,0,9.99000999000999e-05,0,0.292707292707293,0,0,0,0,0,0.0002997002997003,0,0,0,0,0,0,0,0,0,0,0,9.99000999000999e-05,0,0,0,9.99000999000999e-05,0.000599400599400599,0,0,0,9.99000999000999e-05,0,0,0,0,0,0,0,0,0.00789210789210789,9.99000999000999e-05,0,0,0.00919080919080919,0,0,0,0,0,0,0,0,0,0,0.0012987012987013,0,0,0,9.99000999000999e-05,0.0001998001998002,9.99000999000999e-05,0,0.0044955044955045,0,0.0001998001998002,0.0001998001998002,0,0,9.99000999000999e-05,0,9.99000999000999e-05,0,0,0,0,9.99000999000999e-05,0,0,0,0,0.0214785214785215,0,0,0,0,0,0,0,0,0,9.99000999000999e-05,0,0,0,0,0,0,0,0,0,0,0,0,0,0,0,9.99000999000999e-05,9.99000999000999e-05,0,9.99000999000999e-05,0,0.0004995004995005,0,0.0003996003996004,0.0002997002997003,0,0,0,0,0.0016983016983017,0,0,0,0.0015984015984016,0.00629370629370629,0,0,9.99000999000999e-05,0,0,0,0.0294705294705295,0,0,0.0001998001998002,0,0,0,0,0,0,0,0.0011988011988012,0,0,0,0,0,0,0,0.0277722277722278,0.0488511488511488,0,0,0,0,0.0002997002997003,0,0,0,0,0,0,0,0,9.99000999000999e-05,0,0,0.0016983016983017,0,0.0003996003996004,0,0,0,0.0048951048951049,0,0,0,0,0,0.0002997002997003,0,9.99000999000999e-05,0,0,0,0,0,0,0,0.00969030969030969,0.0215784215784216,0,0.0033966033966034,0,0,0,0,0.0010989010989011,0,0,0,0,0,0,0.0023976023976024,0.0003996003996004,0,0,0,0,0.000699300699300699,9.99000999000999e-05,0,0.004995004995005,0,0,0,0.000899100899100899,0,0,0,0,0,0,0,0,0,0,9.99000999000999e-05,0,0,0,0.000599400599400599,0,0,0,0,0.0001998001998002,0,0,0.0023976023976024,9.99000999000999e-05,0,0,0.0282717282717283,0.000699300699300699,9.99000999000999e-05,0,0,0,9.99000999000999e-05,0.401298701298701,0,0,0,0,0.0003996003996004,0.0014985014985015,0,9.99000999000999e-05,0,0,0,0,0,0,0.00549450549450549,0,0,0,0,0.00679320679320679,0
0,0.000199840127897682,0,0,0.000199840127897682,0.0016986410871303,0.00109912070343725,0.00239808153477218,0,0,0.000499600319744205,0.000199840127897682,9.99200639488409e-05,0,0.0016986410871303,0,0.00289768185451639,0,0.00329736211031175,0,0.00179856115107914,0.0021982414068745,0,0.00139888089528377,0,0.222821742605915,0,0,0.00159872102318145,0.00159872102318145,0.00689448441247002,0,0,0.0101918465227818,0.000499600319744205,0,0.00649480415667466,0.012589928057554,0,0,0,0.00379696243005596,0,0,0,0,0,0,0,0,0.000699440447641887,0,0.000199840127897682,9.99200639488409e-05,0.000699440447641887,0.000299760191846523,0,0,9.99200639488409e-05,0.00329736211031175,9.99200639488409e-05,0,0,0.000299760191846523,0,0.000299760191846523,0.000499600319744205,0,0.0100919264588329,0.0038968824940048,0.000399680255795364,9.99200639488409e-05,0,0,0,0.0584532374100719,9.99200639488409e-05,0.000199840127897682,0,0.000299760191846523,0,0.00229816147082334,0.000299760191846523,0,0,0.000199840127897682,9.99200639488409e-05,9.99200639488409e-05,0.000199840127897682,0.00999200639488409,0,0.000499600319744205,0.00319744204636291,0,0,0.00159872102318145,0,0,0,0,0,0,9.99200639488409e-05,0,0.000499600319744205,0,0.00749400479616307,0.0136890487609912,0,0,0.00359712230215827,0,0,0,0.000199840127897682,9.99200639488409e-05,0,0,0.0135891286970424,0,0,0,0,0.000299760191846523,0.0209832134292566,0.000599520383693046,0,0.000699440447641887,0.000599520383693046,0,0.00339728217426059,0.0172861710631495,0,0.000399680255795364,0.000699440447641887,9.99200639488409e-05,0.000399680255795364,0,0.000799360511590727,0,0.000299760191846523,0.000199840127897682,0,0,0.0129896083133493,0,0.000399680255795364,0,0,0,0.00129896083133493,0.00109912070343725,0,9.99200639488409e-05,9.99200639488409e-05,0,0,9.99200639488409e-05,0,0.00289768185451639,0,0.000699440447641887,0,0,9.99200639488409e-05,0,0.00109912070343725,0,0,0,0,0,0,0,0,0,0.00129896083133493,0.0104916067146283,0.000399680255795364,0,0,0.0016986410871303,0,0,0.000499600319744205,0,0,0.0274780175859313,0,0,9.99200639488409e-05,0.0142885691446843,9.99200639488409e-05,0,0,0,0,0,0,0.000699440447641887,0,0,0,9.99200639488409e-05,0,0.000999200639488409,0.0016986410871303,0.000599520383693046,0,9.99200639488409e-05,0,0,0,9.99200639488409e-05,0,0.00529576338928857,0,0.000899280575539568,0.0291766586730616,0,0,0.00189848121502798,0,0.000699440447641887,9.99200639488409e-05,0,0.00139888089528377,0,0.00279776179056755,9.99200639488409e-05,0.00909272581934452,0.00139888089528377,0.000899280575539568,0.0132893685051958,0,0,0.000799360511590727,0,0.000599520383693046,0.00139888089528377,0,0,0,0,9.99200639488409e-05,0,0,0,0,0,0,0,0,0,0,9.99200639488409e-05,0.000399680255795364,0,0.000399680255795364,0,0,0,0,9.99200639488409e-05,0.00559552358113509,0,0,0,0,0.00129896083133493,0,0.00119904076738609,0.0702438049560352,0,0,9.99200639488409e-05,0,9.99200639488409e-05,0,0.217525979216627,9.99200639488409e-05,0,0.0103916866506795,0,0,0.00289768185451639,0,0,0.00239808153477218,0,0,0,0,0,0.00579536370903277,0.000199840127897682,0.000299760191846523,0,0,0.0585531574740208,0
0,0,0,0.0019003800760152,0,0,0.0016003200640128,0.0001000200040008,0,0,0,0,0,0,0,0,0.0012002400480096,0,0,0,0,0.0122024404880976,0,0.000500100020004001,0,0.0323064612922585,0,0,0,0,0.00830166033206641,0,0,0.0001000200040008,0,0,0,0.0161032206441288,0,0,0,0,0,0.00740148029605921,0,0.0559111822364473,0,0,0,0,0,0,0.0001000200040008,0,0.00560112022404481,0,0,0,0,0.000400080016003201,0,0.00930186037207442,0.000600120024004801,0,0,0,0.0104020804160832,0,0,0,0.0017003400680136,0,0,0.00630126025205041,0,0,0,0,0,0,0,0,0.000500100020004001,0,0.0863172634526905,0,0.0001000200040008,0,0,0,0.0696139227845569,0,0,0.00370074014802961,0,0,0,0,0,0,0.000600120024004801,0,0,0,0,0,0,0.0206041208241648,0,0,0,0,0,0.0023004600920184,0,0,0,0,0,0,0,0,0,0.0001000200040008,0,0,0,0,0.000700140028005601,0,0,0.0163032606521304,0,0,0,0,0,0.0001000200040008,0,0,0,0,0,0,0,0,0,0,0,0.0016003200640128,0.0016003200640128,0,0.000500100020004001,0.0003000600120024,0,0,0,0,0.0297059411882376,0.0026005201040208,0,0,0,0.0002000400080016,0,0,0.0001000200040008,0,0.0001000200040008,0,0.000400080016003201,0,0,0,0,0,0,0.0196039207841568,0,0,0,0,0,0.0022004400880176,0.0002000400080016,0,0,0,0,0,0.000400080016003201,0.00630126025205041,0.0001000200040008,0,0,0,0,0,0,0.0003000600120024,0,0,0,0.015503100620124,0,0.000700140028005601,0,0,0,0.000600120024004801,0,0,0,0,0.00340068013602721,0,0,0,0,0,0,0,0.0114022804560912,0,0,0.0002000400080016,0,0,0,0.0002000400080016,0.0137027405481096,0,0,0.0102020404080816,0,0,0.000700140028005601,0,0,0.000400080016003201,0,0,0,0,0.0001000200040008,0,0,0,0,0,0,0.00870174034806961,0,0,0,0.002000400080016,0.000400080016003201,0,0,0.000500100020004001,0.0002000400080016,0,0,0.000400080016003201,0.0002000400080016,0,0,0.0343068613722745,0,0.0141028205641128,0,0,0.0167033406681336,0,0.0001000200040008,0,0,0,0,0.265953190638128,0,0,0.00760152030406081,0,0.111122224444889,0,0,0,0.0017003400680136,0,0,0,0,0,0,0.00410082016403281,0.0001000200040008,0,0.00550110022004401,0.0186037207441488,0.0114022804560912
0,0,0,0,0,0,0,0,0,0,0,0,0,0.0937812437512497,0.0153969206158768,0,0,0,0,0,0,0.00699860027994401,0,0,0,0.416616676664667,0,0,0.000599880023995201,0.0002999400119976,9.99800039992002e-05,0,0,0.00559888022395521,0,0,0,0.0001999600079984,0,0,0,0,9.99800039992002e-05,0.0178964207158568,0,0.0211957608478304,0,0,0,0,0,9.99800039992002e-05,0,0,0,0,0,0,0,0,0,0,0,0,0,0,0.0218956208758248,0,0,0,0,0,0,0,0,0,0,0,0,0.00419916016796641,0,0,0,0,0,0,0,0,0,0,9.99800039992002e-05,9.99800039992002e-05,0.00759848030393921,0,0,0,0,0,0.0147970405918816,0,0,9.99800039992002e-05,0,0,0,0,0.000699860027994401,0.0778844231153769,0,0.00359928014397121,0,0,0,0.0100979804039192,0,0,0,0,0,0,0,0,0,0,0.0320935812837433,0.0001999600079984,0,0,0,0,0.000799840031993601,0.0333933213357329,9.99800039992002e-05,0,0,0,0,0,0,0,0,0,0,0,0,0,0,0.0001999600079984,0,0,0,0,0,0,0,0,0,0,0.0011997600479904,0,0.000899820035992801,0,0,0,0,0,0,0,0,0,0,0,0.0030993801239752,0,0,0,0,0,0.0001999600079984,0,0,0,0,0,0,0,0,0,0,0,0,0.00509898020395921,9.99800039992002e-05,0,0,0,0.0026994601079784,0,0,0,0,0,0,9.99800039992002e-05,0.00499900019996001,0,0,0,0,0.0002999400119976,0,0,0,0,0,0,0.00899820035992801,0,0,0,0,0,0,0,9.99800039992002e-05,0,0,0,0.00429914017196561,0,0,0,0,0.0678864227154569,0,0,0,0,0,0,0,0,0.00679864027194561,0,0,0,0,9.99800039992002e-05,0,0,0.0257948410317936,0,0.0022995400919816,0,0,0,0,0,0,0,0,0,0,0,9.99800039992002e-05,0,0,0.00549890021995601,0.000699860027994401,0.0001999600079984,0,0,0.0470905818836233,0,0,0,0,0,0,0,0,0,0.0125974805038992,0,0,0,0,0,0.000499900019996001,0.0012997400519896,0,0,0,0,0,0,0,0.0013997200559888,0,0.00889822035592881,0
0,0,0,0,0.000999100809271655,0,9.99100809271655e-05,0,0,0,0,0,0,0,0.00169847137576181,0,0,9.99100809271655e-05,0,0.000199820161854331,9.99100809271655e-05,9.99100809271655e-05,0,0,0,0.511839344589869,0,0,0.000299730242781497,0.000699370566490159,0.0133879508442402,0,0,0.00199820161854331,0,0,0.000699370566490159,0.000199820161854331,0,0,9.99100809271655e-05,0.00299730242781497,0,0,0,0.00819262663602758,0,0,0.000799280647417324,9.99100809271655e-05,0,0.000499550404635828,0.000199820161854331,0,0,0,0,0,0,0.00679388550304726,9.99100809271655e-05,0,0,0,0,0,0.0057947846937756,0.00509541412728544,0,0,0.000599460485562993,0,0,0,0,0,0,0.000999100809271655,0,0.000299730242781497,0,0.00219802178039764,9.99100809271655e-05,0,0,0,0,0,0,9.99100809271655e-05,0.00279748226596064,0,0.00519532420821261,0,0,9.99100809271655e-05,0,0,0.00229793186132481,0,0,0,0,0,0,0,0.00819262663602758,0.0611449695274253,0,0,0.0152862423818563,0.00179838145668898,0,0.00119892097112599,0,0,0,0.00139874113298032,0.00399640323708662,0,0,0.00179838145668898,0,0,0.0028973923468878,0,0,0.00229793186132481,0.000999100809271655,0,9.99100809271655e-05,0.000599460485562993,0.0028973923468878,0,0,0,0.000199820161854331,0,0.000799280647417324,0,0,0,0,0,0,0,0.000299730242781497,0,0,0.000199820161854331,0.000299730242781497,0.00269757218503347,0,0,0,0,0,0,0,0,0,0,0,0.0057947846937756,0,0,0,0.000499550404635828,0,0.00449595364172245,9.99100809271655e-05,0,9.99100809271655e-05,0,0,0,0.00269757218503347,9.99100809271655e-05,0.0191827355380158,0,0.00309721250874213,0,0,0,9.99100809271655e-05,0,0,0,0,0,0,0.00109901089019882,9.99100809271655e-05,0,0,0,0,0,0,0,0,0,0,0,0,0,9.99100809271655e-05,9.99100809271655e-05,0.000499550404635828,0.000199820161854331,0,0.0028973923468878,0,0.000199820161854331,0,0,0.00269757218503347,0.000399640323708662,0.000199820161854331,0,0,0,0,0,0,0,0,0,0.00299730242781497,0,0.00309721250874213,0,0.00109901089019882,0,0,0,0,0,0,0,0,0.00199820161854331,0,0.000199820161854331,0,0,0,0,0,0,0,0,0.000199820161854331,0,0,0,0,0,0,0,0,0,0,0,0.00209811169947048,0,0,0,0,0.0731341792386852,0.000199820161854331,9.99100809271655e-05,0.00759316615046458,0,0.000599460485562993,0,0,0,0.000399640323708662,0.168048756119492,0,0,0.00349685283245079,0,0,0,0,0.000399640323708662,0,9.99100809271655e-05,0,0,0,0,0,0,0.000299730242781497,0.000499550404635828,0,0.00189829153761615,0
0,0,0,0,0,0,0,0,0,0,0,0,0,0.0030996900309969,0.0028997100289971,0,0,0,0,0,0.0121987801219878,0.0014998500149985,0,0,0,0.257074292570743,0,0,0,0,0,0.0024997500249975,0,0,0,0,0,0,0,0,0,0,9.99900009999e-05,0.0127987201279872,0,0.0957904209579042,0,0,0,0,0,0,0,0,0.0010998900109989,0,0,0,0,0.0042995700429957,0,0.0014998500149985,0,0,0,0,0.0055994400559944,0,0,0,0,0,0,0.001999800019998,0,0,0,0,0,0.0074992500749925,0,0,0,0,0.0051994800519948,0,9.99900009999e-05,0,0,0.0053994600539946,0.0086991300869913,0,0,0,0,0,0,0,0.0028997100289971,0,0,0,0,0,0,0,0.0303969603039696,0.0673932606739326,0.0043995600439956,0,0,0.0027997200279972,0,0.0047995200479952,0,0,0,0,0.0208979102089791,9.99900009999e-05,0,0,9.99900009999e-05,9.99900009999e-05,0.0098990100989901,0,0,0,0,9.99900009999e-05,0,0.0002999700029997,0,0,0,0,0.0015998400159984,0,0,0,0.0004999500049995,0,0,0,0,0,0,0,0,0,0,0,0,0,9.99900009999e-05,0,0,0,0.0008999100089991,0.0025997400259974,0,0,0,9.99900009999e-05,0,0,0,0,0,0,0,0,0,0,0,0,0,0.0188981101889811,0.0372962703729627,0,0,0,0,0,0,0,0,0,0,0,0,0.0137986201379862,0,0,0,0,0,0,0,0,0,0,0,0,0,0.0007999200079992,0,0,0,0,0,0,0.0001999800019998,0,0,0,0.0128987101289871,0,0,0,0,0.0025997400259974,0,0,0,0,0.0073992600739926,0,0.0035996400359964,0,0.0117988201179882,0,0,0.0372962703729627,0,0,0,0,0,0,0,9.99900009999e-05,0,0,0,0,0,0,0,0,0.0504949505049495,0,0,0,0,0.0073992600739926,0.0002999700029997,0,0,0.0008999100089991,0.0004999500049995,0.0018998100189981,0,9.99900009999e-05,0,0,0,0.0041995800419958,0,0.0252974702529747,0,0,0.0016998300169983,0,0,0,0,0,0.0001999800019998,0.152784721527847,0,0,0.0126987301269873,0,0,0,0,0,0.0008999100089991,0.0021997800219978,0,0,0,0,0.0003999600039996,0,0.0003999600039996,0,0,0.0115988401159884,0
0,0.000599880023995201,0,0,0,0,0.0016996600679864,0,0,0,0,0.000399920015996801,0,0,0.0023995200959808,0,0.000799840031993601,0,0,0,0,0.0013997200559888,0,0,0,9.99800039992002e-05,0,0,0.0183963207358528,0.00489902019596081,0.000899820035992801,0,0.000599880023995201,0.000399920015996801,0,0,0.000899820035992801,0.002999400119976,0,0,0,0,0.0013997200559888,0,0.0016996600679864,0.0001999600079984,0,0,0,0,9.99800039992002e-05,0,0,0.0001999600079984,0,0,0,0,0,0,0,0,0,0,0,0,0.0002999400119976,0.000599880023995201,0.0002999400119976,0,0,0,0,0,0,0,0,0,0,9.99800039992002e-05,0,0.00559888022395521,0,0,0,9.99800039992002e-05,0,0,0.0017996400719856,0.00359928014397121,0,0.000499900019996001,0.373325334933013,0,0,0.0010997800439912,0,0,0,0,0,0.000599880023995201,0,0,0.0002999400119976,0,0,0.0803839232153569,0,0,0.00429914017196561,0,0,0,0,0,0,0,0.000999800039992002,0,0,0,0,0.0002999400119976,0,0,0,0,0,0,0,0,0,0,0,9.99800039992002e-05,0.0106978604279144,0,0,0,0,0.000799840031993601,0.0031993601279744,0,0,0.0668866226754649,0,0,0,0,9.99800039992002e-05,0,0,0,0,0,0,0,0,9.99800039992002e-05,0,0,0,0,0,0,0.000499900019996001,0,0,0,0,0,0,0,0,0,0.000599880023995201,9.99800039992002e-05,0.000899820035992801,0,0,0,0,0,0,0.000399920015996801,0,0,0,0,0,0.00419916016796641,0,0,0,0,0,0,0,0,0,0.00539892021595681,0,0,0.162867426514697,0.0002999400119976,0,0,0,0,0,0,0,0,0,0,0,0,0.0132973405318936,0,9.99800039992002e-05,0,0,0,0,0,0,0,0.000499900019996001,0,0.000799840031993601,0,0.00249950009998,0.00709858028394321,0,0,0,0,0,0,0,0.0018996200759848,0,0,9.99800039992002e-05,0,0,0,0,0,0,0,0,0,0,9.99800039992002e-05,0,0,0,0,0.000899820035992801,0,0,0,0,0,0,0,0,0.02249550089982,0,0.0002999400119976,0.0562887422515497,0,0,0,0,0,0,0.116876624675065,0,0,0.0001999600079984,0,0,0,0,9.99800039992002e-05,0,0,0,0,0,0,0,0,9.99800039992002e-05,0,0,0.00489902019596081,0
0,0,0,9.99600159936026e-05,0,0,0.000999600159936026,0,0,0,0,0.00039984006397441,0,0,0.00139944022391044,0,0,0,0,0,0,0.00289884046381447,0,0,0,0.281887245101959,0,0,0,0,0,0,0,0,0,0,0.0101959216313475,0.00239904038384646,0,0,0,0.000999600159936026,0.00589764094362255,0.00309876049580168,0,0.00409836065573771,0,0,0,0,0,0,0,0,0,0,0,0.000499800079968013,0.00039984006397441,0,0,9.99600159936026e-05,9.99600159936026e-05,0,9.99600159936026e-05,0,0.00149940023990404,0.00039984006397441,0,9.99600159936026e-05,0,0,0,0.00039984006397441,0,0,0,0,0,0,0,0,0,0,0.000699720111955218,0,0.000199920031987205,0,0.000499800079968013,0.00299880047980808,0,0,0,0,0,0,0,0,0.00349860055977609,0,0,0.0398840463814474,0,0,0,0,9.99600159936026e-05,0.00219912035185926,0.00039984006397441,0,0.00239904038384646,0,0,0.000699720111955218,0,0,0,0,0.00659736105557777,0,0,0,0,0.000299880047980808,0.118252698920432,0,0,0,0,0,0.00129948020791683,0.000999600159936026,0,0,0,0,0.00279888044782087,0,0,0,0.00129948020791683,0,0,0,0.023390643742503,0,0,0,0,0.000199920031987205,0.000699720111955218,0,0,0,9.99600159936026e-05,0,0,0,0,0.0166933226709316,0,0,0,9.99600159936026e-05,0,0,0,0.000199920031987205,0,0,0,0,0,0,0,0,0,9.99600159936026e-05,0.00279888044782087,0,0,0,0,0,0,0,0,0,0,0,0,0.00209916033586565,0,0,0,0,0,0,0,0,0,0,0,0,9.99600159936026e-05,0.000499800079968013,0,0,9.99600159936026e-05,0,0,0,9.99600159936026e-05,0,0.00199920031987205,0,0,0,0,0,0,9.99600159936026e-05,0,0,0,0,0,0,0.00449820071971212,0,0.0078968412634946,0,0.00149940023990404,0.111055577768892,0,0,0,0,0,0,0,0.00119952019192323,0,0,0,0,0,0,0,0,0,0,0,0,0,0,0,0,0,0,0,0,0,9.99600159936026e-05,0,0,0,0,0,0,0,0,0.0585765693722511,0,0,0,0,0,0.00109956017592963,0.226609356257497,0,0,0.023390643742503,0,0,0,0,0,0,0.00159936025589764,0,0,0,0,0.00249900039984006,0,0,0,0,0.00759696121551379,0
0,0,0,0,0.000199880071956826,0,0,0,0,0,0,0,0,0,0.0022986208275035,0.000199880071956826,0,0,0,0,0,9.9940035978413e-05,0,0,0,0.425844493304018,0,0,0.00699580251848891,0.00349790125924445,9.9940035978413e-05,0,0,0.00509694183489906,0,0,0,0,0,0,0,0,0,0,0,9.9940035978413e-05,0,9.9940035978413e-05,0.000299820107935239,0,0,0,0,0,0,0,0,0,0,0.00939436338197082,0,0,0,0.00209874075554667,0,0,0,0,0,0.0099940035978413,0,0,0,0,0,0.00979412352588447,0.000199880071956826,0,0,0,0,0,0.00489706176294223,0,0,0,0.0498700779532281,0,0,0,0,0.00379772136717969,0,0,0,0,0,0,0.00129922046771937,0,0,0,0,0,0,0,0,0.318908654807116,0,0,0,0,9.9940035978413e-05,0.00869478313012193,0.000399760143913652,0,0,0,0.00859484309414351,0,0,0,0,9.9940035978413e-05,0.00239856086348191,0,0,0,0,0,0,0,0,0,0,0,0.000599640215870478,0,0,0,0.000599640215870478,0,0,0,0,0,0.000199880071956826,0,0,0.00319808115130921,9.9940035978413e-05,0,0,0.00279832100739556,9.9940035978413e-05,0,0,0,0,0,0.000299820107935239,0,0,9.9940035978413e-05,0,0,0,0,0,0.0158904657205677,9.9940035978413e-05,0,0,0,0,9.9940035978413e-05,0,0,0.0099940035978413,9.9940035978413e-05,0,9.9940035978413e-05,0,0,0.00209874075554667,0,0,0,0,0.000199880071956826,0,0.00319808115130921,0.000299820107935239,9.9940035978413e-05,0,0,0,0,0,0,0,0,0.00559664201479113,9.9940035978413e-05,0,0,9.9940035978413e-05,0,0,0.000499700179892065,0,0,0,0,0,9.9940035978413e-05,0.000699580251848891,0.000199880071956826,0.00969418348990606,0,0.0115930441734959,0.00199880071956826,0,0,0,0,0,0,0.000399760143913652,0,0,0,0,0,0,0,9.9940035978413e-05,0,0,0,0,0,0,0,0,0.000799520287827304,0,0,0,0,0,0,0.000199880071956826,0,0,0,0,0,0,0,0.000199880071956826,0,0,9.9940035978413e-05,9.9940035978413e-05,0,0,0,0.000199880071956826,0.00199880071956826,0,0,0.0360783529882071,0,0.000499700179892065,0,0,0,0,0.00339796122326604,0,0,0.0030981411153308,0,0,0.00169898061163302,9.9940035978413e-05,0,0,0,0,0,0,0.000399760143913652,0,0,0.000799520287827304,0,0,0.00369778133120128,0
0,0,0,0,0,0,0.000199940017994602,0,0,0,0,0,0,0.0173947815655303,0.0124962511246626,0,0,0,0,0,0,0.000199940017994602,0,0,0,9.99700089973008e-05,0,0,0,0,0.00179946016195141,0,0,0.00739778066580026,0,0,0,0.00119964010796761,0,0,0,0,0,0,0,0.00569829051284615,0,9.99700089973008e-05,0,0,0.00649805058482455,0,0,0,0.000299910026991902,0,0,0,0,9.99700089973008e-05,0.000199940017994602,0.00549835049485154,0,0,0,9.99700089973008e-05,9.99700089973008e-05,0,0.00169949015295411,0.000399880035989203,0.00409877036888933,0,0,0.000299910026991902,0.143157052884135,0,0,0,0,0.00129961011696491,0,0,0,0,0,0.000399880035989203,0,0,0,0,0.00149955013495951,0.000299910026991902,0,0,0,0,0,0,0.00979706088173548,0,0,0,0,0,0.00389883035089473,0,0,0.143956812956113,0,0,0,0,0,0.00239928021593522,0,0,0,0,0.000499850044986504,0,0.000399880035989203,0,0,0,0.014295711286614,0.00739778066580026,0,0,0,0,0.000599820053983805,0.00189943017094872,0,0,0,0,9.99700089973008e-05,0,0,0,0.000499850044986504,0,0,0,0,0,9.99700089973008e-05,0,0,0,0.000499850044986504,0.00129961011696491,0,9.99700089973008e-05,9.99700089973008e-05,0,0,0,0,0.0216934919524143,0,0,0,0.0447865640307908,0,0,0.000699790062981106,0,0.000299910026991902,0,9.99700089973008e-05,0,0,0,0,0,0,0.0177946616015195,9.99700089973008e-05,9.99700089973008e-05,0.000199940017994602,0,0,0,0,0,0,0,0,0,0.000299910026991902,0.00119964010796761,0,0,0,0,0,0.000499850044986504,0,0,0,0,0,0.012296311106668,0.000299910026991902,0.000199940017994602,0,0,0,0,0,0,0,0,0,9.99700089973008e-05,0.00119964010796761,0,0,0,0,0.000999700089973008,0,0,0,0,0,0,0.0175947215835249,0.000499850044986504,0.00349895031490553,0,0,0.0157952614215735,0,0,0.000299910026991902,0,0,0,0,0,0,0,0,0.00109967009897031,0,0,0,0,0,9.99700089973008e-05,0.00159952014395681,0,0.00169949015295411,0.000199940017994602,0.000299910026991902,0,9.99700089973008e-05,0,0.000199940017994602,0.000499850044986504,0,9.99700089973008e-05,0,0,0,0,0.000499850044986504,0.00259922023392982,0,0,0.186843946815955,0,0,0,9.99700089973008e-05,0.000199940017994602,0.00139958012596221,0.239028291512546,0,0,0.00419874037788663,0,0,0,0,0,0.00129961011696491,0.000699790062981106,0,0,0,0,0.0148955313405978,0,0.000399880035989203,0,0,0.000999700089973008,0
0,0,0,0,0,0,0,0,0,0,0,0,0,0,0,0,0,0,0,0,0.0003000300030003,0.0009000900090009,0,0,0,0.213021302130213,0,0,0.0009000900090009,0,0.0388038803880388,0,0,0,0,0,0.0037003700370037,0.003000300030003,0,0,0,0,0,0,0,0.0002000200020002,0,0,0,0,0,0,0,0,0,0,0,0,0,0.0005000500050005,0,0,0,0,0,0,0.0029002900290029,0,0,0.0033003300330033,0,0,0,0,0,0,0,0,0,0.0001000100010001,0,0,0.0001000100010001,0,0.0004000400040004,0.0001000100010001,0,0,0,0.0033003300330033,0,0,0,0,0,0.0002000200020002,0,0,0.0004000400040004,0,0,0,0,0,0,0,0,0.433043304330433,0,0,0,0,0,0.0016001600160016,0,0,0,0,0.0018001800180018,0.0001000100010001,0,0,0.0035003500350035,0.0001000100010001,0.0124012401240124,0,0,0,0,0,0,0.0014001400140014,0,0,0,0,0,0,0,0,0,0,0,0,0,0,0,0,0,0.0011001100110011,0.0004000400040004,0,0,0,0,0,0,0,0,0.0002000200020002,0,0,0,0.0001000100010001,0,0,0,0,0,0,0,0,0,0,0,0,0,0,0.0033003300330033,0,0,0,0,0,0,0,0,0,0,0,0,0.0024002400240024,0,0,0,0,0,0,0,0,0,0,0,0,0.0357035703570357,0.0079007900790079,0,0,0,0,0,0,0,0.0001000100010001,0.0001000100010001,0,0.0058005800580058,0,0,0,0,0,0,0,0,0,0,0,0.0019001900190019,0,0.0006000600060006,0,0,0.0108010801080108,0,0,0,0,0,0,0,0,0,0,0.0004000400040004,0,0,0,0,0,0.0008000800080008,0,0,0,0,0,0,0,0,0,0,0,0,0,0,0,0,0,0,0.0744074407440744,0,0,0.0106010601060106,0,0,0,0,0,0.0003000300030003,0.103710371037104,0,0,0.0016001600160016,0,0,0,0,0,0,0.0002000200020002,0,0,0,0,0.0024002400240024,0,0.0004000400040004,0,0,0.0087008700870087,0
0,0,0,0,0,0,0.00409713200759468,0,0,0,0,0.000299790146897172,0,0.0155890876386529,0.000399720195862896,9.9930048965724e-05,0,0,0,0,0,0,0,0.0045967822524233,9.9930048965724e-05,0.271909663235735,0,0,0.00229839112621165,0,0,0,0,0.00449685220345758,0.000399720195862896,0.000899370440691516,0.000199860097931448,0,0,0,9.9930048965724e-05,0,0,0,0,0.132307384830619,0,0,0.00049965024482862,0,0,0,0,0,0,0,0,0,0.00119916058758869,0.0385729989007695,0,0.0095932847007095,9.9930048965724e-05,0.000199860097931448,0,0,0.027880483661437,0,0,0,0,0,0,0,0,0,0,0,0,0.0445688018387129,0,0,0,0,0,9.9930048965724e-05,0,0,0.000799440391725792,0,9.9930048965724e-05,0,0.000599580293794344,0,0.00589587288897772,0.000299790146897172,9.9930048965724e-05,0.000199860097931448,0,0,0.00099930048965724,9.9930048965724e-05,0.000599580293794344,0,0,0,0,0.00699510342760068,0,0,0.0053962226441491,0,0,0.0630558608973718,0,0,0.000299790146897172,0.000199860097931448,0.0141900669531328,0,0,0.00229839112621165,0,0,0.000599580293794344,0,0,0,0,0,0,0.000599580293794344,0.00509643249725192,0,9.9930048965724e-05,0,0.000199860097931448,0,0,0.000299790146897172,9.9930048965724e-05,0.000399720195862896,0.00049965024482862,0,0,0,0,0,0,0.00149895073448586,0.00109923053862296,0,0.000199860097931448,0,9.9930048965724e-05,0,0,0,0.0078944738682922,0,0,0.000599580293794344,0,0,0,0,0.00269811132207455,0.000199860097931448,0,0.00049965024482862,0,0,9.9930048965724e-05,0,0,0,0.00169881083241731,0,0,0,0,0,0,0,0,0.00369741181173179,0.000199860097931448,0,0,0,0,0,9.9930048965724e-05,0,0.00189867093034876,9.9930048965724e-05,0,0,0,0,0,0,0,0,0,0,0,0,9.9930048965724e-05,0.000399720195862896,0,0,0,0,0,0,0.0270810432697112,0,0.00909363445588088,0,0,0,0,0,0,0,0,0,0.0309783151793744,0.000399720195862896,0.0494653742380334,0,0.00109923053862296,0.0143899270510643,0.00099930048965724,9.9930048965724e-05,0,0,0.00109923053862296,0,0,0.0218846807234936,0,0,0,0,0,0.000299790146897172,0,0,0.0136904167083042,0,0,0,0,0,0,0,0,0,0.00149895073448586,0,0,0,0,0,0,0,0,0.000299790146897172,0,0,9.9930048965724e-05,0,0.000699510342760068,0,0,0,0.00149895073448586,0.0704506845208354,0,0,0.0305785949835115,0,0,0,0,0,0.0106925152393325,0,0,0,0,0,0,0,0,0,0,0.0199860097931448,0
0,0,0,0,0.00219846107724593,0,0.00659538323173778,0,0,0,0.000399720195862896,0,9.9930048965724e-05,0,0.00119916058758869,0.00429699210552613,0.0053962226441491,0.000699510342760068,0.00109923053862296,0,0.000699510342760068,0.00239832117517738,9.9930048965724e-05,0.000199860097931448,0,0.0682522234435895,0,0,0.000199860097931448,9.9930048965724e-05,0.0422704107125012,0,0,0,0,0,0.000399720195862896,0.00739482362346358,0.000199860097931448,0,0,0.000399720195862896,0,0,0,0.00129909063655441,0,0,0,0,9.9930048965724e-05,0,0.000699510342760068,0,0,0,0,0,0,0,0,0,0,0.000399720195862896,0,0,0.0316778255221345,0,0.00849405416208654,0,0.00259818127310882,0,0,0,0.00159888078345158,0,0,0,0,0,0,0.000799440391725792,0.00279804137104027,0,0.00139902068552014,0.000299790146897172,0.0356750274807635,0,0.00109923053862296,0.00159888078345158,0,0.00419706205656041,0.0074947536724293,0,0,0,0,0,0,0,0,0,0,0,0,0,0,0.237333866293594,0,0,0,0,0,0,0,0,0,0,9.9930048965724e-05,0,0.000199860097931448,0,0.00259818127310882,0.000199860097931448,0,0,9.9930048965724e-05,0,0,0.0074947536724293,0,0.000399720195862896,0,0,0,0.000199860097931448,9.9930048965724e-05,0,0.000199860097931448,0.000199860097931448,0.0105925851903667,0.000399720195862896,0,0,0,0,0,0,9.9930048965724e-05,0,0.00099930048965724,0,0,0,0,0,0.000799440391725792,0.00329769161586889,0,0.00469671230138903,0,0.000599580293794344,0,0.0271809733186769,0,9.9930048965724e-05,0.000299790146897172,0,0,0.00319776156690317,0,0,9.9930048965724e-05,0.00169881083241731,0,0,0.00109923053862296,0.00329769161586889,0.00299790146897172,0,0,0,0.0020985310282802,0,0.00149895073448586,0.00149895073448586,0,0,0,0,9.9930048965724e-05,0.000799440391725792,0,0,0,0,0.000399720195862896,0,0,0.0132906965124413,0,0.0074947536724293,0,0.0491655840911362,0,0.010492655141401,0,0,0,0,9.9930048965724e-05,0,0,0,0,0,0.00149895073448586,0.00759468372139502,0,0,0,0,0,0,0,0,0,0,0,0,0.00559608274208054,0,0.00139902068552014,0.188967722594184,0,0,0,0,0.000899370440691516,0,9.9930048965724e-05,0.0274807634655741,0,0,0.000399720195862896,0,0,0,0,0,0,9.9930048965724e-05,0,0,0.0024982512241431,0.00049965024482862,9.9930048965724e-05,0,0,0.00519636254621765,0.00099930048965724,0,0,0.000299790146897172,0.0121914659738183,0,0,0,0,0.0246827220945338,0,0,0.000599580293794344,0.0367742580193864,9.9930048965724e-05,0,0,0,0.00359748176276606,0.0215848905765964,0,0,0,0,0,0.000699510342760068,0,0,0.0074947536724293,0,0,0,0,0,0.00389727190966324,0,0.000399720195862896,0,0,0,0
0,0,9.9930048965724e-05,0,0,0,0,0.00159888078345158,0,9.9930048965724e-05,0,0.000399720195862896,9.9930048965724e-05,0.00359748176276606,0.000199860097931448,0.00119916058758869,0,0,0,0.000199860097931448,0.00769461377036075,0,0,9.9930048965724e-05,0,0.0404716698311182,0,0,9.9930048965724e-05,0.00199860097931448,0.0271809733186769,0,9.9930048965724e-05,0.0149895073448586,0.000299790146897172,0,0.00389727190966324,0.00149895073448586,0.000199860097931448,0,9.9930048965724e-05,0.00329769161586889,0,0.0074947536724293,0,0.0158888777855501,0,9.9930048965724e-05,0,9.9930048965724e-05,0.000199860097931448,9.9930048965724e-05,0.000199860097931448,0,0.00259818127310882,0.000199860097931448,0,9.9930048965724e-05,0,0.023183771360048,9.9930048965724e-05,0.0102927950434696,0,9.9930048965724e-05,0,0,0.00359748176276606,0,0,0,0.00159888078345158,0,0,0.00659538323173778,9.9930048965724e-05,0,0,0,0,0.0124912561207155,0,0,0.0297791545917858,0,0,0.000299790146897172,0.000699510342760068,0,0.000299790146897172,0.000699510342760068,0,9.9930048965724e-05,0.000799440391725792,0,0,0.000599580293794344,0,0,0.00439692215449186,0,0.00049965024482862,0,0,0,0,0,0.00529629259518337,0.0484660737483761,0,0,0.00579594284001199,0,0,0.00309783151793744,0,9.9930048965724e-05,0,0.000299790146897172,0.00909363445588088,0,0,0.000799440391725792,0,0,0.0225841910662536,0,0,0,0,0.00479664235035475,0.00489657239932048,0.0439692215449186,9.9930048965724e-05,0.000399720195862896,9.9930048965724e-05,0,9.9930048965724e-05,9.9930048965724e-05,0.0095932847007095,0,0.000299790146897172,0.00049965024482862,0.00109923053862296,0.000199860097931448,0,0,0.00139902068552014,0.00139902068552014,0.000399720195862896,9.9930048965724e-05,0.00099930048965724,0.000699510342760068,0,0.00129909063655441,9.9930048965724e-05,0,0,0.000299790146897172,0,0.0181872689117618,0,0.000799440391725792,0.00149895073448586,0.0152892974917558,9.9930048965724e-05,0,0.00099930048965724,0,0,0,0,0,0,0,0,0,0.00109923053862296,0.0329769161586889,0.00759468372139502,0.000199860097931448,0,0,0,0,0.00239832117517738,0.000899370440691516,0,0,0,0,0,0.00739482362346358,9.9930048965724e-05,0,0,0,0,0.000399720195862896,0,0,0,0,0,9.9930048965724e-05,0,0.00109923053862296,9.9930048965724e-05,0,0,9.9930048965724e-05,0.00349755171380034,0,0,0,0.000599580293794344,0.00159888078345158,0.00469671230138903,0.0182871989607275,0.00269811132207455,0,0.00429699210552613,0.00519636254621765,0.0113920255820925,0,0,0,0,0,0.00469671230138903,0,0.01448985710003,0.00579594284001199,0.000699510342760068,0.0218846807234936,0,9.9930048965724e-05,0.00139902068552014,0,0.00049965024482862,0.000699510342760068,0,0.0259818127310882,0,0,0,0,0,0,0,0.002897971420006,0,9.9930048965724e-05,0.000599580293794344,0,0.00199860097931448,0.000199860097931448,0.00109923053862296,9.9930048965724e-05,0.000199860097931448,0.00119916058758869,0.000199860097931448,0,0.000799440391725792,9.9930048965724e-05,0.011591885680024,0,0,0,0.000899370440691516,9.9930048965724e-05,0.000799440391725792,0.000299790146897172,0.04416908164285,0,0,0,0.000399720195862896,0.000199860097931448,0.000699510342760068,0.267612671130209,9.9930048965724e-05,0,0.0182871989607275,0,0,0,0,9.9930048965724e-05,0.0024982512241431,0.0020985310282802,0,0,0,0,0.00989307484760668,0,0.000199860097931448,0,0,0.00969321474967523,0
0,0,0,0,0,0,0.0019001900190019,0,0,0,0,0,0,0.0115011501150115,0.0003000300030003,0,0,0,0,0,0.0124012401240124,0.0063006300630063,0,0,0.0004000400040004,0.182518251825183,0,0,0.0004000400040004,0,0,0,0.0004000400040004,0.01000100010001,0,0,0,0,0,0,0.0001000100010001,0,0,0.0104010401040104,0,0,0,0,0,0,0,0,0,0,0,0,0,0,0,0.0265026502650265,0,0,0,0,0,0.0005000500050005,0.0051005100510051,0.0006000600060006,0,0,0.0019001900190019,0,0,0.0117011701170117,0,0,0,0,0,0,0,0.0001000100010001,0,0,0.0733073307330733,0.0004000400040004,0,0.0018001800180018,0,0.005000500050005,0.0812081208120812,0,0,0,0,0,0,0,0.004000400040004,0,0,0,0,0,0.0002000200020002,0,0.0128012801280128,0.132713271327133,0.0042004200420042,0,0,0,0,0.0046004600460046,0,0,0,0.0002000200020002,0.0189018901890189,0,0,0,0.0003000300030003,0.0141014101410141,0.018001800180018,0.0105010501050105,0,0,0,0,0.0025002500250025,0.0067006700670067,0,0,0,0,0,0,0,0,0.0063006300630063,0,0,0,0.0019001900190019,0,0.0003000300030003,0.0001000100010001,0,0,0,0,0.0003000300030003,0,0,0,0,0,0,0,0,0,0,0,0,0,0,0,0,0.0001000100010001,0.0002000200020002,0,0,0,0,0,0,0.0121012101210121,0.0201020102010201,0,0.0003000300030003,0,0,0,0,0,0,0,0,0,0,0,0.0001000100010001,0.0002000200020002,0,0,0,0,0,0,0,0,0,0,0,0.0083008300830083,0,0,0,0.0001000100010001,0,0,0.0009000900090009,0,0,0,0.0063006300630063,0.0064006400640064,0.022002200220022,0.0012001200120012,0,0,0,0,0,0.0003000300030003,0,0,0.0023002300230023,0,0,0,0,0.0039003900390039,0,0.0005000500050005,0,0,0,0.0002000200020002,0,0,0.0001000100010001,0,0,0,0,0,0,0,0.0244024402440244,0,0.001000100010001,0,0.0005000500050005,0.0004000400040004,0.001000100010001,0,0,0,0.0002000200020002,0.0027002700270027,0,0,0,0,0,0,0.0007000700070007,0.0006000600060006,0,0,0.0136013601360136,0,0,0,0.0005000500050005,0.0002000200020002,0,0.163216321632163,0,0,0.0118011801180118,0,0,0,0,0.0001000100010001,0.005000500050005,0,0,0,0,0,0.0051005100510051,0,0,0,0,0,0
0,0,0,0,0,9.99700089973008e-05,0.000299910026991902,0,0,0,0.00219934019794062,9.99700089973008e-05,0,0,0.00849745076477057,0,0,0,9.99700089973008e-05,0,0.00359892032390283,0.000899730080975707,0,0.00289913026092172,0,0.0150954713585924,0,0,0,0.000799760071978406,0.0246925922223333,0,0,0.00159952014395681,0,0,0,0.00989703089073278,0,0,0,0.000999700089973008,0,0.00639808057582725,0,0.00149955013495951,0,0.000299910026991902,0,0,0.000399880035989203,0,0,0,0.00799760071978406,0,0,0,0,0.0105968209537139,0.000199940017994602,0.00699790062981106,0,0,0,0,0.000899730080975707,0,0,0,0.00379886034189743,9.99700089973008e-05,0.000299910026991902,0.00139958012596221,0,0,0,0,0,0.0105968209537139,0,0.00149955013495951,0.0232930120963711,0.000299910026991902,0,0,0,0,0,0.00679796061181645,0,0.00549835049485154,0.00149955013495951,0,0,0,0,0,0.00219934019794062,0,0,0,0,0,0.000799760071978406,0,0,0.0617814655603319,0,0,0.00649805058482455,0,0,0.0150954713585924,0,0,0,0,0.000799760071978406,0,0,0,0,9.99700089973008e-05,0.162151354593622,0,0,0,0,0,0,0.0457862641207638,0,0,0,0,0.0116964910526842,0,0,0,0.00189943017094872,0,0.000199940017994602,0,0.0198940317904629,0,0.000499850044986504,0.0133959812056383,0.000299910026991902,0,0.00139958012596221,0,0,0.00399880035989203,0,0,0,0,0,0.00689793062081376,0,0,0.00159952014395681,0,0,9.99700089973008e-05,0.00129961011696491,0,0,0,9.99700089973008e-05,0,0,0,0,0,0.00339898030590823,0,0.00749775067479756,9.99700089973008e-05,0,0,0,0,0.000299910026991902,0,0,0,0,0,0,0.0121963410976707,0,0,0,0,0,0,0,0,0,0,0.000599820053983805,0.000199940017994602,0,0.00249925022493252,0,0,0,0,0.00129961011696491,0.0144956513046086,0,0,0.00239928021593522,0.00189943017094872,0.00499850044986504,0.000599820053983805,0.0240927721683495,0,0,0.000199940017994602,0,0,0,0,0.0184944516645007,0,0.00789763071078676,0,0,0,0,0.00339898030590823,0,0,0,0,0.000799760071978406,0,0.000299910026991902,0.019594121763471,0,0,0,0.000999700089973008,0,0,0,0,0,0,0.00269919024292712,0,0.00139958012596221,0,0,0,0.000799760071978406,0.00299910026991902,0,0,0,0.000199940017994602,0,0,0,0,0.000699790062981106,0.000799760071978406,0,0.00209937018894332,0.0303908827351794,0,0,0,0,0,0.000899730080975707,0.266520043986804,0,0,0.00629811056682995,0,0,0,0,0,0,0.00539838048585424,0,0,0.00149955013495951,0,0.0222933120063981,0,0.00309907027891633,0.00269919024292712,0,0.000299910026991902,0
0,0,0,0,0,0.00489755122438781,0.00169915042478761,0.00079960019990005,0,0,0,0.000299850074962519,0,0.023488255872064,0.00179910044977511,0,0.000499750124937531,0,0,0,0.00279860069965018,0.00359820089955022,0,0,0,0.219590204897551,9.99500249875062e-05,0,0.000499750124937531,0,0.00899550224887556,0,0,9.99500249875062e-05,0,0,0,0,9.99500249875062e-05,0,0,0,0.0176911544227886,0.00629685157421289,0,0.0132933533233383,0,0.00079960019990005,0,0,0,0.00689655172413793,0,0,0,0,0,0,0,0.0115942028985507,0,0.0031984007996002,0,9.99500249875062e-05,0,0.00389805097451274,0.0168915542228886,0,9.99500249875062e-05,0.0185907046476762,0.0031984007996002,0.000199900049975012,0,0.00079960019990005,0,0,0,0.00119940029985007,0,0.00299850074962519,0,0,0,0.000399800099950025,0.00419790104947526,0,0,0,0,0.00329835082458771,0.0659670164917541,0,0.000199900049975012,0,0,0,0,0,0.00129935032483758,0,0,0.00129935032483758,0,0,0.000299850074962519,0,0.015992003998001,0.136031984007996,0,0,0.00249875062468766,0,0.000699650174912544,0.00399800099950025,0,0,0,0.000399800099950025,0.00229885057471264,0.00169915042478761,0.000599700149925037,0,0,0.000299850074962519,0.00179910044977511,0,0,0,0,0.00079960019990005,0.00119940029985007,0.0453773113443278,0,0,0,0,0.0101949025487256,0,0,0,0.00079960019990005,0,0.00189905047476262,0,0,0,0.00369815092453773,0.00199900049975012,0,0,0.00139930034982509,0,0,9.99500249875062e-05,0.000399800099950025,0,0,0,0,0.000599700149925037,0,0,0,9.99500249875062e-05,0,0,0.00129935032483758,0,0,0.00359820089955022,0.00259870064967516,0,0,0,0,0,0.00179910044977511,0.00449775112443778,0.00809595202398801,0,0,0.00079960019990005,0,0,0.000199900049975012,0,0,0,0,0.00389805097451274,0,0.00629685157421289,0,0,0,0,0,0,0.000199900049975012,0,0,0,0,0,0,0.000699650174912544,0,0,9.99500249875062e-05,0,0.000899550224887556,0,0,0,0.000299850074962519,0,0.00719640179910045,0.00349825087456272,9.99500249875062e-05,0.000299850074962519,0,0,0,0,0,0,0,0,0.00129935032483758,0,0.00609695152423788,0,0,0.0156921539230385,0,0,0.000199900049975012,0,0,0,0.000499750124937531,0,0,0,0,0,9.99500249875062e-05,0,0,0,0.0990504747626187,0.000499750124937531,0.00129935032483758,0,0.00219890054972514,0.000899550224887556,0,0,0.000899550224887556,0.000199900049975012,0.000399800099950025,0,0,0.000299850074962519,0,0,0,0,0.000399800099950025,0.00079960019990005,0,0,0.00369815092453773,0,0,0,0,0,0,0.105347326336832,0,0,0.000199900049975012,0,0,0,0,0,0.00869565217391304,0.00459770114942529,0,0,0,0,0.00209895052473763,0,0.000599700149925037,0,0,0.00869565217391304,0
0,0,0,0,0,9.99500249875062e-05,9.99500249875062e-05,0,0,0,0,0,0,0,0.000499750124937531,0,0,0,9.99500249875062e-05,0,0,0.00429785107446277,0,9.99500249875062e-05,0,0.27816091954023,0,0,0.00499750124937531,0.000699650174912544,0.00129935032483758,0,0,0,0,0,0.000199900049975012,0,0,0,0,0,0,0,0,0.000199900049975012,0,0,0,0,0,0,0,9.99500249875062e-05,0,0,0,0,9.99500249875062e-05,0,0,0,0,0,0,0,0.123238380809595,0,0,0,0,0,9.99500249875062e-05,0,0,9.99500249875062e-05,0,0,0,0,0,0,0.0143928035982009,0,9.99500249875062e-05,0.00739630184907546,0.0154922538730635,0,0,0.00199900049975012,0,0.000399800099950025,0.00209895052473763,0,0,0,0,0,0,0,0,0.000599700149925037,0.000599700149925037,0,0,0,0,0.0784607696151924,0,0,0.00189905047476262,0,0,0,0,0,0,0,0.00409795102448776,0.000299850074962519,0,0,0,0.0015992003998001,0.00229885057471264,0,0,0,0,0,0,0,0,0,0,0,0.00739630184907546,0,0,0,0,0,0,0,0,0,0,0,0,0,0.000299850074962519,0,0,0,0.000899550224887556,0,0,0,0,0,0,0.000499750124937531,0,0,0,0,0.000199900049975012,0,0,0.000399800099950025,0,0,0,0,0,0,0.000999500249875062,0,0.0251874062968516,0,0,0,0,0,0,0,0,0,0,0,0,0.000599700149925037,0,0,0,0,0,0,0,0,0,0,0,0.00539730134932534,0,0.000599700149925037,9.99500249875062e-05,0,0,0.000399800099950025,9.99500249875062e-05,0,0,0,0,0.000499750124937531,0,0,0,0,0,0,0,0,0,0,9.99500249875062e-05,0,0,0,0.00169915042478761,0,0.000999500249875062,0.16711644177911,0,0,0,0,0,0,0,0.00109945027486257,0,0,0.00259870064967516,0,0,0,0,0,0,0,0,0,0,0.000599700149925037,0,0,0,0.000199900049975012,0,0,0,0,0,0,9.99500249875062e-05,0,0,0.0265867066466767,0,9.99500249875062e-05,0.0557721139430285,0,0.000399800099950025,0,0,0,0,0.0601699150424788,0,9.99500249875062e-05,0.0211894052973513,0,0.0463768115942029,9.99500249875062e-05,0,0,0.000399800099950025,0,0,0.00859570214892554,0,0,0.00969515242378811,0,0,0,0,0.00629685157421289,0
0,0,0,9.99800039992002e-05,0,0,0,0,0,0,0,0,0,0,0.000399920015996801,9.99800039992002e-05,0,0,0,0,0,0,0,0,0.0015996800639872,0.265946810637872,0,9.99800039992002e-05,0.0011997600479904,0.000599880023995201,0,0.0030993801239752,0,0.00729854029194161,0,0,0.0137972405518896,0,0,0,0,0,0,0,9.99800039992002e-05,0,0.00959808038392321,0,0,0,0,0,0,9.99800039992002e-05,0,0,0,0,0,0.0031993601279744,0,0,0,0,0,0,0,0.000499900019996001,0,0.0196960607878424,0,0,0,0,9.99800039992002e-05,0.00969806038792242,9.99800039992002e-05,0,0,0,0,0,0,0,0,9.99800039992002e-05,0,0,0,0,0.0459908018396321,0,0,0,0,0,0.000699860027994401,9.99800039992002e-05,0,0,0.000499900019996001,0,9.99800039992002e-05,0,0,0,0,0,0,0,0,0,0,0.102779444111178,0,0,0,0,0.00629874025194961,0,0.000499900019996001,0,0,0,0,0,0,0,0,0,0,9.99800039992002e-05,0,0,0,0,0.001499700059988,0,0,0,0,0,0,0,0,0,0.000899820035992801,0,0,0,0,0,0,9.99800039992002e-05,0,0,0,0,0.00969806038792242,0,0,0,0,0,0,0,0,0,9.99800039992002e-05,0.0157968406318736,0,9.99800039992002e-05,0,0,0,0,0,0,0,0,0,0,0,9.99800039992002e-05,0,0,0,0,0,0,0,0,0,0,0,0,0,0,0,0,0,0,0,0,0,0,0,0,0,0,0,0,0.0022995400919816,0,0,0,0,0,0,0,0.00979804039192162,0.00759848030393921,0,0,0,0,0,0,0,0,0,0,0.000399920015996801,0,0,0,0.00519896020795841,0,0,0,0,0,0.0101979604079184,0,0,0,0,0,0,0,0,0,0,0,0,9.99800039992002e-05,9.99800039992002e-05,0,0,0,9.99800039992002e-05,0,0,9.99800039992002e-05,9.99800039992002e-05,0,0.000899820035992801,0,0.00349930013997201,0.000599880023995201,0,0,0.00459908018396321,0,0,9.99800039992002e-05,0,0,0,0.354629074185163,0,0.000399920015996801,0,0,0,0,9.99800039992002e-05,0,0,0.00639872025594881,0,0,0,0.00519896020795841,0.0015996800639872,0,0,0,0,0.0627874425114977,0.000399920015996801
0,0,0,0.0011,0,0,0,0,0,0,0.0019,0,0,0,0.0682,0,0.0056,0,0,0,0,0.007,0,0.0039,0,0,0,0,0.0227,0.0075,0.0227,0,0,0,0,0,0,0,0,0,0,0,0,0,0,0.0019,0,0,0,2e-04,0,0,0,2e-04,0,0,0,0,0,0,0,0,5e-04,0,0,0,0.0083,0,0,0,0,0,0,0,0,0,0,0,7e-04,0,0,0,0,0,0,0,0,0,0,0,0,0.0253,0.002,0,0,0.0013,0.0098,0,0,0,0,0.0569,0,0,0,0,0,0,0,0,0,0,0,0,0,0,0,0,0,0,0,0,0.0031,0,0,0.3643,0,0,0,0,0,0,0,0,0,0,0.1327,0,0,0,0.0087,0,0,0,0,0,0,0,0,0,0,0,0.002,0,0,0,0.001,0,0,0,2e-04,0,0,0,0,0,0,0,2e-04,0,2e-04,0,0,7e-04,0,0,0,0,0,0,0,0,0,0,0,0,0,0,0,0,0,0,0,0.0153,0,0,0,0,0,0,0,0,0,0,0,0,0,0.0018,0,0.0014,0.0025,0,0,0,0,5e-04,0,0,2e-04,0,0,0,0,0,0,0,0,0,0,0,0,0,0,0.1753,0,0,0,0,2e-04,0,0,0,0,0,0.0025,0,0,0,0,0,0,0,0,0,0,0,0.0053,0,0,0.01,0,0,0,0.0051,5e-04,0,0,0,0,0,0,0,0,0.0068,0,0,0,0,0,0,0,0,4e-04,0,0,0,0,0,0,0,0,0,0,0.0014,0,0,0.0047,0,0,0.0053,0
0,0,0,0,0,0,0.0237928621413576,0,0,0,0.000399880035989203,0,9.99700089973008e-05,0,0.292612216335099,0,0,0,0,0.000499850044986504,0,0.00719784064780566,0,0,0,0.0490852744176747,0,0,0.0354893531940418,0.00509847045886234,0.000699790062981106,0,0,0,0,0,0.00139958012596221,0,0,0,0,0,0,0,0,0.00739778066580026,0,0,0,0,0,0,0,0.000399880035989203,0,0.000999700089973008,0,0.000399880035989203,0,0,0,0,0.000299910026991902,0,0,0,0.00329901029691093,0,0.00309907027891633,0.013296011196641,0,0,0,0,0,0,0,0,0,0.00219934019794062,0,0,0.00149955013495951,0,0,0.00329901029691093,0,0,0,0,0,0.00739778066580026,0,0,0,0.00209937018894332,0.000499850044986504,0,0,0,0,0,0.000199940017994602,0,0,0,0,0.00429871038688393,0.000299910026991902,0.00809757072878137,0,0,0,0,0,0,0,0,0.000699790062981106,0,0,0,0,0.000699790062981106,0.0286913925822253,0,0.000399880035989203,0,0,0,0,0.00889733080075977,0,0,0,0,0.122163350994702,0,0,0,0.00389883035089473,0,0,0.000199940017994602,0,0,0.00329901029691093,0,0,0,0,0.00219934019794062,0.000199940017994602,0,0,0,0,0.000299910026991902,0,0.0106967909627112,0,0,0,0,0,0,0,0,0,0,0,0,0,0,0,0,0,0.011296611016695,0.00509847045886234,0,0,0,0,0,0.00259922023392982,0,0,0,0,0,9.99700089973008e-05,0.0211936419074278,0,0,0.0330900729781066,0,0,0,0,0,0,0,0,0.00109967009897031,0,0,0,0,0,0.0344896531040688,0,0,0,0.00109967009897031,0,0,9.99700089973008e-05,0,0.0465860241927422,0,0.0163950814755573,0.0149955013495951,0,0,0,0,0,0,0.00649805058482455,0,0,0,0,0.0648805358392482,9.99700089973008e-05,0,0,0,0,0.000699790062981106,0,0,0,0,0.000199940017994602,0,0,0,0,0,0,0,0,0,0,0.00279916025192442,0,0,0,0,0.000399880035989203,0,0,0,0,0,0,0,0,0.0217934619614116,0.000399880035989203,0,0,0,0,0,0,0,0,0.0443866839948016,9.99700089973008e-05,0,0,0,0,0,0,0,0,0,0,0,0,0,0,0,0.00289913026092172,0,0,0.00889733080075977,0
0,0,0,0,0,0,0,0.000199860097931448,0,0,0,9.9930048965724e-05,0,0.00559608274208054,0.0292795043469571,0,0,0,0,0,0,0,9.9930048965724e-05,0.000199860097931448,9.9930048965724e-05,0.0823423603477566,0,0,0.0074947536724293,0,0,0,0,0.0117917457779554,0,0,0,0,0,0,0,0,0,0,0,0.00099930048965724,0,0,0,0,0,0,0,0,0,0,0,0,0,0.000199860097931448,0,9.9930048965724e-05,0,0,0,0,0.00139902068552014,0,0,0,0.000199860097931448,0,0,9.9930048965724e-05,0,0,0,0,0,0,0,0,0,0,0,0.0773458578994704,0,0,0,0.00049965024482862,0,0,0.00449685220345758,0,0,9.9930048965724e-05,0,0,0.00179874088138303,0,0,0.00839412411312082,0,0,0,0,9.9930048965724e-05,0.00379734186069751,0,0,0,0,0,0.00169881083241731,0,0,0,0,0.00449685220345758,0,0,0,0,0,0.0634555810932347,9.9930048965724e-05,0,0,0,0,0.000799440391725792,0.000299790146897172,0,0,0,0,0.443289697211952,0,0,0,0,0,0,0,0,0,0,9.9930048965724e-05,0,0,0,0,0,0,0,0,0,0,9.9930048965724e-05,0.00379734186069751,0,0,0,0,0,0,0,0,0,0,0,0,0.00049965024482862,0,0,0,0,0,0.00049965024482862,0,0,0,0,0,0,0,0,0,0,0,0,0.0045967822524233,0,0,0,0,0,0,0,0,0.0126911162186469,0,0,0,9.9930048965724e-05,0.00359748176276606,0,0,0,0.00149895073448586,0,0,0.000199860097931448,0,0,0,0.000799440391725792,0,0,0.000199860097931448,0,0,0,9.9930048965724e-05,0,0,0,0,0.000299790146897172,9.9930048965724e-05,0.00049965024482862,0,0,0.0516638353152793,0,0,0,0,0,0,0,0,0.0112920955331268,0,0,0,0,0,0,0,0,9.9930048965724e-05,0,0,0,0,0,0,0,0,0,0,0,0,0,0,0,0.00199860097931448,0,0.011591885680024,0,0,0.12221444988508,0,0.00329769161586889,0,0,0,9.9930048965724e-05,0.00099930048965724,0,0,0.0070950334765664,0,0,0,0,0,0.000199860097931448,0.000599580293794344,0,0,0,0,0.00319776156690317,0,0,0.00449685220345758,0,0.000599580293794344,0
0,0,0,0,0,0,0,0,0,0,0,0,0.000299910026991902,9.99700089973008e-05,0.000499850044986504,0,0.000599820053983805,0,0,0,0.0267919624112766,0.000599820053983805,0,0,0,0.137458762371289,0,0.00339898030590823,0.00959712086374088,0,0,0,0,0.0193941817454764,0.000799760071978406,0,0.00179946016195141,0.00179946016195141,0,0,0,0,0.0409877036888933,0.00439868039588124,0,0.0264920523842847,0,0,0,0,9.99700089973008e-05,0,0,0,9.99700089973008e-05,0,0,0,0.00229931020693792,0,0,0.000199940017994602,0,0.0320903728881336,0,0,0.00229931020693792,0,0,0,0,0,0,0,0,0.0403878836349095,0,0,0,0.00729781065680296,0,0,0.0159952014395681,0,0.00179946016195141,0.000299910026991902,0.00739778066580026,0,0,0.00579826052184345,0,0,0.0192942117364791,0,0.00269919024292712,0.000999700089973008,0.00449865040487854,0,0.00889733080075977,0,0.000899730080975707,9.99700089973008e-05,0,0,9.99700089973008e-05,0,0,0.225232430270919,0,0,0,0.00779766070178946,0,0.00519844046785964,0,0,0,0,0.0206937918624413,0.000199940017994602,0,0,0.000399880035989203,0.000399880035989203,0.00259922023392982,0,0,0,0,0.0147955613316005,0.00149955013495951,0.0164950514845546,0,0,0,0,0.00419874037788663,0,0.000299910026991902,0,0,0,0,0,0,0,0,0,0,0,0.00239928021593522,0,0,0,9.99700089973008e-05,0,0,0.00669799060281915,0,0.00159952014395681,0,0.000599820053983805,0.000199940017994602,0,0,0,0.000399880035989203,0,0,0.00229931020693792,0,0,0.000299910026991902,0,0,0,0,0.000199940017994602,0,0,0,0,0,0.000499850044986504,0,0,0,0,0,0,0,0.00379886034189743,0.000899730080975707,0,0,0.000199940017994602,0,0,0.000199940017994602,0,0,0,0,0,0,0.00279916025192442,0,9.99700089973008e-05,9.99700089973008e-05,0,0,0,0,0.000299910026991902,0.000899730080975707,0,0,0.00259922023392982,0.0149955013495951,0,0,0,0,0,0,0,0,0,0.00219934019794062,0,0.0238928321503549,0,0.00199940017994602,0.0858742377286814,0,0,0,0,0.000799760071978406,0.000399880035989203,0,0.0462861141657503,0,0,0,0,0,0,0,0,0.0156952914125762,0,0.000799760071978406,0,0.000799760071978406,0.000599820053983805,0.000299910026991902,0,0,0.00669799060281915,0,0.00269919024292712,0,0,0.000499850044986504,0,0,0.00309907027891633,0,0.00439868039588124,0,0.000199940017994602,0.00379886034189743,0,0,0,0,0,0.000499850044986504,0.00189943017094872,0,9.99700089973008e-05,0.00499850044986504,0,0.000999700089973008,0,0,0,0.00569829051284615,0.000399880035989203,0,0,0,0,0.00229931020693792,0,0.000399880035989203,0,0,0.0110966709987004,0
0,0,0,0,0,0,9.99800039992002e-05,0,0,0,0,0,0.0002999400119976,0,0.0017996400719856,0,0,0,0,0,0.00859828034393121,0.001999600079984,0,9.99800039992002e-05,0,0.312437512497501,0,0,0.001499700059988,0.000399920015996801,0,0,0,0,0,0,0.0002999400119976,0.00509898020395921,0,0,0.0002999400119976,0,0,0,0,0.0373925214957009,0,0,0,0.000999800039992002,0,0,0,0,0,0,0,0.000599880023995201,0,0.0110977804439112,0,0.0027994401119776,9.99800039992002e-05,0,0,0,0.0196960607878424,0,0.00339932013597281,0,0.0022995400919816,0,0,0,0,0,0,0,0,0.0178964207158568,0,0,0.0022995400919816,0,0.0025994801039792,0.0001999600079984,0.0267946410717856,0,0,0,0,0.0002999400119976,0.00419916016796641,0,0,0.000399920015996801,0.0001999600079984,0,0,0,0,0.00489902019596081,0,0,9.99800039992002e-05,0,0,0.0915816836632673,0,0,0,0,0,0.013497300539892,0.000599880023995201,9.99800039992002e-05,0,0,0.0120975804839032,0,0,0,0,9.99800039992002e-05,0.0115976804639072,0,0,0,0,0,0.0018996200759848,0.0379924015196961,0,0.000399920015996801,0,0,0.000899820035992801,0,0.0002999400119976,0.0001999600079984,0.0410917816436713,0,0,9.99800039992002e-05,0,0,0,0,0,9.99800039992002e-05,0.0022995400919816,0.001499700059988,0,0,0,0,0,0.0021995600879824,0,0.00389922015596881,0,0,0,0,0,0,0,0,0,0,0.000599880023995201,0,0.0028994201159768,0,0,0,0,0,0,0,0,0,0,0,9.99800039992002e-05,0,0,0,0,0,0,0.0018996200759848,0.0012997400519896,0,0,9.99800039992002e-05,0,0,0,0,0,0,0,0,0,0.0025994801039792,0,0,0.000499900019996001,0.0001999600079984,0,0,0,0,0,0,0.0163967206558688,0,0.0023995200959808,0,0,0,0,0,0,0,0,0,0.00959808038392321,0,0.016996600679864,0,0,0.107178564287143,0,0,0,0,0,0.0025994801039792,0,0.000799840031993601,0,0,0,0,0,9.99800039992002e-05,0,0,0.00579884023195361,0,0,0,0,0.000799840031993601,0.000799840031993601,0,0.000999800039992002,0.0022995400919816,0.0017996400719856,0,0,0,0,0,0,0,0,0.0106978604279144,0,0.0020995800839832,0,0,0,0,0,0,0,0.104679064187163,0,0,0,0,0,0,0,0.0001999600079984,0.0020995800839832,0,0,0,0,0,0,0,0.00329934013197361,0,0,0.00449910017996401,0
0,0.0012002400480096,0,0,0,0,0,0,0,0,0,0,0,0,0,0,0,0,0,0,0,0.0139027805561112,0,0,0,0,0,0.0029005801160232,0,0,0,0,0.0154030806161232,0,0,0,0,0,0,0,0,0,0,0,0,0.0992198439687938,0,0,0,0,0,0,0,0,0,0,0,0,0,0.0024004800960192,0,0,0,0,0,0,0.0332066413282657,0,0,0,0,0,0,0,0,0,0,0,0,0.0184036807361472,0,0.00610122024404881,0,0,0,0.0113022604520904,0,0,0,0,0,0.0656131226245249,0,0,0,0,0.000800160032006401,0,0,0,0,0.0011002200440088,0,0,0,0,0.000800160032006401,0,0,0,0,0,0,0,0,0,0,0,0.018003600720144,0,0,0,0,0,0,0,0.0827165433086617,0,0,0,0.00620124024804961,0.000700140028005601,0.000400080016003201,0,0,0,0,0,0,0,0.00450090018003601,0,0,0,0,0,0,0,0,0,0,0,0.0011002200440088,0,0,0,0,0,0,0,0,0,0,0,0,0,0,0,0,0.0016003200640128,0,0,0,0,0,0,0,0.0646129225845169,0,0,0,0.000600120024004801,0,0,0,0,0,0,0,0.0012002400480096,0,0,0,0,0,0,0,0,0.0002000400080016,0,0,0,0,0.000700140028005601,0,0.132826565313063,0.0012002400480096,0,0,0,0,0,0,0,0,0,0,0.00900180036007201,0.207741548309662,0,0,0,0,0,0,0,0,0,0,0,0,0.000800160032006401,0,0,0.00410082016403281,0,0,0,0,0,0,0,0,0,0,0,0.00500100020004001,0,0,0,0,0,0,0,0,0,0,0,0,0,0,0,0,0,0,0,0.0125025005001,0,0.0206041208241648,0,0.00320064012802561,0,0.13002600520104,0,0.001500300060012,0,0,0,0,0,0,0,0,0,0,0.00680136027205441,0,0,0.00980196039207842,0,0,0,0,0,0,0,0,0,0,0,0
0,0,0,0.00179892064761143,0,0,0.00119928043174096,0,0,9.9940035978413e-05,0.00109934039576254,0,0,9.9940035978413e-05,9.9940035978413e-05,0,0,9.9940035978413e-05,0,0.0022986208275035,9.9940035978413e-05,0.000599640215870478,0,0,0.000299820107935239,0.392464521287228,0,0,0.00529682190685589,0,0,0,0,0.00439736158305017,0,0,0.0022986208275035,0.00349790125924445,0,0,0,0.000599640215870478,0,0,0.00319808115130921,0.00609634219468319,0,0.000299820107935239,0,9.9940035978413e-05,0.000299820107935239,0,0.000199880071956826,0,0,0,0,0,0,0.0129922046771937,0,0.00989406356186288,0,9.9940035978413e-05,0,0.000499700179892065,0.00679592244653208,0,9.9940035978413e-05,0,0,0,0,0,0,0,0,0,0,0.000499700179892065,0,0.000699580251848891,0,0,0,0,0,0,0,0.00129922046771937,0,0,0.00609634219468319,0,0,0.00389766140315811,0,0,0.00159904057565461,0,0.00149910053967619,0.00589646212272636,0,0,0,0,0,0.00379772136717969,0,0.00199880071956826,0.00109934039576254,0.00629622226664002,0,0.000599640215870478,0,0.000799520287827304,0,0.000199880071956826,0,0,9.9940035978413e-05,0,0.00359784129522287,0.00829502298620828,0.033879672196682,0,9.9940035978413e-05,0,0,0,0.0053967619428343,0.013791724965021,0.00269838097141715,0.0323805716570058,0,0.000299820107935239,0,0,0.000199880071956826,0,0,0,0.00109934039576254,0,0,0,0.00139916050369778,0,0,0,0,0,0,0.00369778133120128,9.9940035978413e-05,0,0,0.000699580251848891,0,0.00739556266240256,0,0,0,0.000199880071956826,0,9.9940035978413e-05,0,0,0,0,0,0,0.00689586248251049,0,0,0.000299820107935239,0,0.0412752348590845,0.0107935238856686,0.000299820107935239,0,0,0,0,0,0.000899460323805717,0,0,0,0,9.9940035978413e-05,0.00329802118728763,9.9940035978413e-05,0,0,0,0,0,0,0.000799520287827304,0,0,0,0.00689586248251049,0.000199880071956826,0.00149910053967619,0,0,0,0.00189886068358985,0,0,0.000199880071956826,0,0.00169898061163302,0,0.0112932240655607,0.000999400359784129,0,0,0,0,0,0,0,0,0,0,0.00519688187087747,0,0.00889466320207875,0,0,0.041375174895063,0,0,0,0,0,0,0,0.000999400359784129,0,0,0,0,0.00209874075554667,0,0,0,0,9.9940035978413e-05,0.00169898061163302,0,9.9940035978413e-05,0,9.9940035978413e-05,0,0,0,0.000199880071956826,0,0,0.000799520287827304,0,0,0,0,0.00169898061163302,0.000899460323805717,0,0,0.0296821906855886,0,0,0,0.000499700179892065,0,9.9940035978413e-05,0.18448930641615,0,0,0.0164901059364381,0,0,0,0,0,0.00159904057565461,0.00299820107935239,0,0,0,0,0.00189886068358985,0,0,0,0,0,0
0,0,0,0,0,0,0,0,0,0,0,0,0,0.00289913026092172,0.000599820053983805,0,0,0,0,0,0,0.0119964010796761,0,0,0,0.19964010796761,0,0,0.000499850044986504,0,0,0,0,0.0104968509447166,0,0,0,0.0818754373687894,0,0,9.99700089973008e-05,0,0,0,0,0.0837748675397381,0,0,0,0,0,0,0,0,0,0,0,0,0,0.0279916025192442,0,0.00299910026991902,0,0,0,0,0.00379886034189743,0,0.000199940017994602,0.012296311106668,0,0,0,0,0,9.99700089973008e-05,0,0,0,0.0190942717184845,0.00119964010796761,0,0,0,0.00799760071978406,9.99700089973008e-05,0.00939718084574628,0,0,0.00789763071078676,0,0.000199940017994602,0,0,0,0,0,0,0.015295411376587,0,0,0,0,0,9.99700089973008e-05,0,0,0.00989703089073278,0,0,0,0,0,0.143057082875137,0,0,0,0,0.00449865040487854,9.99700089973008e-05,0.000199940017994602,0,0,9.99700089973008e-05,0,0.0342897130860742,0,0,0,0,0.0201939418174548,0.0202939118264521,9.99700089973008e-05,0,0,0,9.99700089973008e-05,0,0,0,0.00469859042287314,0,0,0,0,0,0.00159952014395681,0.000199940017994602,0,0,0.00549835049485154,0,0,9.99700089973008e-05,9.99700089973008e-05,0,0,0,0,0,0,0,0,0,0,0,0,0,0,0,0.000299910026991902,0,0,0,0,0,0,0.00639808057582725,0,0,0,0,0,0,0,0,0,0,0,0,0,0.0381885434369689,0,9.99700089973008e-05,0,0,0.00429871038688393,0.000199940017994602,0,0,0,0,0,0.000299910026991902,0,0.00399880035989203,0,0,9.99700089973008e-05,0,0,0,0,0,0,0,0.00549835049485154,0,0,0.000799760071978406,0,0.00489853044086774,0,0,0,0,0,0,0.0144956513046086,0,0.0214935519344197,0,0,0.00879736079176247,0,0,0,0,0,0,0,0,0,0,9.99700089973008e-05,0,0,0,0,0,0.000199940017994602,0,0,0,0,0.00549835049485154,0.000599820053983805,0,0,0,0.000499850044986504,0,0,0,0,0.000199940017994602,0,0,0,0.00149955013495951,0.00499850044986504,0,0.0109967009897031,0,0,0,0,0,0,0.000599820053983805,0,0,0.0960711786464061,0,0,0,0,0,0.00299910026991902,0.00879736079176247,0,0,0,0,0.00359892032390283,0,0.000499850044986504,0,0,0.00739778066580026,0
0,0,0,0.000799280647417324,0.000299730242781497,0,0,0,0,0.000199820161854331,0.000299730242781497,0.000599460485562993,0,0,0.00109901089019882,0,0,0.000199820161854331,0,0,0.000499550404635828,0.000399640323708662,0,0,0.00119892097112599,0.133779598361475,9.99100809271655e-05,0,0.00149865121390748,0.0118892996303327,0.000599460485562993,0,0,0.00309721250874213,0.00339694275152363,0.0246777899890099,9.99100809271655e-05,0.000199820161854331,0,0,0,0.00159856129483465,0.0442601658507343,0.00209811169947048,0,0.0127884903586772,0.00699370566490159,9.99100809271655e-05,0,0.000199820161854331,0.000199820161854331,0.000799280647417324,0.00089919072834449,0,0,0.000299730242781497,0,0.000199820161854331,0,0.000599460485562993,0.000199820161854331,9.99100809271655e-05,0,0,0,0.00109901089019882,0.00339694275152363,0,0.000299730242781497,0.0112898391447697,0.000399640323708662,0,9.99100809271655e-05,0.000999100809271655,0.00239784194225197,0,0,0,0,0.000399640323708662,0,0.000599460485562993,0.0276750924168249,0.00469577380357678,9.99100809271655e-05,0,0,0,0,0.00409631331801379,0,0.000699370566490159,0.00489559396543111,0,0.000299730242781497,0.000399640323708662,0.00089919072834449,0,0.000799280647417324,0,0,0,0,0.000299730242781497,9.99100809271655e-05,0.00209811169947048,0.00199820161854331,0.0874213208112699,0.00189829153761615,0.00249775202317914,0.00159856129483465,0,0,0.000799280647417324,0.000199820161854331,0,0,0,0.015685882705565,0,0,0,0,0.000199820161854331,0.00169847137576181,0.00329703267059646,0,0.00199820161854331,0.000299730242781497,0.0106903786592067,0.0137875911679488,0.0202817464282146,0,0,0,0,0,0.000699370566490159,0.000299730242781497,0,0,0.000299730242781497,0.000999100809271655,0,0.00939154760715356,0,0.000299730242781497,0,0.000199820161854331,0,0,9.99100809271655e-05,0,0,0,0,0,0.000499550404635828,0,0.00389649315615946,0,0.00149865121390748,0.000799280647417324,9.99100809271655e-05,0,9.99100809271655e-05,0.0054950544509941,0,0,0,0.000999100809271655,0,0.0492556698970926,9.99100809271655e-05,0,0,0.00169847137576181,0.000999100809271655,0.00489559396543111,0.000299730242781497,0,0,0,0,0.000199820161854331,0.00279748226596064,0,0,0.000599460485562993,0.00339694275152363,0,0.00129883105205315,0,0,0.000299730242781497,0,0,0,0.000199820161854331,0.00109901089019882,0,0,0,9.99100809271655e-05,0,0.00129883105205315,0,0,0,9.99100809271655e-05,0.0141872314916575,0,0.000299730242781497,9.99100809271655e-05,0.000199820161854331,0.00109901089019882,0.00439604356079528,0.00159856129483465,0,9.99100809271655e-05,0.000199820161854331,9.99100809271655e-05,0,0,0,9.99100809271655e-05,9.99100809271655e-05,0,0.000299730242781497,9.99100809271655e-05,0.00269757218503347,0,0.00229793186132481,0.0430612448796083,0,0,0,0,0.00179838145668898,0,0.000399640323708662,0.0183834548905985,0,0,0,0,0,0.00109901089019882,9.99100809271655e-05,0,0,9.99100809271655e-05,0.00129883105205315,0,0.000399640323708662,0,0,0,9.99100809271655e-05,0.00169847137576181,9.99100809271655e-05,0,0,0.000199820161854331,0.000399640323708662,0,0,0,0,0.0145868718153662,0.000199820161854331,9.99100809271655e-05,0.245279248676191,0,0,0,0,0,0.000299730242781497,0.0506544110300729,0,0,0.00159856129483465,0,0,0,9.99100809271655e-05,0.000399640323708662,0,0.000299730242781497,0,0,0,0,0.0057947846937756,0,0,0,0,0.000699370566490159,0
0,0,0,0,0,0,0,0,0,0,0,0,0,0,0,0,0,0,0,0,0,0.0003999600039996,0,0,0,0.481051894810519,0,0,0,0,0,0,0,0.0108989101089891,0,0.0013998600139986,0.0003999600039996,0.010998900109989,0,0,0,0,0,0.0698930106989301,0,0.0472952704729527,0,0,0,0,0,0,0,0,0,0,0,0,0,0,0,0.0002999700029997,0.0016998300169983,0,0,0,0,0,0.0005999400059994,0,0,0,0,0,0,0.026997300269973,0,0,0,0.0021997800219978,0,0,0,0,0,0,0,0,0,0,0,0,0.0238976102389761,0,0,0,0,0,0.0066993300669933,0,0.0008999100089991,0,0,0,0,0,0,0.0170982901709829,0,0,0,0,0,0,0,0,0,9.99900009999e-05,0.0040995900409959,0,0,0,0,0,0.0333966603339666,0,0,0,0,0,0,0,0,0,0,0.0001999800019998,0,0,0,0,0.0038996100389961,0,0,0,0,0,0,0,0,0,0.001999800019998,0,0,0,0,0,0,0,0,0.032996700329967,0,0,0,0,0,0,0,0,0,0,0,0,0,0,0,0,0,0,0,0,0,0,0,0,0,0,0,0,0,9.99900009999e-05,0,0.0007999200079992,0,0,0,0,0,0.0001999800019998,0,0,0,0,0,0,0.0001999800019998,0.0006999300069993,0,0,0,0,0,0,0,0,0,0,0.0033996600339966,0,0.0001999800019998,0,9.99900009999e-05,0,0,0,0,0,0,0,0.0100989901009899,0,0,0,0,0.178882111788821,0,0,0,0,0,0,0,0,0,0,0,0,0.0023997600239976,0,0,0,0,0,0,0,0,0,0.0002999700029997,0,0,0,0,0,0,0,0,0,0,0,0,0.0013998600139986,0,0,0,0,0,0,0,0,0.0017998200179982,0,0,0,0.016998300169983,0,0,0,0,0,0,0,0,0,0,0,0,0,0,0,0,0.002999700029997,0
0,0,0,0,0.000999800039992002,0,9.99800039992002e-05,0.000999800039992002,0,0,0,0,0,0,0.000499900019996001,0,0.001999600079984,9.99800039992002e-05,0,0,0,0.00469906018796241,0,0.000799840031993601,0,0.303939212157568,0,9.99800039992002e-05,0.0015996800639872,0.000899820035992801,0.0016996600679864,0,0,0.0226954609078184,0.000799840031993601,0,0.00249950009998,0,0.0002999400119976,0,9.99800039992002e-05,0.00359928014397121,0.0255948810237952,0,0,0.000699860027994401,0,0,0,9.99800039992002e-05,0,0,0.000399920015996801,0,0.000499900019996001,0,0.000499900019996001,0.0001999600079984,0,9.99800039992002e-05,0,0,0,0,0,0,0.0018996200759848,0,0,0,0,0,0,0,0,0.0344931013797241,0,0,0,0,0,0,0.0015996800639872,0,0,0.000499900019996001,0.00519896020795841,0,0.0011997600479904,0,0,0,0.0020995800839832,0,0,0.000599880023995201,0.0010997800439912,0,0,0,0,9.99800039992002e-05,0,0,0,0,0,0.114177164567087,0,0,0.00449910017996401,0,0,0,0,0.000599880023995201,0,0,0,0,0.000799840031993601,0,0,0.0001999600079984,0.0257948410317936,0,0,0,0,0,0,0,0,0,0,0,0.000399920015996801,0,0.000699860027994401,0,0.0002999400119976,0.000399920015996801,0.0023995200959808,9.99800039992002e-05,0,0.00589882023595281,0,0,0,9.99800039992002e-05,0.0001999600079984,0,0,0,0,0,0,0.0554889022195561,0,0,0,9.99800039992002e-05,0,0,0,0,0.000499900019996001,0,0,0,9.99800039992002e-05,0,0,0.0002999400119976,0,0,0.000899820035992801,0,0,0,0,0,0,0,0,0.0025994801039792,0,0,0,0.000399920015996801,0,0.00329934013197361,0.000799840031993601,0,0,0,0,0,0,0,0,0,0,9.99800039992002e-05,9.99800039992002e-05,0,0,0,0,0.0018996200759848,9.99800039992002e-05,0,0,0,0,0.000799840031993601,0,0,0.0304939012197561,0,0,0.000999800039992002,0,0,0,0,0,0,0,0,0,0,0.001999600079984,0.0313937212557489,0.0001999600079984,0,0,0,0.00479904019196161,0.0023995200959808,0,0.0362927414517097,0,0,0.0002999400119976,0,0,0,0.000499900019996001,0,0,0,0,0,0,0.0001999600079984,0,0,0,0.0001999600079984,0,0,0,0,0.00359928014397121,0,0,0,0,0.122975404919016,0,0,0.0502899420115977,0.0355928814237153,0.0002999400119976,0,0,0,0,0.00389922015596881,0,0,0,0,0,0.0017996400719856,0,0,0,0,0,0,0,0,0,0,0.0002999400119976,0,0,0.0220955808838232,0
0,0,0,0,0,0,1e-04,0,0,0,0,0,0,0,8e-04,0,9e-04,0,0,0,0,0.0038,0,0,0,0.1167,0,0,0,0,0,0,0,0.0043,2e-04,0,0,0,0,0,0,0,0,0,0,0,0,0,0,0,0,0,0,0,0,0,0,1e-04,0,0.0141,0,0,1e-04,0,4e-04,0,0.1584,0,0,0.0147,0,0,0,0,0,0,0,0,0,0.018,0,1e-04,0,0,0,0,0,0,0,0.002,0,0.0019,8e-04,0,0,0,0,0,0,0,0,0,0,0,0,0,0,0.2995,0,0,0,0,0,0.0074,0,0,1e-04,0,0.0211,0,0,0,0,0,0.0261,0,0,0,0,0,0,0,0,0,0,0,2e-04,0,0,0,0,0,0,0,0,0,0,0,0,1e-04,0.0011,0,0,0,1e-04,0,0,0,0,0.0042,0,0,0,0,0,0,0,0,3e-04,0,0,0,0,0,0,0,0,0.0112,0.0771,0,0,0,0,0,0,0,0,0,0,0,0,0,0,0,0,0,0,2e-04,0,0,0,0,0,0,0,0,0,0,0,0,0,0,0,0,0,0,0,0,0,2e-04,0,0,0,0,0,0,0,0,0,0,0.0039,0,0,0.0385,0,0,0,0,0,0,0,0,0,0,0,0.0021,1e-04,0,0,0,0,0,0,0,0,0.0122,0,0,0,0,0,4e-04,0,0,0,0,0,0,0,0.0077,0,0,0,0,0,0,0,1e-04,0,0.0912,0,0,0.0215,0,0,0,0,0,0.0094,0.0035,0,0,0,0,0.0068,0,0,0,1e-04,0.0162,0
0,0,0.000299820107935239,0,0,0,0,0,0,0.000299820107935239,0,0,0,0,0.000299820107935239,0,0.000399760143913652,0,0,0.000399760143913652,0,0,0,0,0,0.0315810513691785,0,0,0.000799520287827304,0,0.0157905256845892,0,0,0.0147911253248051,0,0,0.000299820107935239,0.0210873475914451,0,0,0,0,0,0,0,0.0647611433140116,0,0,0,0.000199880071956826,0,0.00119928043174096,0.000599640215870478,0,0,0.000299820107935239,0,0,0.00389766140315811,0.00209874075554667,0.000299820107935239,0,0,0,0,0.00949430341794923,0,0.00989406356186288,0,0,0,0,0,0.00349790125924445,0.00649610233859684,0,0,0,0,0,0,0,0,0,0,0,0,0,0,0,0,0,0.0688586847891265,0,0.0187887267639416,0.000399760143913652,0.000599640215870478,0,0,0,0.0119928043174096,0,0,0,0,0,0.00209874075554667,0.0988406955826504,0,0,0.0294823106136318,0,0,0.00809514291425145,0,0.000199880071956826,0,0.0147911253248051,0.004597241655007,0,0.000199880071956826,0.00339796122326604,0,0.000999400359784129,0,0,0,0,0.000199880071956826,0,0.00469718169098541,0,0,0.000399760143913652,0,0,0.000499700179892065,0,0.000299820107935239,0,0.00149910053967619,0,0,0,0,0,0,0,0,0,0,0.0296821906855886,0.0252848291025385,0,0,0,0,0.000699580251848891,0,0.0115930441734959,0,0,0,0.036777933240056,0,0,0.00519688187087747,0,0,0,0,0,0.000299820107935239,0,0,9.9940035978413e-05,0.00169898061163302,0,0,0,0.00139916050369778,0,0,0,0,0,0,0,0,0,0,0,9.9940035978413e-05,0,0,0,0,0,0,0,0,0.00249850089946032,0,0,0,0.00119928043174096,0,0,0,0,0.000699580251848891,0,0.00499700179892065,0.00109934039576254,0,0,0,0,0.0221866879872077,0,0,0,0,0,0,0,0,0,0.0521686987807316,0,0.0030981411153308,0.00219868079152508,0.00179892064761143,0.0099940035978413,0,0,0,0,0.00129922046771937,0,0,0.027583449930042,0.000499700179892065,0,0,0,0,0,0,0,0,0.000599640215870478,0,0,0,0,0.000299820107935239,0,0,0.00289826104337398,0.000399760143913652,0,0,0,0,0,0,0,0,0.00119928043174096,0,0,0.0336797921247252,0,0.000199880071956826,0,0,0,0,0.232460523685789,0,0,0.0076953827703378,0,0,0,0,0,0,0.00159904057565461,0,0,0,9.9940035978413e-05,0,0,0.000699580251848891,0,0,0.0142914251449131,0
0,0,0,0,0,0,0.000599820053983805,0,0,0,0,0,9.99700089973008e-05,0,0.00159952014395681,0.00109967009897031,0,0,0,0,0,0,0.000199940017994602,0.0181945416375087,0,0.171948415475357,0,0.000399880035989203,0.0548835349395181,0.000399880035989203,0,0,0,0.00329901029691093,0,0,0.0130960711786464,0.00899730080975707,0.000799760071978406,9.99700089973008e-05,0,0.000599820053983805,0.000199940017994602,0,0,0.0146955913226032,0,0,0.000299910026991902,0,0.000199940017994602,0.000299910026991902,0,0,0,0,0,0.000199940017994602,0,0,0,0,0,0.000799760071978406,0,0,0,0,0,0,0,0.000299910026991902,0,0,0,0.00519844046785964,0,0,0,0,0,0,0.000999700089973008,0,0.000999700089973008,0.000399880035989203,0,9.99700089973008e-05,0.000199940017994602,0.00179946016195141,0,0.0114965510346896,0.00129961011696491,0,0,0,0,0,0,0,0,9.99700089973008e-05,0,0,0,0,0.0113965810256923,0.196740977706688,0,0,0.00639808057582725,0,0,0,0,0,0,0.00119964010796761,0.00119964010796761,0,0,0,0,0.000699790062981106,0.0130960711786464,0,0,0,0,0,0,0.000499850044986504,0,0,0,0,0.00759772068379486,0.000199940017994602,0.000199940017994602,0,9.99700089973008e-05,0.000499850044986504,0.000499850044986504,0,0,0,0,0,0,0,0,0,0,0.00109967009897031,9.99700089973008e-05,0,0,0.000199940017994602,0,0,0,0.000599820053983805,0,0,0,0,0.000299910026991902,9.99700089973008e-05,0,0,0,9.99700089973008e-05,9.99700089973008e-05,0,0,0,0.000899730080975707,0,0,0.00259922023392982,0,0,0,0,0.000599820053983805,0.00389883035089473,0,0,0,0,0,0.018594421673498,0.000199940017994602,0,0,0,0,0,0,0,0,0.00699790062981106,0,0,0,0.00979706088173548,0.000499850044986504,0,0.000299910026991902,0.0115965210436869,9.99700089973008e-05,0,0,0,0.000499850044986504,0.000799760071978406,0,0,0.00109967009897031,0,0,0,0,0,0,0,0,0,0.000399880035989203,0,0,0,0.00119964010796761,0.0858742377286814,0,0,0,0,0.00129961011696491,9.99700089973008e-05,0,0.0230930720783765,0,0,0.00879736079176247,0,0,0,0,0,0,0,0.00109967009897031,0,0.00799760071978406,0.0101969409177247,0.000999700089973008,0,0,0,0,0,0,0.000399880035989203,0.000299910026991902,0,0,0,0.00409877036888933,9.99700089973008e-05,0,0,0.0150954713585924,0,0.00319904028791363,0,0,0,0.00159952014395681,0.173248025592322,0,0,0.0276916924922523,0,0,0.000699790062981106,0,0.000199940017994602,0,0,0,0,0,0,0,0,0.000899730080975707,0,0,0.0140957712686194,0
0,0,7e-04,0,0,0,0.0029,0,0,0,0,0,0,0,0,0,0.0097,0,0,0,0,0,0,0,0,0.6236,0,0.0014,0.0565,0.0013,0,0,0,0,0,0,0,0,0,0,0,0,0,0,0,0,0,0,0,0,0,0,0,0,0,0,0,0,0,0,0,0,0,0,0,0,0,0,0,0,0,0,0,0,0,0.0199,0,0,0,0,0,0,0,0,0,0.001,0,0,0,0,0,0,0,0,0,0,0.0106,1e-04,0,0,5e-04,0.002,0.0011,0,0,0,0,0,0,0,0,0,0,0,0,0,0.0062,0,0,0,0,0,0,0.0076,0,0.004,0,0,0,0,0,0,0,0,0,0,0.0339,0,0,0,0,0,0,0,0,0,0,0,0,0,0,0,0.0099,0,0,0,0,0,0,0,0,0,0,0,0,0,0,0,0,0,0,0,0,0,0,0,0,0,0,0,0,0,0,0,0,0,0,0,0,0,0,0,0,0,0,0,0,0,0,0,0,0,0,0,0,0,0,0.0017,0,0.0037,0,0,0,0,0,0,0,0,2e-04,0,0,0,0,0,0,0,0,0,0,0,0,0,0,0,0,0,0,0,0,7e-04,0,0,0,0,7e-04,0,0.0504,0,0,0,0,0,0,1e-04,0,0,0,0,0,0,0,0,0,5e-04,0,0,0,0,0,0.116,0,0,0.0133,0,0,0,0,0,0,0,0,3e-04,0,0,6e-04,0,0,0,0,0.0189,0,0,0,0,0,0,0,0,0,0,0
0,0.000399760143913652,0,0,0,9.9940035978413e-05,0.000899460323805717,0,0,0,0,0,0,0,9.9940035978413e-05,0,0.000199880071956826,0,0,0,0,0.004597241655007,0,0.0076953827703378,0,0.605836498101139,0,0,0.0117929242454527,0.00179892064761143,0.0696582050769538,0,0,0.000999400359784129,0,0,0.00169898061163302,0,9.9940035978413e-05,0,0.00159904057565461,0,0,0,0,0,0,0,0,9.9940035978413e-05,0,0,0,0,0,0,0,9.9940035978413e-05,0,0.0314811113332001,9.9940035978413e-05,0,0.000999400359784129,0,0,0,0,0,0,0,0,0,0,0,0,0,0,0,0,0,0,0,0,0,0,0,0,0,0,0,0,0.00299820107935239,0.000899460323805717,0,0,0,0,0,0,0,0,0.000599640215870478,0,0,0,0,0,0.0616630021986808,0,0,0,0,0,0,0,9.9940035978413e-05,0,0,0.00779532280631621,0,0,0,0,0,0.0022986208275035,0,0,0,0,0,0,0,0,0,0,0,0.000399760143913652,0,0,0,9.9940035978413e-05,0,0,0,0,0,0,0,0,9.9940035978413e-05,0,0,0.00169898061163302,0,0,0,0,0,0,0,0,0,0,0,0,9.9940035978413e-05,0,0,0,0,0.00139916050369778,0,0,0,0,0,0,0,0,0,0,0,0,0,0,0,0,0,0,0,0,0,9.9940035978413e-05,0,0,0.00209874075554667,0,0,9.9940035978413e-05,0.033879672196682,0,0,0,0,0,0.00119928043174096,0.000499700179892065,0,0.000199880071956826,0.0147911253248051,9.9940035978413e-05,0,0,0,0,0,0.00839496302218669,0,0.000899460323805717,0,0.00699580251848891,0,0,0,0,0,0,0.0249850089946032,0,0,0,0,0,0.0114931041375175,0,0,0,0,0,0,0,0,0,0,0,0,9.9940035978413e-05,0,0,0,0,0.000699580251848891,0,0,0,0,0,0,0.000899460323805717,0,0,0,0,0,0,0,0,0,0,0.000399760143913652,0,0,0.00569658205076954,0.000199880071956826,0,0,0,0,0.00139916050369778,0,0,0,0.049370377773336,0,0,0,0,0,0,0,0,0,0,0,0,0,9.9940035978413e-05,0,0,0.0149910053967619,0
0,0,0,0,0,0,0,0,0,0,0,0.000500250125062531,0,0,0.00360180090045023,0,0,0,0,0,0.00660330165082541,0,0,0.000600300150075037,0.0016008004002001,0.101650825412706,0,0,0.00330165082541271,0.00580290145072536,0.0206103051525763,0,0,0.00460230115057529,0,0,0.00120060030015007,0.00400200100050025,0.000700350175087544,0,0.000100050025012506,0.00840420210105053,0,0,0,0,0,0,0,0,0.00330165082541271,0.00110055027513757,0,0,0,0,0,0,0,0.0230115057528764,0,0,0,0.000400200100050025,0,0,0.0106053026513257,0,0,0,0,0,0,0,0,0,0.00080040020010005,0,0,0.00310155077538769,0.00450225112556278,0.000700350175087544,0.016608304152076,0,0,0,0,0,0.000400200100050025,0.00250125062531266,0.00180090045022511,0,0.0255127563781891,0,0,0.00100050025012506,0,0,0.00100050025012506,0,0,0,0,0,0.000100050025012506,0.016608304152076,0.00350175087543772,0.0337168584292146,0,0,0.00740370185092546,0,0,0.00700350175087544,0.000900450225112556,0,0,0.00130065032516258,0.0147073536768384,0.00080040020010005,0,0.0016008004002001,0,0.00670335167583792,0,0,0,0.00380190095047524,0,0,0,0.0306153076538269,0.0048024012006003,0,0,0.000100050025012506,0.0391195597798899,0,0,0,0.19719859929965,0,0,0,0,0,0,0,0,0.000900450225112556,0.00120060030015007,0,0,0.00530265132566283,0.000100050025012506,0,0,0,0.00630315157578789,0,0,0.000500250125062531,0,0,0,0,0.00120060030015007,0,0,0.00120060030015007,0.000300150075037519,0,0,0,0,0,0.00300150075037519,0,0,0,0,0,0,0,0,0.00440220110055028,0,0,0,0.00250125062531266,0,0,0,0,0,0,0,0,0,0,0,0,0,0,0,0.0253126563281641,0,0,0.000200100050025013,0.000200100050025013,0,0,0,0,0,0,0.00900450225112556,0,0.0182091045522761,0,0,0.000100050025012506,0,0,0,0,0.000300150075037519,0,0.00460230115057529,0.00100050025012506,0,0,0.00300150075037519,0.00750375187593797,0,0,0,0,0.00170085042521261,0,0,0.0234117058529265,0,0,0.000500250125062531,0,0,0,0,0,0,0,0,0,0.000400200100050025,0,0.00450225112556278,0,0,0,0,0,0,0,0.000100050025012506,0,0,0,0,0.000300150075037519,0,0,0.0260130065032516,0,0.000100050025012506,0.000100050025012506,0,0,0.000400200100050025,0.203001500750375,0,0,0.00420210105052526,0,0,0,0,0.000400200100050025,0,0,0,0,0.000100050025012506,0,0.000900450225112556,0,0.00540270135067534,0,0,0.00250125062531266,0
0,0,0,0,0,0,0,0.00369926014797041,0,0,0,0,0,0,0.000799840031993601,9.99800039992002e-05,0,0,0,0,0.00769846030793841,0.0200959808038392,0,0.000799840031993601,0,0.250449910017996,0,0,0.00489902019596081,0.0013997200559888,0.0016996600679864,0,0,0.0175964807038592,0,0,0.0001999600079984,0.0404919016196761,0,0,0,0,0,0,0,0.0336932613477305,0,0,0,0,0,0,0,0,0.00649870025994801,0,0,0,0,0.0452909418116377,0,0,0,0,0.0201959608078384,0,0.0147970405918816,0,0,0,0,0,0,0.000599880023995201,0,0,0,0,0,0.0349930013997201,0,0,0.0020995800839832,0,0,0.0013997200559888,0.0472905418916217,0,0,0.0011997600479904,0,0,0,0,0,0,0,0,0.0027994401119776,0,0,0,0,0,0,0,0,9.99800039992002e-05,0,0,0,0,0,0.00439912017596481,0,9.99800039992002e-05,0,0,0.0157968406318736,0,0,0,0,0,0.00649870025994801,0,0,0,0.0021995600879824,0,0,0.0001999600079984,0,0,0,0,0.0352929414117177,0,0,0,0.000399920015996801,0,0,0,0,0,9.99800039992002e-05,0,0,0.0015996800639872,0.000699860027994401,0,0,0,0,0,0,0,0,0,0,0,0,0,0,0,0,0,0,0,0.0021995600879824,0,0,0,0,0,0,0,0,0,0,0,0,0,9.99800039992002e-05,0,0,0.0171965606878624,0,0,0,0.00939812037592481,9.99800039992002e-05,0,0,0,0,0,9.99800039992002e-05,0,0,0,0,0,0,0.00629874025194961,0,0,9.99800039992002e-05,0,0,0.000699860027994401,0,0.000999800039992002,0.0028994201159768,0,0,0.00489902019596081,0.00349930013997201,0,0,0,0,0,0,0,0,0,0.00429914017196561,0,0.0202959408118376,0,0,0.0599880023995201,0,0,0,0,0,0,0,0,0,0,0.0002999400119976,0.00329934013197361,0,9.99800039992002e-05,0,0,0,0,0.0002999400119976,0,9.99800039992002e-05,0.0013997200559888,0.000999800039992002,0,0.0106978604279144,0.0310937812437512,0,0,0,0.000699860027994401,0,0,0,0,0,0,0,0.00849830033993201,0.0207958408318336,0,0,0,0,0,9.99800039992002e-05,0.0372925414917017,0,0,0.0867826434713057,0,0,0,0,0,0,0,0,0,0,0,9.99800039992002e-05,0,0.0017996400719856,0.0176964607078584,0,0.0166966606678664,0
0.0018,0,0,0,0,0,0,0,0,0,0,0,0,0,0.0015,3e-04,3e-04,0,0,0,0,0,0,5e-04,0,0.3611,0,0,0.0031,0,0,0,0,0.0161,0,0,8e-04,5e-04,0,0,3e-04,7e-04,0,0,0,0,0,0,0,0,0,0,0,0,0,0,8e-04,2e-04,0,0,0,0,0,0,0,0,0,0.0045,0,0,0,0,0,0.0133,0,0,0,0,0,0,0,0,0,0,0,0,3e-04,0,8e-04,0,0,5e-04,0.0085,0,0,3e-04,0,0,0,0,0,0.0129,0,0,0,0,0,4e-04,0,0,0.0198,0,0,0,0,0.0018,0,0.0207,0.0102,0,0,8e-04,2e-04,0,0,0,0,0,0,0,0,0,0,3e-04,0,8e-04,9e-04,0,0,1e-04,2e-04,0,0.0032,0,0,0,0,0,0,0,0,0,0,0.0032,1e-04,1e-04,0,0,0,0,0,0,0,0,0,0,0,0.015,0,0,0,0,0,2e-04,0.0018,0,0,0,0,0,0,0,0,0,0,0.008,0,0,0,0,1e-04,0,3e-04,0,0,0,0,0,0,0,0,0.0033,0,0,0,0.0021,0,0,2e-04,0,0.0014,0,0,0,0,0.0085,0,0,1e-04,0,0,0,0,0,0,0,0,0,0,0,0,0,0.0026,0.1409,0,0,0,0,0.0013,0,0,0.0191,0,0,4e-04,0,0,0.0043,0,0,0,0,0,0,0,0.0156,8e-04,0,0,5e-04,0,0,0,8e-04,0,0,0,0,0,0.0086,0,0,0.0374,0,0.0065,0,0,0,0,0.2186,0,0,0,0,0,0,0,7e-04,0,0,0,0,0,0,0.0064,0,0.0026,0,0,0,0
0,0,0,0,0,0.001499700059988,9.99800039992002e-05,0,0,0,0,0,0.0001999600079984,0.0316936612677464,0.000399920015996801,0,0.0031993601279744,0,0,0,0,0,0,0,0,0.0969806038792242,0,0,0.000899820035992801,0,0.0001999600079984,0,0,0.00489902019596081,0,0,0,0,0,0,0,0,0.0278944211157768,0,0,0,0,0,0,0.0002999400119976,0,9.99800039992002e-05,0,0,0,0,0,0,0,0.015996800639872,0,0,0,0.000999800039992002,0,0,0.0013997200559888,0.00959808038392321,0,0,0.000999800039992002,0,0,0,0,0.0105978804239152,0,0.0001999600079984,0,0,0,0,0.000499900019996001,0,0,9.99800039992002e-05,0,0,0.0017996400719856,0.0028994201159768,0,0,0.296840631873625,0,0,0.0018996200759848,0,0,0,0,0,0.0010997800439912,0,0,0,0,0,0.0429914017196561,0,0,0.002999400119976,0,0.0018996200759848,0.000699860027994401,0,0,0,0.00829834033193361,0.0020995800839832,0,0,0,0,0.000499900019996001,0,0,0,0,0,0,0.0013997200559888,0,0,0,0,0,0.0017996400719856,0,0.000699860027994401,0,0,0,0,0,0,0,0,0,0,0,0.0016996600679864,0,0.00749850029994001,0,9.99800039992002e-05,0,0,0.000399920015996801,0,0.0137972405518896,0,0.0002999400119976,0,0,0.000399920015996801,0,0.000499900019996001,0,0,0,0,0,9.99800039992002e-05,0,0,0,0,0.000699860027994401,0.000399920015996801,0,0,0.0002999400119976,0,0,0,0.0028994201159768,0,0,0,0,0,0,0,0.00329934013197361,0,0,0,0,0,0,0,0.0013997200559888,0,0,0,0,0,9.99800039992002e-05,0.0001999600079984,0.0002999400119976,0,0,0,0,0,0,0,0,0,0,0,0,0,0,0,0.0001999600079984,0,0.025494901019796,0.00589882023595281,0,0,0,0,0.0312937412517496,0.0017996400719856,0,0,0,0.0022995400919816,9.99800039992002e-05,0,0,0.00859828034393121,0,0,0,0,0,0,0,0,0,0,0,0,0.000599880023995201,0.000699860027994401,0,0,0,0,0,0,0,0.0001999600079984,0,0,0,0.000899820035992801,0.000799840031993601,0,0,0.00849830033993201,0.0002999400119976,0,0,0,9.99800039992002e-05,0,0.217856428714257,0,0,0.0151969606078784,0,0.0631873625274945,0.000699860027994401,0,0,0,0,0,0,0,0,0,0,0.00419916016796641,0,0,0,0
0,0,0,0,0,0,0,0,0,0,0,0.0002000200020002,0,0,0.0029002900290029,0,0,0,0,0,0,0,0,0.0005000500050005,0,0.498049804980498,0,0,0.0015001500150015,0.0013001300130013,0.0001000100010001,0,0,0.0012001200120012,0,0,0,0,0,0,0,0,0.0291029102910291,0,0,0,0,0,0,0,0,0,0,0.0001000100010001,0,0,0,0,0.0022002200220022,0,0,0,0,0,0,0,0.005000500050005,0,0,0,0,0,0,0,0,0,0,0,0,0,0,0,0.0003000300030003,0,0,0,0.0002000200020002,0,0.0003000300030003,0,0,0,0.0037003700370037,0,0,0.0001000100010001,0,0,0,0,0.0008000800080008,0,0,0,0,0,0,0.0889088908890889,0,0,0.005000500050005,0,0,0.0003000300030003,0.0001000100010001,0.0006000600060006,0,0.0814081408140814,0.0061006100610061,0,0,0,0.0002000200020002,0,0,0,0,0,0,0,0.0002000200020002,0,0,0,0,0,0.0191019101910191,0.0002000200020002,0,0,0.0009000900090009,0,0.0013001300130013,0,0,0,0.0007000700070007,0,0,0,0.0021002100210021,0,0,0.0007000700070007,0,0,0,0,0,0,0,0,0,0.0007000700070007,0,0,0,0,0,0,0.0002000200020002,0,0,0,0,0,0,0,0.0214021402140214,0,0,0,0,0,0,0,0,0,0,0,0,0.0009000900090009,0.0001000100010001,0,0,0,0,0,0,0,0,0,0,0,0,0.0003000300030003,0.0001000100010001,0,0,0.0007000700070007,0,0,0,0,0,0,0.006000600060006,0,0.0001000100010001,0,0,0.0002000200020002,0,0,0,0,0,0,0.0052005200520052,0,0,0,0,0.0068006800680068,0,0,0,0.0037003700370037,0,0,0,0.0151015101510151,0,0,0.0007000700070007,0.0004000400040004,0,0,0,0,0,0,0,0,0,0.0007000700070007,0.0003000300030003,0,0,0,0,0,0,0.0002000200020002,0,0,0,0,0,0.0329032903290329,0,0.0001000100010001,0.0118011801180118,0,0,0,0,0,0,0.12951295129513,0,0.0001000100010001,0.0028002800280028,0,0,0,0,0,0,0,0,0,0,0,0.0036003600360036,0,0,0,0,0,0
0,0,0,0,0,0,0.0025974025974026,0.0002997002997003,0,0,0,0,0,9.99000999000999e-05,0,0,0,9.99000999000999e-05,0,0,0.0017982017982018,0.0025974025974026,0,0,0.0004995004995005,0.426573426573427,0,0,0,0,0,0,0,0.0183816183816184,0.0001998001998002,0,0.0304695304695305,9.99000999000999e-05,0,0,0,0,0,0,0,0.0020979020979021,0,0,0,0,0,0,0,0,0,0.0001998001998002,0,0.0011988011988012,0,9.99000999000999e-05,0,0.000699300699300699,9.99000999000999e-05,0,0,0.0001998001998002,9.99000999000999e-05,0,0.0002997002997003,0.0034965034965035,0.000699300699300699,0,0,0,0,0,0,0,0,9.99000999000999e-05,9.99000999000999e-05,0.000999000999000999,0,0,0.0002997002997003,0,0,0,0,0.00559440559440559,0.0384615384615385,0.0001998001998002,0.000999000999000999,0,0,0,0,9.99000999000999e-05,0.0028971028971029,9.99000999000999e-05,0.0024975024975025,0,0,0.0001998001998002,0,0,0,0.0272727272727273,0,0.0025974025974026,0,0,0,9.99000999000999e-05,0,0,0.0001998001998002,0,0,0,0.000599400599400599,0,0,9.99000999000999e-05,0,0,0,9.99000999000999e-05,0,0,0,0,0,0.000799200799200799,0,0,0,0,0,0,0,0,0,0,0.0002997002997003,0,0,0,9.99000999000999e-05,0,0,0.00889110889110889,0,0.0004995004995005,9.99000999000999e-05,0,0,0,9.99000999000999e-05,0,0,0,0,0,0,0,0,0,0,0,0,0,0,0,0,0,0,0,9.99000999000999e-05,0,0,0,0,0,0,0,0,0,0,0,0,0,0,0,0.0030969030969031,0,9.99000999000999e-05,0,0,0,0.0004995004995005,0,0,0,0.158741258741259,0.0010989010989011,0,0,0,0,0,0,0.0186813186813187,0,0.0003996003996004,0,0.0013986013986014,0.0018981018981019,0,0.000599400599400599,0.0030969030969031,0.0010989010989011,0,0,0,0,0,0,0.00799200799200799,9.99000999000999e-05,0.00859140859140859,0,9.99000999000999e-05,0.0503496503496504,0,0,9.99000999000999e-05,0,0,0,0,0,0,0,0,0,0.0012987012987013,0,0,9.99000999000999e-05,0,0,0,9.99000999000999e-05,0,0,0.0002997002997003,0,0,0,0.0002997002997003,0,0.000899100899100899,0,0,0,0,0,0,0,0.0040959040959041,0,0,0,9.99000999000999e-05,0,9.99000999000999e-05,0,0.0012987012987013,0.137562437562438,9.99000999000999e-05,0,0,0,0,0,0,0,0.0002997002997003,0,0,0,0,0,0,0,0,0.00819180819180819,0,0,0
0,0,0,0,0.0008999100089991,0,9.99900009999e-05,0.0007999200079992,0,0,0,0.0002999700029997,0,0.0027997200279972,9.99900009999e-05,0,0,0,0,0,0,0.0027997200279972,0,0.0011998800119988,0,0.3000699930007,0,0,0.0026997300269973,0.0021997800219978,0.0584941505849415,0,0,0.014998500149985,0.0010998900109989,0,0,0,0,0,0,0.0068993100689931,0,0.0042995700429957,0.0041995800419958,0.0107989201079892,0,0,0,0,0,9.99900009999e-05,0,0,0,0,0,9.99900009999e-05,0.0026997300269973,0.0063993600639936,0,0,0,0,0,0,0,0,0,0,0,0.0002999700029997,0,0,0,0,0,0,0,0.0026997300269973,0,0,0,0,0,0,0,0,0,0.0067993200679932,0,0,0.106789321067893,0,0,0,0,0,0.000999900009999,0,0,0.0075992400759924,0,0,0,0,0,0.155784421557844,0,0,0.0041995800419958,0,0,0,0,0,0,0.0002999700029997,0.0152984701529847,0,0,0.0012998700129987,0,0.0004999500049995,0.0181981801819818,0,0,0.0017998200179982,0,0,0.0017998200179982,0.0021997800219978,0,0,0.0024997500249975,0,0.0043995600439956,0,0,0,0.0002999700029997,0.0007999200079992,0.0007999200079992,0,0,0,0,0,0,0.0002999700029997,0,0,0,0,0,0,0,0,0,0.0275972402759724,0,0,0,0,0,0,0.0005999400059994,0,0,0.0006999300069993,0,0,0,0,0.0073992600739926,0,0.0050994900509949,0,0.000999900009999,0,0,0,0,0.0002999700029997,0.0017998200179982,0,0,0,0,0,0,0.004999500049995,0,0,0,0,0,0,0,0,0,0,0,0,0,0,0,0,0,0,0,0,0,0,0,0,0.0286971302869713,0,0,0,0,0,0,0,0,0,0,0,0.0025997400259974,0,0,0,0.0022997700229977,0,0,0,0,0,0,0.0002999700029997,0,0.0014998500149985,0,0,0,0,0.0023997600239976,0,0,0,0,0,0,0,0,0,0,0,0,0,0.0002999700029997,0,0,0.0001999800019998,0,0,0,0,0,0.0087991200879912,0,0,0,0,0,0,0,0,0,0.0310968903109689,0,0,0.0898910108989101,0,0,0,0,0,0,0.0077992200779922,0,0,0,0,0,0,0.0004999500049995,0,0,0.0143985601439856,0
0,0,0,0,0,0,0,0,0,0,0,0.0001999800019998,0,0,0,0,0.0012998700129987,0,0,0,0,0.0020997900209979,0,0.0025997400259974,0,0.183481651834817,0,0,0.0024997500249975,0.0007999200079992,0.0045995400459954,0,0,0.0026997300269973,0,0,0,0,0,0,0,0.0006999300069993,0,0.0013998600139986,0,0.0200979902009799,0,9.99900009999e-05,0,0,0,0,0,0,0.0007999200079992,0,0,0,0.0006999300069993,0.010998900109989,0,0,0,0,0,0,0.0270972902709729,0,0,0.0323967603239676,0.0022997700229977,0,0,0,0,0,0,0,0,0.0145985401459854,0,0.0008999100089991,0.0078992100789921,0,0,0.0001999800019998,0.0102989701029897,0,0,0.0004999500049995,0.0008999100089991,0,0,0,0,0,0,0,0.0018998100189981,0,0,0.0067993200679932,0,0,0,0,0,0.0478952104789521,0.0082991700829917,0.0017998200179982,0.0070992900709929,0,0,0.0005999400059994,0.0003999600039996,0,0,0,0.0052994700529947,0,0,0,0,0,0.0050994900509949,0.0173982601739826,9.99900009999e-05,0,0.0004999500049995,0,0.0030996900309969,0.0126987301269873,0.0235976402359764,0,0,0,0.0002999700029997,0,0,0,0.0012998700129987,0,0.0008999100089991,0,0,0,0.0008999100089991,0,9.99900009999e-05,0,0,0,0,0.0120987901209879,0.0001999800019998,0,0,0,0,0.0090990900909909,0,0,0,0.0207979202079792,0,0,0.0004999500049995,0,0,0.0005999400059994,0.0006999300069993,0,0,0,0,0,0,0.0027997200279972,0.0035996400359964,0,0,0,0,0,0.0023997600239976,9.99900009999e-05,0,0,0,0,0.0001999800019998,0.0031996800319968,9.99900009999e-05,0,0,0,0,0,0,0,0,0,0.11958804119588,0.0505949405059494,0,0.010998900109989,0,0,0,0,0.0112988701129887,0,0,9.99900009999e-05,0.0002999700029997,0.001999800019998,0.0050994900509949,0,0,0,0,0,0,0,0,0,0,0,0.0033996600339966,9.99900009999e-05,0.0010998900109989,0,0.0005999400059994,0.0616938306169383,0,0,0,0,0,0.0070992900709929,0,0.0013998600139986,0,0,0.0004999500049995,0.0036996300369963,0,0,0,0,0,9.99900009999e-05,9.99900009999e-05,0,0.0003999600039996,0.0074992500749925,0.0021997800219978,0,9.99900009999e-05,0.0033996600339966,0.0003999600039996,0,0,0.0003999600039996,0,0,0,0,0,9.99900009999e-05,0,0.0003999600039996,0.0120987901209879,0,0,0,0,0,0,0.114688531146885,0,0,0.0071992800719928,0,0,0,0,0,0.0001999800019998,0.0062993700629937,0,0,0,0,0.0004999500049995,9.99900009999e-05,0.0211978802119788,0.0058994100589941,0,0.0024997500249975,0
0,0,0,0,0,0,0.000899820035992801,0,0,0,0,0,0,0,0,0,0,0,0,0,0,0.0100979804039192,0,0,0,0.285842831433713,0,0,0,0,0,0,0,0.00759848030393921,0,0,0.0002999400119976,0.000599880023995201,0,0,0,0,0,0,0,0.0020995800839832,0,0,0,0,0,0,0,0,0,0,0,0,0,0.0950809838032394,0,0.00779844031193761,0,0,0,0,0.0123975204959008,0,0,0,0,0,0,0,0,0,0,0,9.99800039992002e-05,0,0,0,0.0281943611277744,0,0,0,0,0,0,0,0,0,0,0,0,0.001499700059988,0,0,0,0,0,0.00879824035192961,0,0,0,0,0,0.104779044191162,0,0,0,0,0,0,0,0,0,0,0.001999600079984,0,0,0,0,0,0,0,0,0,0,0,0,0,0,0,0,0,0,0,0,0,0,0,0,0,0,0,0,0,0,0.0001999600079984,0,0,0,0,0,0,0,0,0,0.002999400119976,0,0,0,0,0,0,0,0,0,0,0,0,0,0,0,0,0,0,0,0,0,0,0,0,0,0,0,0,0,0,0,0.00729854029194161,0.0023995200959808,0,0,0.0030993801239752,0,0,0,0,0,0.00769846030793841,0,0,0,0,0,0,0,0,0.0001999600079984,0,0,0,0.0001999600079984,0,0.0612877424515097,0,0,0,0,0,0,0,0,0,0,0,0,0,0.0235952809438112,0,0,0.145270945810838,0,0,0,0,0,0,0,0,0,0,0,0.0592881423715257,0,0,0,0,0,0,0,0,0,0,0,0,0.000899820035992801,0.000599880023995201,0,0,0,0.000399920015996801,0,0,0,0,0,0.0416916616676665,0,0,0,0,0,0,0,0,0.000399920015996801,0.0575884823035393,0,0,0.0148970205958808,0,0,0,0,0,0,0,0,0,0,0,0,0,0,0,0,0.0018996200759848,0
0,0.000799760071978406,0,0.00189943017094872,0,0,0,0,0,0,0,0.000599820053983805,0,0,0.00569829051284615,0.000699790062981106,0.00279916025192442,0,0.000799760071978406,0,0.00139958012596221,0.00209937018894332,0,0,0.000399880035989203,0.280715785264421,0,0,0,0.00159952014395681,0.010296910926722,0,9.99700089973008e-05,0,0,0,0,0.000299910026991902,0,0,0,0.00129961011696491,0.000999700089973008,0.00409877036888933,0,0.0282915125462361,0,9.99700089973008e-05,0,0,0.000799760071978406,0,0.000499850044986504,0,0.000599820053983805,0,0,0,0,0.0426871938418474,0.000299910026991902,0.00669799060281915,0,0,0,0.00849745076477057,0.0198940317904629,0.000199940017994602,0,0,0,0,0,0.000799760071978406,9.99700089973008e-05,0,0,0,0,0,0,0,9.99700089973008e-05,0,0.00339898030590823,0.000199940017994602,0.000299910026991902,9.99700089973008e-05,0.00169949015295411,0.00349895031490553,0,0,0,0.00289913026092172,0,0,0,0,0,0,0,0.00499850044986504,0,0,0.000199940017994602,0,9.99700089973008e-05,0.0519844046785964,0,0,0.0154953513945816,0,0,0.0111966410076977,0,0,0,0,0.00349895031490553,9.99700089973008e-05,0,0,0,0.00419874037788663,0,0,0,0,0,0.00109967009897031,0.000799760071978406,0.00189943017094872,0,0,0,0,0.0120963710886734,0,0,0,0.0299910026991902,0,0.00129961011696491,0,0,0,0.00549835049485154,0,0,0,0.000499850044986504,0.00379886034189743,0,0,0,0,0,0,0,0.000299910026991902,0,0,0.00109967009897031,0.0217934619614116,0,0,0.000699790062981106,0,0,0,0,0,0,0,0,0,0.000399880035989203,0.00119964010796761,0,0.000199940017994602,0,0,0,9.99700089973008e-05,0,0,0,0,0,0,0,0.00579826052184345,0,0,0,0,0,0,0,0,0,0.00379886034189743,0,0,0,0.00539838048585424,0,0,0.000299910026991902,0,0.00109967009897031,0.00289913026092172,0,0,0,0.00249925022493252,0.0123962811156653,0.00259922023392982,0,0,0,0.00489853044086774,0,9.99700089973008e-05,0,0,0,0,0.00389883035089473,9.99700089973008e-05,0.00459862041387584,0,0.000899730080975707,0.0280915725282415,0,0,0,0,0.000699790062981106,0.00639808057582725,0,0.00139958012596221,0.00929721083674898,0,0.000599820053983805,0,0,0,0,0,0,0,0,0,0.000699790062981106,0.00169949015295411,0.00309907027891633,0,0,0.000399880035989203,0,0,0,0.000999700089973008,0,0,0,0,0,0.00689793062081376,0,0,0.00809757072878137,0,0,0,0,0,0,0.250524842547236,0,0,0.00399880035989203,0,0,0,0,0,0.000399880035989203,0.00479856043187044,0,0,0,0,0.00189943017094872,0,0.00319904028791363,0,0,0.00269919024292712,0
0,0,0,0,0,0,9.99700089973008e-05,0.000899730080975707,0,0,0,9.99700089973008e-05,0,0,0.000899730080975707,0,0,0,0,0,0,0.00109967009897031,0,0,0.000199940017994602,9.99700089973008e-05,0,0,0,0,0.0125962211336599,0.000399880035989203,0.000899730080975707,0.00809757072878137,0,0,0,9.99700089973008e-05,0,0,0,0.000699790062981106,0.00929721083674898,0.00589823053084075,0,9.99700089973008e-05,0,0,0,0,0.00109967009897031,0,0,0,0.000599820053983805,9.99700089973008e-05,0,0,0,9.99700089973008e-05,0,9.99700089973008e-05,0,0,0.000199940017994602,0.000899730080975707,9.99700089973008e-05,0,0,0.00369889033290013,0.000699790062981106,0,0,0,0,0,0,0,0,0.000199940017994602,0,0,0,0,0.000199940017994602,0.00149955013495951,0,0,0,0.0105968209537139,0,0,0,0,0,0,0,0,0.00329901029691093,0,0,0.000599820053983805,0,0,0,0,0,0.0135959212236329,0,0,0.000699790062981106,0,0,0.00249925022493252,0,0,0,0,9.99700089973008e-05,9.99700089973008e-05,0,0,0,0,0.0759772068379486,0,0,0,9.99700089973008e-05,0,0.000499850044986504,9.99700089973008e-05,0,0,0,0.000599820053983805,0,0,0,0,0,0,0.000399880035989203,0,0,0,9.99700089973008e-05,0,0,0,9.99700089973008e-05,0,0,0,0,0,0,0,0.000299910026991902,0.0114965510346896,0,0,0.000399880035989203,0,0,0,0.000299910026991902,0,0,0,0,0,0,0,0,0,0,0.00569829051284615,0.00169949015295411,0,0,0.000299910026991902,9.99700089973008e-05,0,9.99700089973008e-05,0,0,0,0,0,0,0.00139958012596221,9.99700089973008e-05,0,0,0,0,0,0,0,0,0.00209937018894332,0,9.99700089973008e-05,0.0164950514845546,9.99700089973008e-05,0,0,0,0,0,0,0.000299910026991902,0,0.000999700089973008,0.000499850044986504,0.000899730080975707,0,0,9.99700089973008e-05,0,0.000199940017994602,0,0,0,0,0.00259922023392982,0,0.00319904028791363,0,0.00169949015295411,0,0.000999700089973008,0.0127961611516545,0,0,0.000199940017994602,0,0.000399880035989203,0.00329901029691093,0,0.000699790062981106,0,0,0,0,0,0,0,0,9.99700089973008e-05,0,0.000199940017994602,0,0.000699790062981106,0.000199940017994602,0,0,9.99700089973008e-05,0,0,0.000299910026991902,0,0,0,0,0,0.00319904028791363,0,0.5259422173348,0.000599820053983805,9.99700089973008e-05,0.0484854543636909,0,0,0,0,0,0.00119964010796761,0.158652404278716,0,0,0.0133959812056383,0,0,0,0,0,0.000199940017994602,0.00169949015295411,0,0,0,0,0.0113965810256923,0,0.000699790062981106,0.00249925022493252,0,0.000399880035989203,0
0,0,0.0004999500049995,0,0.0002999700029997,0,0,0,0,0,0,0,0,0,0.0040995900409959,0.0034996500349965,0.0134986501349865,0,0,0.0002999700029997,0.0054994500549945,0,0,0,0.0051994800519948,0.35956404359564,0,0.000999900009999,0.000999900009999,0.0011998800119988,0.0006999300069993,0.0045995400459954,0,0.0026997300269973,0,0,0.0005999400059994,0,0.0001999800019998,0,0,0,0.0013998600139986,0,0,0.0005999400059994,0,0,0,0,0,0.0008999100089991,0.0004999500049995,0,0,0,0,0,0.0005999400059994,0,0,0,0,0,0,0.0114988501149885,0.0025997400259974,0,0,0.0045995400459954,0,0,0,0,0,0,0,0.0002999700029997,0,0,0,0.0041995800419958,0.0006999300069993,0,0,0.0076992300769923,0.0057994200579942,0,0,0.0006999300069993,0,0,0,0,0.002999700029997,0,0.0572942705729427,0,0,0,0.0041995800419958,0.0023997600239976,0,0,0,0,0,0.0011998800119988,0.0005999400059994,0,0.0061993800619938,0.0046995300469953,0,0.0058994100589941,0,0,0,0,0.003999600039996,0,0,0,0,0.034996500349965,0.0086991300869913,0.0095990400959904,0,0,0,0,0.0004999500049995,0.004999500049995,0,0,0,0,0,0,0.0008999100089991,0,0.0003999600039996,0.0005999400059994,0.0007999200079992,0,0,0,0,0,0.0013998600139986,0.0021997800219978,0,0.0004999500049995,0.0004999500049995,0,0,0,0,0.0011998800119988,0,0,0,0.0012998700129987,0,0,0,0,0.0006999300069993,0,0,0.0338966103389661,0,0,0.000999900009999,0,0,0,0,0.0060993900609939,0,0,0,0,0,0.0036996300369963,0.0004999500049995,0,0,0,0,0,0,0.0045995400459954,0,0,0,0,0,0,0,0.0002999700029997,0,0,0,0.0022997700229977,0,0.0037996200379962,0,0,9.99900009999e-05,9.99900009999e-05,0.0156984301569843,0,0,0,0,0.0010998900109989,0,0,0.0001999800019998,0.0024997500249975,0.0146985301469853,0,0,0,0,0,0,0,0.003999600039996,0,0,0,0.0011998800119988,0.0421957804219578,0,0,0,0,0.000999900009999,0.001999800019998,0,0.0014998500149985,0,0,0.0005999400059994,0,0,0,0,0,0,0,0,0,0,0.0224977502249775,0.0014998500149985,0,0,0.0013998600139986,0,0,0,9.99900009999e-05,0,0,9.99900009999e-05,0,0,0.0130986901309869,0,0,0.0435956404359564,0.0006999300069993,0,0,0,0,0,0.110688931106889,0,0.004999500049995,0.0345965403459654,0,0.0022997700229977,0,0,0,0,0.0033996600339966,0,0,0,0,0,0,0.0002999700029997,0,0.0001999800019998,0.0120987901209879,0
0,0,0,0,0,0,9.99000999000999e-05,0.0014985014985015,0,0,0,0.0013986013986014,0,9.99000999000999e-05,0.000899100899100899,0.0042957042957043,0.0003996003996004,0,0,0,0.0020979020979021,0.000799200799200799,0,0,0.000699300699300699,0.0633366633366633,0,0.0003996003996004,0,0,0.0342657342657343,0,0,0,0.0010989010989011,0,0.0027972027972028,0.0132867132867133,0.0002997002997003,0,0,0.0031968031968032,0.0001998001998002,0.00539460539460539,0,0.016983016983017,0,0,0,0,0,0,0,0,0.000799200799200799,0,0,0,0,0.0225774225774226,0,0.00949050949050949,9.99000999000999e-05,0.0003996003996004,0,9.99000999000999e-05,0.0024975024975025,0,0,0.00579420579420579,0.0020979020979021,0,0,0.0018981018981019,0,0,0,0,0.0001998001998002,0.0052947052947053,0,0.0003996003996004,0,0,0.0212787212787213,9.99000999000999e-05,0,0,0.0003996003996004,0.0107892107892108,0,0.00779220779220779,0,0,0.00669330669330669,0.0001998001998002,0,0,0.0018981018981019,0,0.0010989010989011,0,0.000699300699300699,0,0,0,0.00569430569430569,0.0115884115884116,0,0,0.000899100899100899,9.99000999000999e-05,0,0.0032967032967033,0,0,9.99000999000999e-05,0.0010989010989011,0.000999000999000999,0,0,0,0.0002997002997003,9.99000999000999e-05,0.0027972027972028,0,0.0927072927072927,0,0,0.00749250749250749,0.000799200799200799,0.0024975024975025,0,0,0,0,0,0.000799200799200799,0.000599400599400599,0,0.0004995004995005,0,0,0,0,0,0,0,0,0.0003996003996004,0.0002997002997003,0.0002997002997003,0,0,0,0,0,0,0,0.00879120879120879,0,0.0002997002997003,0.000699300699300699,0,0,0,0.0010989010989011,0,0,9.99000999000999e-05,0.000599400599400599,0.0028971028971029,9.99000999000999e-05,0,0,0,0,0.0017982017982018,0.0381618381618382,0,0,0,0,0,0,0,0,0,0.0033966033966034,0,0,0.0123876123876124,0,0,0,9.99000999000999e-05,0,0,0,0,0,0.00749250749250749,0,0,0.101798201798202,0.0036963036963037,9.99000999000999e-05,0,9.99000999000999e-05,0,0,0,0.0162837162837163,0.0003996003996004,0.0004995004995005,0,0.0180819180819181,0,0,0.0002997002997003,0.000599400599400599,0.0030969030969031,0,0,0,0,0.00879120879120879,0,0.0015984015984016,0,0.00889110889110889,0,0.0030969030969031,0.18991008991009,0.0010989010989011,0,0,0,0.000899100899100899,0,0,0.000999000999000999,0.00609390609390609,0.0020979020979021,0,0,0,0,0,0,0.0035964035964036,0,0,0,0,0.0144855144855145,9.99000999000999e-05,0,0.0001998001998002,0.0003996003996004,0,0,0,0.0011988011988012,0,0,0.0001998001998002,0.0001998001998002,0.0012987012987013,0.000699300699300699,0.0001998001998002,0,0.000599400599400599,9.99000999000999e-05,9.99000999000999e-05,0,0.0003996003996004,0.0001998001998002,0,0.108991008991009,0,0,0.0024975024975025,0,0,0,0,0,0.0002997002997003,0,0,0.0100899100899101,0,0,0.0105894105894106,0.0001998001998002,0,0,9.99000999000999e-05,0.00739260739260739,0
0,0,0,0,0,0,9.9940035978413e-05,0,0.00519688187087747,0,0.000699580251848891,9.9940035978413e-05,0,0.0177893264041575,0.00899460323805717,0,0.00219868079152508,0,0.000299820107935239,0,0,0.000199880071956826,0,0,0,0.213671796921847,0,0,0,9.9940035978413e-05,0.0061962822306616,0.000499700179892065,0.000499700179892065,0.00319808115130921,0,0,0,9.9940035978413e-05,0,0,0,0.000399760143913652,0.000599640215870478,0.000599640215870478,0,0.000999400359784129,0,9.9940035978413e-05,0,0,0,0,0,9.9940035978413e-05,0,0,0,0,0,0.00189886068358985,0,0,0,9.9940035978413e-05,0,0.000499700179892065,0.0126923845692584,0,0.00759544273435938,0.00209874075554667,0.000399760143913652,9.9940035978413e-05,0,9.9940035978413e-05,0,0,0,0,0,0.000599640215870478,0,0.00189886068358985,0.00109934039576254,0,9.9940035978413e-05,9.9940035978413e-05,0.0541674995002998,0,0,0.000199880071956826,0,0,0,0.00369778133120128,0,0,0,0,0.00149910053967619,0,0,0,0,0.00209874075554667,0.000799520287827304,0,0.00759544273435938,0.0358784729162503,0,0,0.00169898061163302,9.9940035978413e-05,0,0.0341794923046172,0.000199880071956826,0,0,9.9940035978413e-05,0.000899460323805717,0,0,0,0,0,0.0136917849290426,0.0186887867279632,0,0,0.00109934039576254,0,0.000499700179892065,0.000199880071956826,9.9940035978413e-05,0,0,0,0,0,0,0,9.9940035978413e-05,0,0,0,0.0084949030581651,0,9.9940035978413e-05,0.000599640215870478,0,0,9.9940035978413e-05,0.000399760143913652,0,0.000299820107935239,0,0,0,0,0,0.000599640215870478,0,0.000599640215870478,0.000399760143913652,0.00719568259044573,0,0,0.000299820107935239,0,0,0,9.9940035978413e-05,0,0,0,0,0,0.000599640215870478,0.00549670197881271,0.00689586248251049,9.9940035978413e-05,0.00469718169098541,0,0,0,9.9940035978413e-05,0.000599640215870478,0,0,0,0,0,0.000899460323805717,0,0,0,0,0,0,0,0,0,0,0.103537877273636,0,0,0.000399760143913652,9.9940035978413e-05,0,0,0,0,0.0030981411153308,0.000699580251848891,0,0.00109934039576254,0.000599640215870478,0.00269838097141715,0.000799520287827304,0,0,0.00249850089946032,0.00389766140315811,0,0.00369778133120128,0,9.9940035978413e-05,0.000299820107935239,0,0.0314811113332001,0,0.00479712172696382,0,0.00109934039576254,0.240155906456126,0,0.000199880071956826,0.000599640215870478,0.00149910053967619,0.000399760143913652,0.000999400359784129,0.000199880071956826,0.00119928043174096,0,0,0,0,0,0,0,9.9940035978413e-05,0.0179892064761143,9.9940035978413e-05,0.000599640215870478,0,0.000499700179892065,0.00739556266240256,0,9.9940035978413e-05,9.9940035978413e-05,9.9940035978413e-05,9.9940035978413e-05,0,0,0,0,0,0,0.00369778133120128,0.000599640215870478,0.00759544273435938,0,0.000899460323805717,0.0160903457925245,0,0,0,0,0.000199880071956826,0.000199880071956826,0.0139916050369778,0,0,0.00699580251848891,0,0,0,0,0,0.000199880071956826,0.000199880071956826,0,9.9940035978413e-05,9.9940035978413e-05,0,0.00489706176294223,9.9940035978413e-05,0.000199880071956826,0.0022986208275035,0,0.000399760143913652,0
0,0,9.99700089973008e-05,0,0,0,0,0,0,0,0,0,0,0.00789763071078676,0.000799760071978406,0,0,0,0,0,0.000499850044986504,0.00289913026092172,0,0.000199940017994602,0,0.120263920823753,0,0,0.000299910026991902,0.000699790062981106,0.0315905228431471,0,0,0.00379886034189743,0,0,0.00249925022493252,0.0151954413675897,0.000299910026991902,0,0,0.000199940017994602,0,0.000999700089973008,0,0.00209937018894332,0,0,0,0,0.000499850044986504,0,0,0,0.000599820053983805,0,0,0,0,0.0103968809357193,0.00129961011696491,0.000599820053983805,0,0,0,0,0.00549835049485154,0,0,0,0.00149955013495951,9.99700089973008e-05,0.000899730080975707,0.000299910026991902,0,0.0252924122763171,0,0,0,0.00899730080975707,0,0,0,0,0.000699790062981106,0.000399880035989203,0,0,0,0.00279916025192442,0.000799760071978406,0.000499850044986504,0.000199940017994602,0,0,0,0,0,0.000999700089973008,0,0,0.00139958012596221,0,0,9.99700089973008e-05,0,0,0.37258822353294,0,0,0,0,0,0,0.000399880035989203,0,0,0.000799760071978406,0.0111966410076977,0,0,0,0,9.99700089973008e-05,0.00429871038688393,0,0,0,0,0,0.000699790062981106,0.000799760071978406,0,0,0,0,0.000299910026991902,9.99700089973008e-05,0,0,0.000599820053983805,0,0,0,0,0,0,0,0,0,0.000299910026991902,0.00119964010796761,0,0,9.99700089973008e-05,0,0,0,0,0.00139958012596221,9.99700089973008e-05,0,0,0.0264920523842847,0,0,0,0,9.99700089973008e-05,0,0.000799760071978406,0,0,0,0,0,0.000399880035989203,0.00109967009897031,0.00669799060281915,9.99700089973008e-05,0,0,0,0,0.000199940017994602,0,0.000899730080975707,0,0,0,0,0.00219934019794062,0,0,0.000199940017994602,0,0,0.000199940017994602,0,0,0,0,0,0,0,0.00229931020693792,0.000399880035989203,0,0.000199940017994602,0,0,0,0,0,0.000399880035989203,0,0.0125962211336599,0,0.0151954413675897,0,0.00779766070178946,0,0.0143956812956113,0,0,0.00109967009897031,0,0,0.00759772068379486,0.000499850044986504,0.00149955013495951,0,0,0.0237928621413576,0,0,9.99700089973008e-05,0,0,0.000399880035989203,0,0,0,0,9.99700089973008e-05,0,0.00259922023392982,0,0,9.99700089973008e-05,0.00329901029691093,9.99700089973008e-05,0,0,0.00119964010796761,9.99700089973008e-05,0.000199940017994602,0.000299910026991902,0.000899730080975707,9.99700089973008e-05,0.000399880035989203,0,0,0.000299910026991902,0.000399880035989203,0,0,0,0.0218934319704089,0,0,0,0.021593521943417,0,0,0,0.000599820053983805,0,0.000299910026991902,0.1518544436669,0,0,0.00949715085474358,0,0,0.000299910026991902,0,0,0.000399880035989203,0.000299910026991902,0,0,0.000499850044986504,0,0,0.000399880035989203,0.00289913026092172,0,0,0.00249925022493252,0
0,0,0,0,0,9.98701687805852e-05,0,0.00149805253170878,0,0,0,9.98701687805852e-05,0,0,0.00239688405073405,0,9.98701687805852e-05,0,0,0,0.00379506641366224,0.000399480675122341,0,0.000299610506341756,0,0.115849395785479,0,0,0.000998701687805852,0.000699091181464097,9.98701687805852e-05,0,0,0.00739039248976331,0,0,0.000599221012683511,0.00119844202536702,9.98701687805852e-05,0,0,0,0,0.00249675421951463,0,0.0112853290722061,0,9.98701687805852e-05,0,0,9.98701687805852e-05,0,0,0,0.000499350843902926,0,0,0,0,0,9.98701687805852e-05,0,0,0,0,0,0.00139818236292819,0,0,0,0.000499350843902926,0,0,0,0,0,0,0,0,0.000798961350244682,0,9.98701687805852e-05,9.98701687805852e-05,0,0.0639169080195746,0.00019974033756117,0,0,0,0.00399480675122341,0,0.000798961350244682,0,0,0,0,0,0,9.98701687805852e-05,0,0,0,0,0,0.00019974033756117,0,0,0.28153400579247,0,0,0,0,0,0.00309597523219814,9.98701687805852e-05,9.98701687805852e-05,0,0,0.00759013282732448,0,0,0,0,9.98701687805852e-05,0.00189753320683112,0,0,0,0,0,0.000399480675122341,0.0463397583141915,0,0.00019974033756117,0,0,0.00279636472585639,0,0,0,0.00159792270048936,0,0,0,0,0,0,9.98701687805852e-05,0,0,0.00149805253170878,0,9.98701687805852e-05,9.98701687805852e-05,9.98701687805852e-05,0,0,0,0,0.0060920802956157,0,0,0,0,0,0,9.98701687805852e-05,0,0,0.000699091181464097,0,0,0,0,0,0,0.00019974033756117,0.000599221012683511,0.00589233995805453,9.98701687805852e-05,0,0,0,0,0.00019974033756117,0,0,0,0,0,0,0.00499350843902926,9.98701687805852e-05,0,0,0,0,0.00019974033756117,0,0,0,0,0,0,0,0.000798961350244682,0.000798961350244682,0,9.98701687805852e-05,9.98701687805852e-05,0,0,0,0,0.000299610506341756,0,0.00129831219414761,0,0.00239688405073405,0,9.98701687805852e-05,0,0,0,0,0,0,0,0,9.98701687805852e-05,0.0026964945570758,0,0,0.0115849395785479,0,0,9.98701687805852e-05,0,0,0.00649156097073804,0,0,0,0,0,0,9.98701687805852e-05,0,0,0.00019974033756117,0,9.98701687805852e-05,0.000499350843902926,0,0.000299610506341756,9.98701687805852e-05,0.000499350843902926,0.000699091181464097,0.00019974033756117,0,9.98701687805852e-05,0,0,9.98701687805852e-05,0,0,0,0,0.00109857185658644,9.98701687805852e-05,0,0,0.0480375511834615,0,0,0,0,0,0.00019974033756117,0.312094277439329,0,0,0.00709078198342155,0,0,0,0,9.98701687805852e-05,0.00499350843902926,0,0,0,0,0,0.000399480675122341,0,0.00229701388195346,0,0,0.00469389793268751,0
0,0,0,0,0,0,0.010893463921647,0,0,0,0,0,0,0,0.0203877673395962,0,0,0,0,0,0,0,0.000199880071956826,0.00119928043174096,0,0,0,0,0.00429742154707176,0.00189886068358985,0,0,0,0.00839496302218669,0,0,0.00419748151109334,0,0,0,0,0,0,0.0076953827703378,0.000399760143913652,0,0,0,0,0,0,0,0,0,0,0,0,0,0,0,0,0,9.9940035978413e-05,0,0,0,0.0378772736358185,0,0,0,0,0,0.00109934039576254,0.000499700179892065,0,0,0,0,0,0,0,0,0.0497701379172497,0.000399760143913652,0,0.000699580251848891,0.000399760143913652,0,0,0,0,0.00799520287827304,0.00749550269838097,0,0,0.0203877673395962,0,0,0,0,0,0.000499700179892065,0,0,0,0,0,0.109634219468319,0,0,0,0,0,0,0,0.000599640215870478,0,9.9940035978413e-05,0,0.000699580251848891,0,0,0,0,0.00789526284229462,0,0,0,0,0,0,0,0,9.9940035978413e-05,0,0.0104937037777334,0.0104937037777334,0,0,0,0.000399760143913652,0,0,0,0,0.00219868079152508,0,0,0,0,0.00319808115130921,0,0,0,0,0,0,0,0,0.0101938836697981,9.9940035978413e-05,0,0,0,0,0,0,0,0,0,0,0,0.0704577253647811,0,0,0,0,0,0.0534679192484509,0,0,0,0,0,0,0,0,0,0,0,0,0.0445732560463722,0.000199880071956826,0,0,0,0,0,0,0,0,0,0,0,0,0,0,0,0,0.000499700179892065,0,0,0,0,0,0.000299820107935239,0.00529682190685589,0,0.0543673795722566,0,0,0,0,0,0,0,0,0,0,0,0,9.9940035978413e-05,0,0.0390765540675595,0,0,0,0,0,9.9940035978413e-05,0,9.9940035978413e-05,0,0,0,0,0,0,0,0,9.9940035978413e-05,0,0,0,0,0,0,0,0,0,0,0,0,0.000199880071956826,0,0,0,0,0,0.00569658205076954,0,0,0.0133919648211073,0,0.000599640215870478,0,0,0,0,0.237057765340796,0,0,0.0750549670197881,0.000399760143913652,0,0,0,0.000199880071956826,0,0,0,0,0,0,0.00379772136717969,0,0.00119928043174096,0,0,0.0508694783130122,0
0,0,0,0,0,0,9.99800039992002e-05,0,0,0,0,0.0002999400119976,0.0002999400119976,0.00769846030793841,0.000799840031993601,0,0,0,0,0,0,0,0,0.0027994401119776,0,0.0919816036792642,0,0,0.00249950009998,0.0107978404319136,0.0747850429914017,0,0,0.000999800039992002,0,0,0.00829834033193361,0.0907818436312737,0,0.000599880023995201,0.0002999400119976,0,0,0,0,0.0221955608878224,0,0,0,0,0,0,0,0,0,0,0,0,0,0,0,0.00409918016396721,0,0,0,0,0.0221955608878224,0.0001999600079984,0,0,0.0031993601279744,0,0,0,0,0,0,0,0,0.00809838032393521,0,0,0.00569886022795441,0,0.0686862627474505,0,0,0,0.0002999400119976,0.00389922015596881,0,0.0148970205958808,0.0023995200959808,0.00369926014797041,0,0,0,0,0.0012997400519896,0,0,0,0,0,0.0001999600079984,0,0,0.180763847230554,0.0124975004999,0,0,0,0,0.00539892021595681,0,0,0,0,0,0,0,0,0.00529894021195761,9.99800039992002e-05,0.00889822035592881,0,0,0,0,0,0.00459908018396321,0.0012997400519896,0,0.000499900019996001,0,0,0.0018996200759848,0.0001999600079984,0,0,0,0,0,0,0,0,0,0,0,0,0,0,0,0,0,0.001999600079984,0,0,0,0,0,0,0,0.0730853829234153,0.0001999600079984,0,0,0,0,0,0,0,9.99800039992002e-05,9.99800039992002e-05,0.0016996600679864,0,0,0,0.0217956408718256,0,0,0,0,0,0.0012997400519896,0,0,0,0,0,0,0.00709858028394321,9.99800039992002e-05,0.0015996800639872,0,0,0,0,0,0,0,0,0,0,0.000399920015996801,0.000799840031993601,0,0,0,0.000799840031993601,0,0,0,0,0.00249950009998,0,0.00989802039592082,0,0,0.0115976804639072,0,0,0,0,0,9.99800039992002e-05,0,0,0.00539892021595681,0.000799840031993601,0.0151969606078784,0,0,0.000899820035992801,0,0,0,0,0,0.001499700059988,0,9.99800039992002e-05,0,0,0,0,0,0.0010997800439912,0,0,0,0,0,9.99800039992002e-05,0.00589882023595281,0,0,0,0.0128974205158968,0.0031993601279744,0,0,0.000699860027994401,0,0,0,0,0,0,0,0,0,0.0015996800639872,0,0,0,0,0.0002999400119976,0.000399920015996801,0.104679064187163,0,0,0.014497100579884,0,0,0,0,0,0,0,0.000599880023995201,0,0,0,0.000599880023995201,0,0.000399920015996801,0,0,0.0183963207358528,0
0,0,0,0,0,0,0,0,0,0,0,0,0,0,0,0,0,0,0,0,0,0,0,0.0025,0,0.2752,0,0,0.0067,3e-04,0,0,0,0,0,0,0,0,0,0,0,0,0,0,0,0,0,0,0,0,0,0,0,0,0,0,0,0,0,0,0,0,0,0,0,0,0,0,0,0,0,0,0,0,0,0,0,0,0,0,0,0,0,0,0,6e-04,3e-04,0,0,0,0,0,0.0012,0,0,0,0,0,0,0,0,1e-04,0,0,0,0,0,0.0255,0,0,0,0,0,0.0266,0,0,0,0,0,0,0,0,0,2e-04,0.0215,0,0,0,0,0,0.0176,0,0,0,0,0,0.0122,0,0,0,0,0,0,0,0,0,0,0,0,0,0,0,0,0,0,0,0,0,0,0,0,0,0,0,0,0,0,0,0,0,0,0,0,0,0,0,0,0,0,0,0,0,0,0,0,0,0,0,0,0,0,0.0098,0,0,0,0,0,0,0,0,0,0,0,0,3e-04,0,0,2e-04,1e-04,8e-04,0,0,0,0,0,0,0,0,0.0246,0,0,0,0,0,0,0,0,0,0,0,0,0,0,0,0,0,0,0,0,0,0,0,0,0,0,0,0,0,0,0,0,0,0,0,0,0,0,0,0,0,0,0,0,2e-04,0,0,0,0,0,4e-04,0,0,0.0131,0,0,0,0,0,0,0.4944,0,0,0.0648,0,0,0,0,0,0,0,0,0,0,0,0,0,8e-04,0,0,0,0
0,0,0,0,0,0,0,0,0,0,0,0,9.99600159936026e-05,0,0.00349860055977609,0.000199920031987205,0,0,0,0,0,0,0,0,0,0.0723710515793683,0,0,0.0113954418232707,0.00169932027189124,0,0.000999600159936026,0,0.00889644142343063,0,0,0,0.00289884046381447,0,0,0,0,0,0,0,0.00589764094362255,0,0,0,0,0,0,0,0,0,0,0,0,0,0.0220911635345862,0,0,0,0,0,0,0,0,0,0,0,0,0,0,0,0,0,0,0,0,0,0,0.00159936025589764,0,0,0,0,0,0.000299880047980808,0.0039984006397441,0,0.0129948020791683,0.0210915633746501,0,0,0.0135945621751299,0,0,0,0,0,0,0,0,0,9.99600159936026e-05,0,0.394242303078769,0,0,0,0,0,0,0,0,0,0,0.00599760095961615,0,0,0,0,9.99600159936026e-05,0.0190923630547781,0,0,0,0,0,0,0.000199920031987205,0,0.00279888044782087,0,0,0.00079968012794882,0,0,0,9.99600159936026e-05,0,0,0,0,0,0.000199920031987205,0,0,0.0037984806077569,0,0,0,0,0,0,0,0,0,0,0,0,0,0,0,0,0,0,0,0,0,0,9.99600159936026e-05,0,0,0,0,0.00529788084766094,0,0,0,0,0.000499800079968013,0,0,0,0,0,0,0.00109956017592963,0,0,0,0,0,0,0,0,0,0,0,0,0,0,0,0,0,0,0,0,0,0,0,0,0,0,0,0,0.0698720511795282,0,0,0,0,0,0,0,0,0,0,0,0.00469812075169932,0,0,0,0.00169932027189124,0,0,0,0,0,0,0,0,0,0,0,0,0,0,0,0,0,0,0,0,0,9.99600159936026e-05,0,0.00119952019192323,0,0.000199920031987205,0,0,0,0,0,0,0,0,0.00189924030387845,0,0,0,0.00039984006397441,0,0,0,0,9.99600159936026e-05,0.299080367852859,0,0,0,0,0,0,0,0,0,0,0,0,0,0,0,0,0,0,0,0.00269892043182727,0
0,0,0.000299850074962519,0,0.00309845077461269,0,0,0.000199900049975012,9.99500249875062e-05,0,0,0.000299850074962519,9.99500249875062e-05,9.99500249875062e-05,0.00119940029985007,0.000199900049975012,0.00249875062468766,0,0,0.00139930034982509,0,0.00439780109945028,0,0,0.000299850074962519,0.176811594202899,0.000199900049975012,0,0.00859570214892554,0,0.00979510244877561,0,0,0.00689655172413793,0.0119940029985007,0,0.000599700149925037,0.0320839580209895,0,0,0.00139930034982509,0.00129935032483758,0.000899550224887556,0,0,0.024087956021989,0,0.000399800099950025,0,9.99500249875062e-05,0,0.000399800099950025,0,0,0,0.000199900049975012,0,0.000699650174912544,0.000399800099950025,0.023688155922039,0,0.00389805097451274,9.99500249875062e-05,0.00439780109945028,0.00209895052473763,0.000699650174912544,0.00439780109945028,0.00699650174912544,0,0.000199900049975012,0.00419790104947526,0,0,0,0,0,0,0.000299850074962519,0,0.0188905547226387,0,0.00259870064967516,0,0,0.00519740129935032,0.000199900049975012,9.99500249875062e-05,0,0.000499750124937531,0.00509745127436282,0.000999500249875062,0.00979510244877561,0.00249875062468766,0,0.00569715142428786,0.00239880059970015,0.000899550224887556,0,0.00419790104947526,0,0.000699650174912544,0,0,0,0,0.0120939530234883,0,0.0135932033983008,0,0.00229885057471264,0.00239880059970015,0,0,0,0.000499750124937531,0,0,0.000399800099950025,0.00229885057471264,0,0,9.99500249875062e-05,0,0,0,0.0539730134932534,0,0,9.99500249875062e-05,0,0.0063968015992004,0.0115942028985507,0,0,0,0,9.99500249875062e-05,0.000599700149925037,0.000199900049975012,0.000699650174912544,9.99500249875062e-05,0.000299850074962519,0.000499750124937531,0,0,0,0.00249875062468766,0.00179910044977511,0.000599700149925037,0.000199900049975012,0.000899550224887556,0.00139930034982509,9.99500249875062e-05,0.000499750124937531,0.00449775112443778,0,0,0.00499750124937531,0.000199900049975012,0.0105947026486757,9.99500249875062e-05,0.00169915042478761,0,0.0343828085957021,0,0,0.000399800099950025,0,9.99500249875062e-05,0.000399800099950025,0.00239880059970015,0,0,0,0,0,0.00179910044977511,0.00359820089955022,0,0,0.000699650174912544,0,0,0.000199900049975012,0,0,0,0,0.000399800099950025,0,0.00079960019990005,0.00599700149925037,0.000399800099950025,0,0.0112943528235882,0,0,0.000199900049975012,0.000199900049975012,0,0,0,0,0,0,0.00139930034982509,0,0.000199900049975012,0.000199900049975012,0,0,0,0.000599700149925037,0.000299850074962519,0.00379810094952524,0.00079960019990005,0.00329835082458771,0.00149925037481259,0.00939530234882559,0.000299850074962519,0,0,0.00079960019990005,0,0.000499750124937531,0,9.99500249875062e-05,0,0.00529735132433783,0.000499750124937531,0.0101949025487256,0,0.0015992003998001,0.0561719140429785,0.0031984007996002,0,0.00229885057471264,0,0.00179910044977511,0,0,0.031384307846077,0,0.0101949025487256,0,0.00409795102448776,0.00189905047476262,0.000199900049975012,0,0,0,0.000399800099950025,0,0,0,0.000199900049975012,0.000499750124937531,0,0.00169915042478761,0.000999500249875062,9.99500249875062e-05,0,0,0.000299850074962519,0,9.99500249875062e-05,0,0.0142928535732134,0,0.00109945027486257,0,0.00569715142428786,0.00499750124937531,0,0,0,0.000299850074962519,0,0.00079960019990005,0.11544227886057,0,0,0.0690654672663668,0,0,0,0,0.000399800099950025,0.00239880059970015,0,0,0,0,0.000199900049975012,0.000599700149925037,0.00109945027486257,0.000199900049975012,0,0.00209895052473763,0.0215892053973013,0
0,0,0,0.000600120024004801,0,0,0.000400080016003201,0,0,0,0,0,0,0,0.0242048409681936,0,0.0361072214442889,0,0,0,0.00500100020004001,0,0,0.0117023404680936,0,0.0534106821364273,0.0001000200040008,0,0.00630126025205041,0.0031006201240248,0.0547109421884377,0,0,0,0,0,0,0.0003000600120024,0,0,0,0.0116023204640928,0,0,0,0,0,0,0,0,0,0.0011002200440088,0.000600120024004801,0,0,0,0,0,0,0,0,0,0,0,0,0.0231046209241848,0.00510102020404081,0.00600120024004801,0,0,0,0.0001000200040008,0.0002000400080016,0,0,0,0,0,0,0,0,0.00710142028405681,0,0,0,0,0,0,0.000600120024004801,0,0.0002000400080016,0.00250050010002,0.0227045409081816,0,0,0,0,0,0,0,0,0.0001000200040008,0,0.0022004400880176,0,0,0,0.0533106621324265,0,0,0.00660132026405281,0,0,0,0,0,0,0.000600120024004801,0.0383076615323065,0,0.0001000200040008,0,0,0.00940188037607522,0.000800160032006401,0,0,0,0,0,0,0,0,0,0,0,0.0026005201040208,0,0.000400080016003201,0,0,0.000900180036007201,0,0,0,0,0,0,0,0,0,0,0,0,0.0002000400080016,0,0,0,0,0,0,0,0,0,0,0,0,0,0,0.002000400080016,0.0011002200440088,0,0.0026005201040208,0,0.0014002800560112,0,0,0,0.00650130026005201,0,0,0,0,0,0,0,0,0,0,0,0,0,0,0,0,0,0,0,0,0,0,0,0,0,0.0369073814762953,0.00370074014802961,0,0,0,0.0029005801160232,0,0,0,0,0,0,0,0,0,0,0.0001000200040008,0,0,0,0,0,0,0,0,0,0,0,0.00420084016803361,0,0,0,0,0,0,0,0,0,0,0,0,0,0,0,0.0018003600720144,0.011502300460092,0,0,0,0,0,0,0,0,0,0,0,0,0,0,0.000400080016003201,0,0,0,0,0.0464092818563713,0,0,0.0653130626125225,0.0001000200040008,0,0,0,0,0,0.41498299659932,0,0,0,0,0,0,0,0,0,0.001000200040008,0,0,0,0,0,0,0,0,0,0.00470094018803761,0
0,0,0,0,0,0,0,0,0,0,0,0,0,0,0.00250050010002,0,0,0,0,0,0,0,0,0,0,0.364372874574915,0,0,0.000900180036007201,0,0,0,0,0,0,0,0,0,0,0,0.000400080016003201,0,0,0,0,0,0,0,0,0.0002000400080016,0,0,0,0,0,0,0,0,0,0,0,0,0.0001000200040008,0,0,0,0.0506101220244049,0,0,0,0,0,0,0,0,0.0003000600120024,0,0,0,0.0740148029605921,0,0,0,0,0,0,0,0,0,0,0,0,0.0498099619923985,0,0,0.000400080016003201,0,0,0,0.000500100020004001,0.001500300060012,0,0,0,0.000400080016003201,0,0,0.251850370074015,0,0,0,0,0,0,0,0,0,0.0002000400080016,0,0,0,0,0,0,0,0.00880176035207041,0,0,0,0,0.0428085617123425,0.00760152030406081,0,0,0,0,0.00400080016003201,0,0,0,0,0,0,0,0,0,0,0,0,0.0016003200640128,0.00390078015603121,0,0,0,0,0,0,0,0.0167033406681336,0,0,0,0,0,0,0,0,0,0,0,0.0027005401080216,0,0,0.0001000200040008,0,0,0,0,0.0390078015603121,0,0,0,0,0,0,0,0,0,0,0,0,0,0.000500100020004001,0,0,0,0,0,0,0,0,0,0,0,0,0,0,0,0,0,0,0,0.00800160032006401,0,0,0,0,0,0,0,0,0,0.00900180036007201,0.0204040808161632,0.0001000200040008,0,0,0,0,0,0,0,0,0,0,0,0.000700140028005601,0,0,0,0,0,0,0,0,0,0,0.0003000600120024,0.0011002200440088,0.0137027405481096,0,0,0,0,0,0,0,0,0,0,0,0,0,0,0,0,0,0,0,0.0171034206841368,0,0,0.00360072014402881,0.0002000400080016,0,0,0,0,0,0,0,0,0,0,0,0,0,0,0,0,0,0,0,0,0,0,0,0,0,0,0
0,0,0,0,0,0,9.9940035978413e-05,0,0,0,0,0,0,0,0.156606036378173,0,0.000899460323805717,0,0,0,0,0.000899460323805717,0,0.00249850089946032,0,0.12342594443334,0,0.00329802118728763,0.0163901659004597,0.00209874075554667,0.000199880071956826,0,0,0.00589646212272636,0,0,0.00119928043174096,9.9940035978413e-05,0,0,0,0,0,0,0,0,0,0,0,0,9.9940035978413e-05,0,0,0,0,0,0,0,0,9.9940035978413e-05,0,0,0,0.000599640215870478,0,0,0,0,9.9940035978413e-05,0,0.000699580251848891,9.9940035978413e-05,0,0,0,0.0299820107935239,0,0,0,9.9940035978413e-05,0,9.9940035978413e-05,9.9940035978413e-05,0,0,0.000599640215870478,0,0,0,0,0,0.00139916050369778,0.000499700179892065,0.00109934039576254,0,0,0,0.000599640215870478,0,0,0,0,0.000199880071956826,0.00709574255446732,0,0,0,9.9940035978413e-05,0,0,0.00359784129522287,0,0,0.000399760143913652,0,0,0,0,0,0.000399760143913652,0,0,0,0,0.0494703178093144,0,0,0,0,0.0092944233459924,0.000599640215870478,0,0,0,0.00199880071956826,9.9940035978413e-05,0.0552668398960624,0,0.0185888466919848,0,0.000999400359784129,0,0.000199880071956826,0,0,0.000299820107935239,0.000199880071956826,0,0,0,9.9940035978413e-05,0,0,0,0,0,0,0,0,0,0,0.000599640215870478,0,0,0,0,0.000899460323805717,0,0,0.000599640215870478,9.9940035978413e-05,0.0112932240655607,0,0,0,0,0.000499700179892065,9.9940035978413e-05,0,0,0,0.00169898061163302,0,0,9.9940035978413e-05,0,0,0,0,0,0,0.0030981411153308,0,0,0,0,0,0,0,0,0,0,0,9.9940035978413e-05,9.9940035978413e-05,0.00409754147511493,0.000199880071956826,0,0,0.00209874075554667,0,0,0,0,0,0.000899460323805717,0,9.9940035978413e-05,0.00139916050369778,0,0,9.9940035978413e-05,0,0,0,0,0,0,0.000899460323805717,0.000199880071956826,0,0,0.00159904057565461,0,0,0,0.000499700179892065,0,0.000899460323805717,0.000599640215870478,0,0.00239856086348191,0,0,0.000399760143913652,0,0.000999400359784129,0,9.9940035978413e-05,0,0,0,0,0,0.000199880071956826,0.00989406356186288,0,9.9940035978413e-05,0,0,0,0,0,9.9940035978413e-05,0,0,0,0,0,0.313212072756346,0,0,0.115130921447132,0,0,0,0,0,0,0.0206875874475315,0,0.000299820107935239,0.000899460323805717,0,0,0,0,0,0,0.00109934039576254,0,0,0,0,0,0,0.00169898061163302,0,0,0.00129922046771937,0
0,0,0,0,0,0,1e-04,0.0074,0,0,0,7e-04,0,0.059,0,0.001,5e-04,0,0,0,0,0.0047,0,0,0,0.07,0,2e-04,0.0032,0.0043,0,0,0,0,0,0,0.0084,0.0356,0,0,0,0.0071,0.0353,0,0,0.0085,0,0,0,0,0,1e-04,0.0013,0,0,8e-04,0,0,0,0,0,0,0,6e-04,0,0,0.0081,0,0,0,0.0123,0,0,0,0,0,0,3e-04,0,0.0039,0,0,0.0112,0,0,0,3e-04,0,0,0.0062,0,0,0.0034,0,0,0,0,0,0,6e-04,8e-04,1e-04,0,0,0,0,0,0.0391,0,0,0.0038,0,0,0.0205,0,0,0,0,0.0328,0,0,0,0,0,0,0,0,1e-04,0.0011,0,0.0061,0.0085,0,0,0,0,0.0011,2e-04,0.0012,0,1e-04,8e-04,0.0035,0,0,0,0.0026,0,0,0,0.0028,0,0,0.001,0,0,0.0048,4e-04,0,0,0,5e-04,0,0,0,0,5e-04,0,0,1e-04,7e-04,0,0,0,0,0,0.0017,0.0032,0,7e-04,0,0,0,0,0.004,0.0085,0,0,0,0,0,0.0243,4e-04,0,0,0,0,0,0,0,0,0.0151,0,0,0,0.0013,0,0,0,0.0024,1e-04,0,0,4e-04,0,0,0,0.0113,0.0495,0,0,0,0,0,0,0,0.0041,0,0,0,0.0312,0,0.0063,0.0095,0.0024,0,0,0,0.0014,2e-04,0,0.002,0,0,0,0,0,0,0,0,0,0.001,0,0,0.0057,0,0,0,0.0147,0,0,0,0,2e-04,0,2e-04,0,0,0.0295,0.0155,0.0033,0.0116,0.0107,0,0,0,0,0,0,0.1664,0,0.0041,0.0928,0,0,0,0,0.0051,0,0.0078,0,0,0,0,0,0,2e-04,0,0,0.0229,0
9.99600159936026e-05,0,0,0.000299880047980808,0,0,9.99600159936026e-05,0,0,0,0,0,0,0.00509796081567373,0.00119952019192323,0,0,0,0,0,0,0,0,0.000699720111955218,0,0,0,0,0.00289884046381447,0.00299880047980808,0.0353858456617353,0,0,0.00159936025589764,0,0,0,0.00919632147141144,0,0,0,0,0,0,0,0.00609756097560976,0,0,0,0,0,0,0,0,0,0,0,0,0,0.00129948020791683,0,0.00109956017592963,9.99600159936026e-05,0,0,0,0.164934026389444,0,0,0.00319872051179528,0,0,0,0,0,0,0,0,0,0.00409836065573771,0,0,0.0192922830867653,0,0,0,0.000999600159936026,0,0,0,0,0.0101959216313475,0,0,0,0,0,0,0,0,0,0.00169932027189124,0,0,0,0,0,0.151139544182327,0,0.00269892043182727,0,0,0,0,0,0,0,0,0.0137944822071172,0,0,0,0,0,0,0,0.0154938024790084,0,0,0,0,0.00829668132746901,0,0,0,0,0,0,0,0,0.00209916033586565,0,0,0,0,0,0.00239904038384646,0,0,0,0.00149940023990404,0,0,0.00249900039984006,0,0,0,0,0,0.00539784086365454,0,0,0,0,0,0,0,0,0,0,0.000599760095961615,9.99600159936026e-05,0,0,0,0,0,0,0.0646741303478609,0,0,0,0,9.99600159936026e-05,0.000899640143942423,0.000699720111955218,0,0,0,0,0,0.00259896041583367,0.000299880047980808,0.00039984006397441,0,0,0,0,0,0.0712714914034386,0,0,0,0.0627748900439824,0,0.00349860055977609,0,0,0.00039984006397441,0,0,0,0,0,0,0,0.0107956817273091,0,0,0,0.00889644142343063,0,0,0,0.000199920031987205,0,0,0,0,0,0.0166933226709316,0,0,0.115453818472611,0,0,0,0,0,0,0,0,0,0,0,0.00559776089564174,0,9.99600159936026e-05,0,0,0,0,0,0,0,0.000699720111955218,9.99600159936026e-05,0,0.000999600159936026,0,9.99600159936026e-05,0,0,0.000999600159936026,0,0,0,0,0.00039984006397441,0.0578768492602959,0.000899640143942423,0,0.000899640143942423,0,0,0,0,0,0.000699720111955218,0.0804678128748501,0,0,0,0,0,0,0,0,0.00979608156737305,0,0,0,0,0,0.00199920031987205,0,9.99600159936026e-05,0,0,0,0
0,0,0.000199940017994602,0,0,0,0.00639808057582725,0.00149955013495951,0,0,0,0,0,9.99700089973008e-05,0.000199940017994602,0.000599820053983805,0,0,0,0,0.00159952014395681,0.00309907027891633,0,0,0,0.0251924422673198,0,0,0.000599820053983805,0,0.0189943017094872,0,0,0.00229931020693792,0,0,0.000199940017994602,0.0121963410976707,0,0,0,0,0,0,0,0.0637808657402779,0,0.000899730080975707,0,0,0.000199940017994602,0,0.000199940017994602,0,0,0.00279916025192442,0,0,0,0.00959712086374088,0,0.000599820053983805,0,0.000399880035989203,0,0.000199940017994602,0.00739778066580026,0,0,0.0345896231130661,0.00109967009897031,0,0,0.00209937018894332,0,0,0,0,0,0.011296611016695,0,0.0111966410076977,0.0163950814755573,0,0.00189943017094872,9.99700089973008e-05,0,0,0,0.000999700089973008,0,0.00399880035989203,0,0,0,0,0,0,0.00379886034189743,0,0,0,0,0,0,0,0,0.0198940317904629,0,0.0523842847145856,0.0118964310706788,0,0,0.00879736079176247,0,0,0,0.00119964010796761,0.0168949315205438,0,0,0.000699790062981106,0,0,0.00149955013495951,0,0,0,0.000199940017994602,0,0,0.00769769069279216,0,0,0.000999700089973008,0,9.99700089973008e-05,0,0,0,0.00149955013495951,0.000499850044986504,0.00299910026991902,0,0,0,0.00529841047685694,0.00749775067479756,0.000599820053983805,0,0.000799760071978406,0.000299910026991902,0,0.00549835049485154,0,0,0,0,0.00609817054883535,0.00299910026991902,0,0,0.00129961011696491,0.0253923822853144,0,0,0,0,0,0.020593821853444,0,0,0,0,0,0,0.00109967009897031,0.000499850044986504,0.0555833250024993,0,0,0,0,0.000199940017994602,0.00469859042287314,0,0,0,0,0,0,0.00819754073777867,0,0,0,0,0,0,0,0,0.000499850044986504,0.00159952014395681,0,0.0124962511246626,0,0.00329901029691093,0,0,0.000199940017994602,0,0,0,0.0111966410076977,0,0.000499850044986504,0.00269919024292712,0.0298910326901929,0.000399880035989203,0.00639808057582725,0.000399880035989203,0,0,0,0,0,0,0,0,0.000699790062981106,0.00389883035089473,0.00179946016195141,0.00129961011696491,0.00219934019794062,0.0114965510346896,0,0,0,0,0.00299910026991902,0,0,0.0159952014395681,0,0,0,0,0,0,0,0,0.00359892032390283,0.000399880035989203,0.00189943017094872,0,0.000399880035989203,0,0.000799760071978406,0,0.000299910026991902,0,0.000199940017994602,0,0,0.000199940017994602,0,0,0,0,0,0.000399880035989203,0.00139958012596221,0.00609817054883535,0.00539838048585424,0,0.000699790062981106,0,0,0,9.99700089973008e-05,0.32480255923223,0,0,0.00669799060281915,0,0,0,0,0,0.00159952014395681,0,0,0,0,0,0.000599820053983805,0,0,0,0,0.0137958612416275,0
0,0,0,0,0,0,0.0094990500949905,0,0,0,0,0,9.99900009999e-05,0,0,0,0,0,0,0,0,0.0065993400659934,0,0.0001999800019998,0,0.273472652734727,0,0,0.0002999700029997,0,0,0,0,0,0,0,0,0.011998800119988,0,0,0,0,0,0,0,0.0201979802019798,0,0,0,0,0,0,0,0,0,0,0,0,0,0.0410958904109589,0,0,0.0001999800019998,0,0,0,0.0084991500849915,0,0,0,0,0,0,0,0,0,0,0,0,0.0078992100789921,0,0,0.0134986501349865,0,0,0,0.0001999800019998,0,0,0,0.0047995200479952,0,9.99900009999e-05,0,0,0,0.0002999700029997,0,0.0077992200779922,0,0,0,0,0,0,0.0001999800019998,0.0223977602239776,0.0491950804919508,0,0,0,0,0,0,0,0,0,0,0.0077992200779922,0,0,0,0,0,0.0031996800319968,0,0,0,0,0,0,0.0495950404959504,0,0,0,0,0,0,0,9.99900009999e-05,0.0001999800019998,0,0,0,0,0,0,0,0,0,0,0,0,0.0002999700029997,0,0,0,0,0,0,0,0,0,0.126687331266873,0,0,0,0,0,0,0,0,9.99900009999e-05,0,0,0,0,0,0.026997300269973,0.0001999800019998,0,0.0007999200079992,0,0,0.0013998600139986,0,0,0,0,0,0,0.0053994600539946,9.99900009999e-05,0,0,0,0,0,0,0,0,0,0,0,0,0.0071992800719928,0,0,0,0.0003999600039996,0,0,0,0,0,0,0,0,9.99900009999e-05,0,0,0,0,0,0,0,0,0,0,0,0.0181981801819818,0,0,0.0827917208279172,0,0,0,0,0,0,0,0,0,0,9.99900009999e-05,0,0,0,0,0,0,0,0,0,0,0.0006999300069993,0,0,0,0,0,0,0,0.0005999400059994,0,0,0,0,0,0.0086991300869913,0,0,0.0173982601739826,0,0.0002999700029997,0,0,0,0,0.111088891110889,0,0,0.0366963303669633,0,0,0,0,0.0007999200079992,0,0,0,0,0,0,0,0,9.99900009999e-05,0,0,0.0133986601339866,0
0,0,0,0,0,0,0,0.00779610194902549,0,0,0,0,0,0,0,0,0,0,0,0.000199900049975012,0.0139930034982509,0.00309845077461269,0,0,0,9.99500249875062e-05,0,0,0.00249875062468766,0,0,0,0,9.99500249875062e-05,0,0,0.000899550224887556,9.99500249875062e-05,0,9.99500249875062e-05,0,0,0,0.00589705147426287,0,0.00569715142428786,0,0,9.99500249875062e-05,0,0,0,0,0,0,0,0,0,0,0.000199900049975012,0,0,0,0,0,0,0.0196901549225387,0,0,0.0146926536731634,0.00249875062468766,0,0,0.0445777111444278,0,0,0,0,0,0,0,0,0,0,0,0,0,0,0,0.00569715142428786,0,0.000499750124937531,0,0,0.00999500249875063,0.000199900049975012,0,0,0.000199900049975012,0,0,0,0,0,0,0,0.0272863568215892,0.11864067966017,0,0.000199900049975012,0,0,0,0.00829585207396302,0,0,0,0,0.00729635182408796,0,0,0,0,9.99500249875062e-05,0.000599700149925037,0,0,0,0,0,0.00759620189905048,0.223888055972014,0,0,0,0,0,0.000299850074962519,0,0,0.00199900049975012,0,0,0,0,0,0,0,0,0,0.00149925037481259,0,0,0,9.99500249875062e-05,0,0,0,0,0.00679660169915042,0,0,0,0.0285857071464268,0,0,0,0,0,0,0,0,0,0,0,0,0,0.0126936531734133,0.000999500249875062,0,0,0,0,0.00369815092453773,0,0,0,0.000199900049975012,0,0,0,0.00859570214892554,0,0,0,0,9.99500249875062e-05,0,0,0,0.0117941029485257,9.99500249875062e-05,0,0,0,0,0,0,0,0.000399800099950025,0,0,0.000699650174912544,0.00149925037481259,0.000299850074962519,0,0.00519740129935032,0,0,0,0.000399800099950025,0,0,0,0,0.0015992003998001,0,0,0.0144927536231884,0,0.0164917541229385,0,0,0.0847576211894053,0,0,0,0,0,0,0,0,0,0,0,0.000999500249875062,0,0,0,0,0,0,0,0,0,0.00129935032483758,0,0,0,0.000699650174912544,0,0,0,0.000399800099950025,0,0,0,0,0,0.00249875062468766,0,0,0.0322838580709645,0,0,0,0,0,0,0.210094952523738,0,0,0.0015992003998001,0,0,0,0,0.00199900049975012,0,0,0,0,0,0,0.00869565217391304,0,0,0,0,0.00109945027486257,0.00229885057471264
0,9.99700089973008e-05,0.000299910026991902,0,0,0,0.000599820053983805,0.00669799060281915,0,0,0,0,0,0,0.000499850044986504,0,0.00829751074677597,9.99700089973008e-05,0,0,0,0.00659802059382185,0,0,0,0.0435869239228232,0,0,0,0,0,0,0,0.00179946016195141,0,0,0.000399880035989203,0.0196940917724683,0.000399880035989203,0,0,0.00389883035089473,0.000199940017994602,0,0,0.0110966709987004,0,0,0,0,0.000599820053983805,0,9.99700089973008e-05,0,0,0,0,0,0.000399880035989203,0,0,0,0,0.00419874037788663,0,0.00209937018894332,0.01629511146656,0,0,0,0.00259922023392982,0,0,0,0,0.0591822453264021,0,0,0,0.0117964610616815,0,0.000199940017994602,0.0117964610616815,0,0.00429871038688393,9.99700089973008e-05,0.00839748075577327,0,0,0,0,0,0.00569829051284615,0,0.00189943017094872,9.99700089973008e-05,0,0,0,0,0.00129961011696491,0.000699790062981106,0,0,9.99700089973008e-05,0,0,0.182845146456063,0.000599820053983805,0.00429871038688393,0.00369889033290013,0,0,0.00169949015295411,0,0,0,0.00149955013495951,0.0139958012596221,0,0,0,0,0,0.00659802059382185,0.00119964010796761,0,0,0,0.0148955313405978,0.000899730080975707,0.00139958012596221,0,0,0,0,0.0208937318804359,0.000699790062981106,0.000399880035989203,0.000199940017994602,0.00369889033290013,0.000299910026991902,0.000999700089973008,0,0,0,0.00239928021593522,0,0,0,0.00149955013495951,9.99700089973008e-05,0,0.00169949015295411,0,0,0,0,0,9.99700089973008e-05,0,0.000299910026991902,0.000899730080975707,0.311006697990603,0,0,0.000399880035989203,0,0,0.000699790062981106,0.00199940017994602,0,0.00149955013495951,0,0,0,0.000699790062981106,0.00129961011696491,0,0,0,0,0,0.000399880035989203,0.00259922023392982,0,0,0,0.000399880035989203,0,0,0.00299910026991902,0,0,0,0,0,9.99700089973008e-05,0,0,0,0,0,0.00109967009897031,0,0.00159952014395681,9.99700089973008e-05,0,9.99700089973008e-05,0,0,0,0,0,0,0,0,0,0.00739778066580026,9.99700089973008e-05,0,0.00459862041387584,0.0104968509447166,0,0,0,0,0,0,0,0.000399880035989203,0,0.000799760071978406,0.000299910026991902,0,0,0.00109967009897031,0,0.000799760071978406,9.99700089973008e-05,0,0.000899730080975707,0,0,0.00899730080975707,0,0,0,0.000699790062981106,0,0,0,0,0,0.00169949015295411,0.000499850044986504,0.00139958012596221,0,0.000599820053983805,0.00219934019794062,0,0,0,0.000499850044986504,9.99700089973008e-05,0,0,0,0,9.99700089973008e-05,0.00339898030590823,0.00259922023392982,0.00629811056682995,0,0,0,0.00489853044086774,0,0,0.0841747475757273,0,0,0.00479856043187044,0,0,0.000199940017994602,0,0,0.00619814055783265,0.00269919024292712,0,0,0,0,0,0,0.00619814055783265,0,0,0.00379886034189743,0
0,0,0,0.0017996400719856,0,0,0,0,0.0137972405518896,0.0002999400119976,0.0011997600479904,0.0001999600079984,0,0,0.0026994601079784,0,0,0,0,0,0,9.99800039992002e-05,0,0.0021995600879824,0.000599880023995201,0.15626874625075,0,0,0,0.000599880023995201,0.0124975004999,0,0,0.0011997600479904,0.0011997600479904,0,0,0.0025994801039792,0,0,0,0.0010997800439912,0,9.99800039992002e-05,0,0.00249950009998,0,0.000899820035992801,0,0,0,0.00969806038792242,0.0002999400119976,0,0,0,0,0,9.99800039992002e-05,0.0001999600079984,0.0002999400119976,0,0,0.00339932013597281,0,0.0001999600079984,0,0.0001999600079984,0,0,9.99800039992002e-05,0,0,0,0.0395920815836833,0,0,0,0,0.000399920015996801,0,0,0.0112977404519096,0,0,0.00999800039992002,0,0,0.000699860027994401,0.000999800039992002,0.0031993601279744,0,0,0,0,0.00469906018796241,0,0,0.0001999600079984,0,0,0,0,0,0,0,0,0.455308938212358,0,0,0.0013997200559888,0,0,0.000699860027994401,0,0,0,0.000399920015996801,0.00529894021195761,0,0.0002999400119976,0.0010997800439912,0,0,0.001499700059988,0,0,0,0,0,0.0002999400119976,0.00449910017996401,0.0031993601279744,0,0,0,0.000599880023995201,0,0,0,0.0792841431713657,0,0.0018996200759848,9.99800039992002e-05,0,0,0.000799840031993601,0.00409918016396721,0,0,0.0016996600679864,0,0,0,0,0.000399920015996801,0,0,0,0.0001999600079984,0,0,0.0001999600079984,0,0,0,0.000499900019996001,0.0002999400119976,0,0.000599880023995201,0.0015996800639872,0,0.0017996400719856,0,0,0,0,0.000399920015996801,9.99800039992002e-05,0,0.000899820035992801,0,0,0,0.0001999600079984,0,0,0,0,0,0.00249950009998,0,0.0002999400119976,0.000399920015996801,0.0001999600079984,0,0,0,0,0,0,0.001499700059988,0,9.99800039992002e-05,0.023495300939812,0.00779844031193761,0,0,0,0,0,0,0,0,0,0.00729854029194161,0,0.000399920015996801,0,0,0,0,0,0.0002999400119976,0,0,0,0,0.000399920015996801,0,0,0,0.0022995400919816,0.0475904819036193,0,0,0.000399920015996801,0,0.0015996800639872,0.0018996200759848,0,0,0,0,0,0.000799840031993601,0,0,0,0,0,0,0.00439912017596481,0,0,0.00459908018396321,0.0011997600479904,0,0,9.99800039992002e-05,0.000899820035992801,0,0,9.99800039992002e-05,0,0,0,0,0,0.0013997200559888,0,0,0.023995200959808,0,0,0,0,0,0,0.000799840031993601,0,0,0.0013997200559888,0,0,0,0,0,0.0002999400119976,0.0002999400119976,0,0,0,0,0,0.000399920015996801,0.000899820035992801,0,0,0.0025994801039792,0.0001999600079984
0,0,0,0,0,0.0077,0,0,0,0,0,0,8e-04,1e-04,0.0043,0,0.0072,2e-04,0,0,0,0.0049,0,7e-04,0,0.0542,0,0,0.0051,0.0012,0,0,0,0.0202,0,0,3e-04,0,0.0033,0,0,0.0014,0,0,0,0,0,0,0,0,0,0,0,0,0,0,0,1e-04,0,0,0,0,0,6e-04,0,0,0.001,0,0,0,0.0012,1e-04,0,0,0,0.0246,0.0012,0.0039,0.0021,0.0022,0,0,0.0047,0,0,7e-04,0,0,7e-04,0.0089,0,0.0142,0.038,0,0,0.0108,0,0,0,0,0,0,0,0,5e-04,0,0,3e-04,0,0,0.0032,0,0,0,3e-04,3e-04,0,0.0013,0.0029,0,0,0,0,0,0.0072,0,0,0,0,0,0,4e-04,0,2e-04,0,0,0.0012,0,0.0377,0,0.0045,0.0015,0,0,0,0,4e-04,0,0,2e-04,3e-04,0,0,1e-04,0,0,0,0,0,0,0,0.001,0,0,0,3e-04,0.0018,0,0,0,0.0014,0,0,0,0,0,0.001,0.0032,3e-04,0,0,0,0,0,6e-04,0.0156,0,0,0,0,4e-04,0.0057,0.0016,0,0,0,0,0,0,0,0,0,0,2e-04,0,0.0063,5e-04,0,0,0.0027,0,0,0,0.0019,0.0011,0.0031,0.0371,9e-04,3e-04,0,0,0,0,0,0,0,0,0,0.0072,0,0,0,0.0046,0.1298,0.0054,0,0,0,0.0033,8e-04,0,0.0373,0,0,0,0,0,0,0,0,0,2e-04,0.001,0,1e-04,0.0013,0.0018,0,4e-04,0.0011,0,0,0,3e-04,0,0,0,0,0,0.3119,0,0,0.0169,5e-04,0,0,0,2e-04,2e-04,0.0799,0,0,0.0092,0,0,0,0,0,7e-04,0,0,0,0,0,0,0,0.0036,0,0,0.0062,0
0,0,0,0,0,0,0,0,0,0,0,0,0,0.0568,0.0015,0,0,0,0,0,0,0,0,0,0,0.1143,0,0,0,0.0029,0,0,0,0.0078,0,0,0,0.0542,0,0,0,0,0.0391,0.0104,0.0025,0.0069,0,0,0,0,0,0.0026,0,0,0,0,0,0,2e-04,0.0385,0,0,0,0,0,0,0,0.0069,0,0,0,0,0,0,0,2e-04,0,0,0,0.0128,0,0,0,0,0.0457,0,2e-04,0,0,0,0,0,0,0,0,0,0,0,0,0,0,1e-04,0,0,0,0,0,0.0422,0,0,0.0131,0,0,0.0078,0,0,0,0,0,5e-04,1e-04,0,0,0,0.0052,0,0,0,0,0,0.0045,0.0036,0,0,0,0,0,0,2e-04,0,6e-04,3e-04,8e-04,0,0.0055,0,0,0,0,0,0,0,0,0,0,0,0,0,0,0,0,0,0,0,0,0,0.0014,0,0,0,0,0,0,0,0,0,0,0,0.0081,0,0,0,0,0,0,0,0,0,0,0,0,0.025,2e-04,0,0,0,0,0,0,0,0,0,0,0,0,0,0,0,0,0,0,0,0,0,0,0,0,0,0,0,0,0,0,0,0,0,0,0,0.0093,0,0.0042,0,0.0015,0.0039,0,0,0,0,0.0041,0,0,0,0,0,0,0,0,0,0,0,0,0,0,0,0,0,0,0,0,0.0013,0,0,0,1e-04,0.003,0,0,0,0.0014,5e-04,0,3e-04,0.0577,0,0,0,0,0,0,0.3301,0,0,0.0371,0,0,0,0,0,0,0.0027,0,0,0,0,0,0,0.0012,0,0,0.0189,0
0,0,0,0,0.000599820053983805,0,9.99700089973008e-05,0.00209937018894332,0.101369589123263,0,0,0,0,9.99700089973008e-05,0.00519844046785964,0.000399880035989203,0,0,0,0,0.00389883035089473,0.00479856043187044,0,0.000499850044986504,0,0.0507847645706288,0,0,0.017294811556533,0,9.99700089973008e-05,0.000599820053983805,0.000199940017994602,0.0105968209537139,0,0.00109967009897031,0.000499850044986504,0.00319904028791363,0.000199940017994602,0,9.99700089973008e-05,0.00109967009897031,0.000699790062981106,0.000499850044986504,0.00239928021593522,0.00959712086374088,0,0,9.99700089973008e-05,0,0,0.000299910026991902,9.99700089973008e-05,0,0,0,0,0,0,0.000399880035989203,0,0.00489853044086774,0,0,0,9.99700089973008e-05,0.000599820053983805,9.99700089973008e-05,0,0,0.000399880035989203,0,0,9.99700089973008e-05,9.99700089973008e-05,0,0,9.99700089973008e-05,0,0.00189943017094872,0,9.99700089973008e-05,0,0,0.00369889033290013,0.000299910026991902,0,0,0.00119964010796761,0.00289913026092172,0.000199940017994602,0.000799760071978406,0.0151954413675897,0,0,0.00229931020693792,0,0,0.000599820053983805,9.99700089973008e-05,0.00109967009897031,0,0,0,0,0,0,0.100869739078277,0,0.00309907027891633,0.00199940017994602,0,0,0.00119964010796761,0,0.00179946016195141,0,0.000399880035989203,0.029591122663201,0,0,0.000199940017994602,9.99700089973008e-05,0,0.0163950814755573,0,0,0,0,0,0,0.0199940017994602,0,0,0,0,0.0167949615115465,0.000599820053983805,0.000699790062981106,0,0.00109967009897031,0,0.000899730080975707,0,0,0,0.000199940017994602,0,0,0.00759772068379486,0.000399880035989203,0.00209937018894332,0.000199940017994602,0,0,0,0,0,0.000399880035989203,0.00489853044086774,0,0,0.000399880035989203,0,0,0,0,0.00199940017994602,0.000399880035989203,0,0,0,0.0693791862441268,0,0,9.99700089973008e-05,0,0.00399880035989203,0.00239928021593522,0,0.000299910026991902,0,0,0,0,0.000699790062981106,0,0,0.000199940017994602,0,0,0.00119964010796761,0.000199940017994602,0.000399880035989203,0,0.00209937018894332,0,0,0,0,0,0,0,0.0239928021593522,0.0258922323303009,0.000799760071978406,0,0,9.99700089973008e-05,0.00159952014395681,0,0,0.00179946016195141,0,0.000599820053983805,0,0.00489853044086774,0,0.0274917524742577,0,0,0.000499850044986504,0,0,0,9.99700089973008e-05,0,0,0.000399880035989203,0,0.00219934019794062,0,0,0.0116964910526842,0,0,0,0,0,0,0,0.0280915725282415,9.99700089973008e-05,0.00209937018894332,0,0.00129961011696491,0,0.000599820053983805,0,0,0.0503848845346396,0,0.00129961011696491,0,0.00679796061181645,0.000699790062981106,0.00409877036888933,0,0,0,0,0.00189943017094872,0,0.000199940017994602,0,0,0,0,0,0.000999700089973008,0,0,0.0161951414575627,0,9.99700089973008e-05,0,9.99700089973008e-05,0,0.000899730080975707,0.213136059182245,0,0,0.00489853044086774,0.000199940017994602,0,0,0,0,0.000699790062981106,0.000599820053983805,0,0,0,0,0.000799760071978406,0.00279916025192442,0.000199940017994602,9.99700089973008e-05,0,0.00759772068379486,0
0,0,0,0,0,0,9.99200639488409e-05,0.00139888089528377,0,0,0,0.000399680255795364,0,0.0271782573940847,0.00209832134292566,0,0.000399680255795364,0,0,0.000299760191846523,0.00259792166266986,0.000599520383693046,0,0,0.00329736211031175,0.0375699440447642,0,0.00259792166266986,0.00109912070343725,0,0.0198840927258193,0,0.000299760191846523,0.0016986410871303,0.000899280575539568,0.00229816147082334,0.000699440447641887,0.000699440447641887,0,0,9.99200639488409e-05,0.00129896083133493,0.0550559552358114,0.00499600319744205,0.00109912070343725,0.0145883293365308,0.0463629096722622,9.99200639488409e-05,0,9.99200639488409e-05,0,0,0,0,0.00349720223820943,0,0,9.99200639488409e-05,0.000399680255795364,0.000399680255795364,9.99200639488409e-05,0.00349720223820943,0,0.000499600319744205,0.00159872102318145,0.000299760191846523,0,0.0016986410871303,0,0,0,0,0,0.000499600319744205,0,0,0,0,0,0,0,0.00269784172661871,0,0.000999200639488409,0.0122901678657074,0,0,0,0,0.00309752198241407,0.00239808153477218,0,0,0,0.00259792166266986,0.000299760191846523,0,0,0.0021982414068745,0,0.00139888089528377,0,0,0,0,0,0.000699440447641887,0.221023181454836,0.00619504396482814,0,0.00769384492406075,0.00589528377298161,0,0.00139888089528377,0,0,0,0.00149880095923261,0.000399680255795364,0,0,0.000499600319744205,0,0.000299760191846523,0.00549560351718625,0.000399680255795364,0,0,0.000399680255795364,0,0.00119904076738609,0.0160871302957634,0.00839328537170264,0,0,0.000499600319744205,9.99200639488409e-05,0,0.000699440447641887,0,0.00109912070343725,0.000499600319744205,0.000999200639488409,0,0,0,0.00109912070343725,0,0,0.000199840127897682,0.000499600319744205,0.00109912070343725,0,0,0,0,0,0,0,0.00629496402877698,0,0,0,0.00179856115107914,0,0,0.00229816147082334,0,0,0.0212829736211031,0,9.99200639488409e-05,0,0,9.99200639488409e-05,0,0,0,0,0,0.00849320543565148,0,0,0,0.000299760191846523,0.000199840127897682,0,0.000899280575539568,0.00429656274980016,0,0,0.000999200639488409,9.99200639488409e-05,0,0.0016986410871303,9.99200639488409e-05,0,0,0.000199840127897682,0,0,0,0,0,0.0246802557953637,0.000499600319744205,0.00129896083133493,0,9.99200639488409e-05,0.00149880095923261,0,0,0.000899280575539568,0.000999200639488409,0,0.00129896083133493,0.00309752198241407,0.00129896083133493,0.00149880095923261,0.000399680255795364,0,0,0,0,0,0.000199840127897682,9.99200639488409e-05,0,0.0060951239008793,0,0,0,0.00159872102318145,0.0271782573940847,0.000899280575539568,0.000399680255795364,0,0,0.00419664268585132,0.00869304556354916,0,0.0016986410871303,0.0225819344524381,0.000299760191846523,0,0,0,0,9.99200639488409e-05,0,0.0136890487609912,0,0.00149880095923261,0,0,0.000399680255795364,0,0.000199840127897682,0.000799360511590727,0,9.99200639488409e-05,0.00179856115107914,0,0.000699440447641887,0,0,0,0.00319744204636291,0.00159872102318145,0.0311750599520384,0,0.000299760191846523,0.0657474020783373,0,0,0,0,0,0.000399680255795364,0.137789768185452,0,0,0.00979216626698641,0,0,0,0,0.000799360511590727,0,0.00149880095923261,0.00509592326139089,0,0,0,0.00119904076738609,0,0.000299760191846523,9.99200639488409e-05,0.0038968824940048,0.000799360511590727,0.00159872102318145
0,0,0,0,0,0,0,0.00369889033290013,0.0286913925822253,0,0,0,0,0.00479856043187044,0.00209937018894332,0,0,0,0,0,0.00599820053983805,0.00829751074677597,0,0.000599820053983805,0,0,0,0,0.0100969709087274,0.000199940017994602,0.0127961611516545,0,0,0.0323902829151255,0,0,9.99700089973008e-05,0.000299910026991902,0,0,0,9.99700089973008e-05,0,0,0,0.000399880035989203,0,0,0,0,9.99700089973008e-05,0,0,0,0,0,0,0,0,0.0360891732480256,0,0.0118964310706788,0,0,0,0,0.000899730080975707,0,0,0.000499850044986504,0.00189943017094872,0,0,0.00189943017094872,0,0,0,0,0,0.00169949015295411,0,0,0.00429871038688393,0,0,0,0,0,0,0.00229931020693792,0,0.000399880035989203,0.0293911826452064,9.99700089973008e-05,0,9.99700089973008e-05,0,0,0.011296611016695,0,0,0.00259922023392982,0,0,0,0,0.000399880035989203,0.0500849745076477,0,0,0,0,0,0.00139958012596221,0,0,0,0.000299910026991902,0.00409877036888933,9.99700089973008e-05,0,0,0.000699790062981106,0,0.00409877036888933,0,0,0,0,0,0,0.00149955013495951,0,0,0,0,0.0191942417274818,0,0,0,0.00529841047685694,0,0,0,0,0,0,0,0,0.000999700089973008,0.00109967009897031,0.00809757072878137,9.99700089973008e-05,0.000499850044986504,0,0,0,0,0,0.0212936119164251,0.000299910026991902,0,0,0,0,0,0,0.000899730080975707,0.000799760071978406,0,0.00119964010796761,0,9.99700089973008e-05,0,0,0,0,0.00249925022493252,0.00299910026991902,0,0,0,0,0,0,0,0,0,0,0,0,9.99700089973008e-05,0.000299910026991902,0.00129961011696491,0,0,0,0,0,0,0,0,0,0,0,0.00359892032390283,0,0,0.000399880035989203,0,0,0,0,0,0.00169949015295411,0,0.0127961611516545,0.00109967009897031,0.0183944816555034,0.00339898030590823,9.99700089973008e-05,0.000399880035989203,0,0,0,0,0,0,0,0.000399880035989203,0.00369889033290013,0,0,0.230230930720784,0,0,0.000399880035989203,0,0,0,0,0,0,0,0,0.0598820353893832,0,0,0,0,0.00869739078276517,0.000199940017994602,0,0,0,0,0.000799760071978406,0,0,0,0.00149955013495951,0,0,0.000699790062981106,9.99700089973008e-05,0,0,0,0.000199940017994602,0.00279916025192442,0,0,0.0909727081875437,0,0,0,0.00119964010796761,0.000499850044986504,0.00119964010796761,0.0542837148855343,0,0,0.0170948715385384,0,0.112166350094972,0,0,0,0.00269919024292712,0.00139958012596221,0,0,0,0,0.00819754073777867,0.000799760071978406,0.000199940017994602,0,0,0.0119964010796761,0
0,0,0,0,0,0,0,0,0,0,0.0008999100089991,0.0002999700029997,0,0,0.0013998600139986,0,0.0145985401459854,0,0,0.0008999100089991,0.0050994900509949,0.0230976902309769,0,0,0.0033996600339966,0.013998600139986,0,0,0.0008999100089991,0.0010998900109989,0,0.0276972302769723,0.0002999700029997,0,0,0,0,0.0327967203279672,0,0,0,0.0005999400059994,0.0415958404159584,0.0155984401559844,0,0,0,0.0006999300069993,0,0,0,0,0,0,0.0177982201779822,0.000999900009999,0,0,0,0.0508949105089491,0,0.0036996300369963,0,0,0,0.0044995500449955,0.0058994100589941,0.007999200079992,0,0,0.0078992100789921,0,0,0.0040995900409959,0,0,0,0,0,0.0136986301369863,0,0.0007999200079992,0,0,0.0038996100389961,0,0,0.0001999800019998,0.0005999400059994,0.0073992600739926,0.0025997400259974,0.0045995400459954,0,0,0.000999900009999,0.0015998400159984,0,0,0.0103989601039896,0,0.0006999300069993,0,0,0.0005999400059994,0.0001999800019998,0,0.0076992300769923,0.0700929907009299,0,9.99900009999e-05,0.0138986101389861,0,0,0.0006999300069993,0,0,0,0.0013998600139986,0.0025997400259974,0.0002999700029997,0,0,0.0003999600039996,0,0,0,0,0.0015998400159984,0.0020997900209979,0,0.0100989901009899,0.0003999600039996,0,0,0,0,0,0,0,0,0.102889711028897,0,0.0020997900209979,0,0,0,0.0155984401559844,0,0,0.0004999500049995,0,0,0,0.0006999300069993,0,0,0,0,0.0021997800219978,0.0032996700329967,0,0.0004999500049995,0.0020997900209979,0,0,9.99900009999e-05,0.0001999800019998,0,0,0.0007999200079992,0.0040995900409959,9.99900009999e-05,0,9.99900009999e-05,0,0,0,0,0.0484951504849515,0,0.0027997200279972,0,0,0,0.0043995600439956,0.0012998700129987,0,0,0.0018998100189981,0,0,0.0026997300269973,0,0,0,0,0,0,0.0001999800019998,0,0,0,0,0.0016998300169983,0,0.0215978402159784,0,0.0006999300069993,0,0,0,0,0.0085991400859914,0,0.0002999700029997,0.0022997700229977,0.0227977202279772,0.0161983801619838,0,0.0006999300069993,0.0008999100089991,0,0,9.99900009999e-05,0,0,0,0,0.005999400059994,0,0.0145985401459854,0,0.0040995900409959,0.0388961103889611,0,0,0,0.0013998600139986,0,0,0,0.0330966903309669,0,0.0106989301069893,0,0,0,0,0,0,0,0.0063993600639936,0.0028997100289971,0,0.0015998400159984,0.0096990300969903,0,0,0,0.0048995100489951,0.002999700029997,0,0,0.0036996300369963,0,0,0.0001999800019998,0,0.0001999800019998,0.0008999100089991,0,0.0105989401059894,0,0.0011998800119988,0,0,0,9.99900009999e-05,0.0008999100089991,0.0154984501549845,0,0,0.020997900209979,0,0,0,0,0,0.0050994900509949,0.0182981701829817,0,0,0,0,0.0195980401959804,0.0006999300069993,0.0034996500349965,0.0061993800619938,0,0.0335966403359664,0
0,0,0,0,0,0,0,0,0,0,0,0,9.99600159936026e-05,0,0.00229908036785286,0,0,0,9.99600159936026e-05,0,0,0,0,0,0,0.0526789284286285,0,0,0.000499800079968013,0.0141943222710916,0,0,0,0,0,0,0,0,0,0,0,0,0,0,0,0,0,0,0,0,0,0,0,0,0,0,0,0.000199920031987205,0,0,0,0,0,0,0,0,0,0,0.000199920031987205,0,0,0,0,0,0,0,0,0,0,0.00119952019192323,0,0,0.0440823670531787,0,0,0.000699720111955218,0,0,0,0,0,0,0.0319872051179528,0,0,0,0,0,0,0,0,0,0,0,0,0,0,0.0319872051179528,0,0,0,0,0,0,0,0.00339864054378249,0,0,0.00589764094362255,0,0,0,0,0.00039984006397441,0,0,0,0,0,0,0,0,0,0,0,9.99600159936026e-05,0,0,0,0,0.000599760095961615,0,0,0,0,0,9.99600159936026e-05,0,0,0,0.00139944022391044,0,0,0.00079968012794882,0,0,0,0,0,0,0,0,0,0,0.0076969212315074,0,0,0,0,0,0,0,0,0,0,0,0,0,0,0,0,0,0,0,0.00329868052778888,0,0,0,0,0,0.000599760095961615,0,0,0,0,0,0,0,0,0,0,0,0,0.000599760095961615,0,0.000599760095961615,0,0,0,0.00199920031987205,0,0,0,0,0,9.99600159936026e-05,0,0,0.00909636145541783,0,0,0,0,0,0,0,0,0,0,0,0,0,0,0,0,0,0,0,0.000199920031987205,0,0,0,0,0,0.000599760095961615,0,0,0,0,0,0,0,0,0,0.00079968012794882,9.99600159936026e-05,0.000499800079968013,0,0,0,0,0,0,0.000199920031987205,0,0,0,0,0,0.0738704518192723,0,0,0.217113154738105,0,0,0,0,0,0,0.471311475409836,0,0,0,0,0,0.00149940023990404,0,0,0,0,0,0,0,0,0.016593362654938,0,0.000299880047980808,0,0,0,0
0,0,0,0,0.0003000300030003,0.0018001800180018,0.0003000300030003,0.0026002600260026,0,0,0,0.0003000300030003,0,0,0.0105010501050105,0.0003000300030003,0.0041004100410041,0,0,0,0,0.0078007800780078,0,0,0,0.0333033303330333,0.0003000300030003,0,0.0187018701870187,0.0143014301430143,0,0,0,0,0,0,0.0007000700070007,0,0.0002000200020002,0,0,0.0021002100210021,0,0,0,0.0059005900590059,0,0,0,0.0001000100010001,0,0,0,0,0,0.0003000300030003,0,0,0,0.0126012601260126,0.0003000300030003,0,0.0002000200020002,0.0005000500050005,0,0,0.0049004900490049,0,0,0.0098009800980098,0,0,0,0.0015001500150015,0,0,0,0,0,0,0,0.0003000300030003,0.0001000100010001,0,0,0,0.0003000300030003,0,0.0023002300230023,0,0,0.0003000300030003,0.0714071407140714,0,0,0,0.0029002900290029,0,0.0002000200020002,0,0.0043004300430043,0,0,0,0,0.0197019701970197,0.0005000500050005,0.0521052105210521,0,0,0.0064006400640064,0,0,0.0001000100010001,0,0,0,0,0.0014001400140014,0,0,0,0,0,0.0121012101210121,0,0.166116611661166,0,0,0,0,0.0043004300430043,0,0.0008000800080008,0,0,0.0356035603560356,0.0003000300030003,0.0002000200020002,0,0.159115911591159,0.0006000600060006,0.0017001700170017,0,0,0,0.0046004600460046,0,0.0002000200020002,0.0003000300030003,0.0005000500050005,0,0,0.0002000200020002,0.0001000100010001,0,0,0.0002000200020002,0,0.0029002900290029,0,0.0013001300130013,0,0.0002000200020002,0.0002000200020002,0,0.0009000900090009,0,0,0.0003000300030003,0.0041004100410041,0,0,0,0,0,0.0026002600260026,0.0154015401540154,0.0008000800080008,0,0,0.0004000400040004,0.0003000300030003,0,0.0001000100010001,0.0038003800380038,0,0,0,0,0,0.008000800080008,0,0,0,0,0,0,0,0.0454045404540454,0,0,0.0006000600060006,0,0,0.0224022402240224,0.0002000200020002,0,0,0,0.0076007600760076,0,0,0,0.0002000200020002,0,0.0049004900490049,0.0001000100010001,0.0225022502250225,0,0.0001000100010001,0.0047004700470047,0,0,0,0,0,0,0,0.0046004600460046,0.0001000100010001,0,0.0012001200120012,0.0097009700970097,0,0,0,0,0.0036003600360036,0,0,0,0,0,0,0,0,0,0,0,0,0.0002000200020002,0,0,0.0003000300030003,0.0149014901490149,0.0048004800480048,0,0.0006000600060006,0,0,0,0,0.0025002500250025,0,0,0,0,0,0.0509050905090509,0,0.0046004600460046,0.0443044304430443,0,0,0,0,0,0.0002000200020002,0.0001000100010001,0,0,0.0179017901790179,0,0,0,0,0,0,0,0,0,0,0,0,0,0.0012001200120012,0,0,0.0053005300530053,0
0,0,0,0,0,0,0,0.00139958012596221,0,0,0,0,0,0.00239928021593522,0.00599820053983805,0,0,0,0,0.000799760071978406,0.000499850044986504,0.00149955013495951,0,0,0,0.295711286614016,0,0,0.00319904028791363,0.00269919024292712,0.026592022393282,0.0310906727981606,0,9.99700089973008e-05,0,0,0.000699790062981106,9.99700089973008e-05,0,0,0,0,0,0.000799760071978406,0,0.0121963410976707,0,9.99700089973008e-05,0,0,0,0,9.99700089973008e-05,0.000399880035989203,0.000299910026991902,0,0,0,0,9.99700089973008e-05,9.99700089973008e-05,0,0,0,9.99700089973008e-05,0,0.0369889033290013,0,0,0.0116964910526842,0.000299910026991902,0,0,9.99700089973008e-05,0,0,9.99700089973008e-05,0,0,0.00139958012596221,0,9.99700089973008e-05,0.00289913026092172,0,0.000899730080975707,0,0.0106967909627112,0,0,0.000799760071978406,0,9.99700089973008e-05,0.000299910026991902,0,0.00209937018894332,0,0,0,0.00139958012596221,0,0,0,0,0,0,0,0,0.158352494251724,0,0.000999700089973008,0.0118964310706788,0,0,0.00399880035989203,0,9.99700089973008e-05,0,0,9.99700089973008e-05,0,0,0,0,0,0.00399880035989203,0.00179946016195141,0,0,0,0,0,0.0118964310706788,0,0,0,0,0.00129961011696491,0.000999700089973008,0.000199940017994602,0,0.0271918424472658,0,0.000399880035989203,0,0,0,0.00409877036888933,0,0,0,0.00109967009897031,9.99700089973008e-05,0,0.00249925022493252,0,0,0,0,0,0.00119964010796761,0,0.00149955013495951,0,0.0678796361091673,0,0,0.000299910026991902,0,0,0,0.000799760071978406,0,0,0,0,0,0.000699790062981106,0.000199940017994602,0.00439868039588124,9.99700089973008e-05,9.99700089973008e-05,0,0,0,0.000999700089973008,0,0,0,0,0,0.000499850044986504,0.00109967009897031,0,0.000399880035989203,0,0,0,0,0.000599820053983805,0,0,0,0,0.00439868039588124,0,0.000799760071978406,0.000399880035989203,0,0.000199940017994602,0.0115965210436869,0,0,0,0.000199940017994602,0.000199940017994602,0.000699790062981106,0.00519844046785964,0.000299910026991902,0.000299910026991902,9.99700089973008e-05,0.00149955013495951,0.00939718084574628,0,0,0,0,0,0,0.000399880035989203,0,0,0,0,0.0309907027891633,0,0,0.000799760071978406,0,0,0.000899730080975707,0,0.00149955013495951,0,9.99700089973008e-05,0,0.00369889033290013,0,0,0,0,0,9.99700089973008e-05,0.000299910026991902,0,0.000499850044986504,0.00109967009897031,0.0101969409177247,0,9.99700089973008e-05,0.000399880035989203,9.99700089973008e-05,0,0,9.99700089973008e-05,0,0,0,0,9.99700089973008e-05,0.000399880035989203,0,0.000599820053983805,0.0194941517544737,0,0,0,0,0,9.99700089973008e-05,0.115665300409877,0,0,0.00269919024292712,0,0,0,0,0,0.000699790062981106,0.000799760071978406,0,0,0.000799760071978406,0,0,0,0.000699790062981106,0,0,0.00269919024292712,0
0,0,0,0,0,0.0010998900109989,9.99900009999e-05,0,0,0,0,0,0,0,0.0002999700029997,0.0014998500149985,9.99900009999e-05,0,0,0,0,0,0,0.0007999200079992,0,0.165583441655834,0,0,0.0051994800519948,0.0004999500049995,0.0065993400659934,0,0,0.0120987901209879,0,0,0.0021997800219978,0.0113988601139886,0,9.99900009999e-05,0,0,0,0,0,0,0,0.0003999600039996,0,0,0,0,0.0002999700029997,0.0002999700029997,0,0,0,0,0,0.0008999100089991,0,0,0,0.0004999500049995,0,0,0.0143985601439856,0,0,0,0,0,0,0,0,0,0.0002999700029997,0.0008999100089991,0,0,0,0,0,0,0,9.99900009999e-05,9.99900009999e-05,0,0.0010998900109989,0.0045995400459954,0,0.0014998500149985,0.0477952204779522,0,0,0,0,0,0,0,0,9.99900009999e-05,0,0,0.0003999600039996,0,0,0.0583941605839416,0,0,0.0038996100389961,0,0,0,0,0.003999600039996,0,0.0015998400159984,0.0097990200979902,0,0,0,0,0.0002999700029997,0,0,0,0,0,0,0,0,0,0,0,0,0.0006999300069993,0,0.0001999800019998,0,0.0002999700029997,0,0,0,0,0,0,0,0.0001999800019998,0,0,0.0025997400259974,0.0027997200279972,0.0020997900209979,0,0,0,0.0006999300069993,0,0.0074992500749925,0,0.0006999300069993,0,0,0,0,0.0010998900109989,0,0,0,0,0,0,0,0.0010998900109989,0,0.0007999200079992,0.0011998800119988,0,0,0,0,0.0001999800019998,0,0.0002999700029997,0.0001999800019998,0,0,0,0,0,0,0,0,0,0,0,0,0,0,0,0.0021997800219978,0,0,0.185981401859814,0.0013998600139986,9.99900009999e-05,0.0003999600039996,9.99900009999e-05,0,0,0,0,0,0,0.0021997800219978,0.0047995200479952,0,0.0041995800419958,0,0.003999600039996,9.99900009999e-05,0,0,0,0,0,0.0200979902009799,0,0,0,0,0,0.0234976502349765,0,0,0,0,0.0010998900109989,0,0,0.0345965403459654,0.0224977502249775,0,0,0,0,0,0,0,0,0,0,0,0.0011998800119988,9.99900009999e-05,0.0004999500049995,0,0.0008999100089991,0,0.0006999300069993,0,0,9.99900009999e-05,0.0030996900309969,0,0,0,0.0022997700229977,0.0922907709229077,0,0,0.0053994600539946,0.0002999700029997,0,0,0,0,0.0028997100289971,0.115188481151885,0,0.0001999800019998,0.0218978102189781,0,9.99900009999e-05,9.99900009999e-05,0,0,0.0033996600339966,0,0.0054994500549945,0,0,0,0.0025997400259974,0,9.99900009999e-05,0,0,0.0518948105189481,0
0,0,0,0,0,0,8e-04,0,0,0,0,0,0,0,0.0044,0,0,0,0,3e-04,0,0.0062,0,0.0013,0,0.4409,0,0,0.0031,2e-04,0,0,0,0,0,0,7e-04,0,0,0.001,0,0,0,0,0,0.0071,0,0,0,0,0,0,0,0,0,0,0,0,0,0.0098,0,0,0,0,0,0,0.0021,0,0,0,0,0,0,0,0,0.055,0,0,0,0.0053,0,0,1e-04,0,0,2e-04,0,0,0,0,0,0.0055,9e-04,0,0,5e-04,0,1e-04,0,0,0,0.0014,0,0,0,0,0,0.002,0,0,0,0,0,0,0,0,0,0,0.0027,0,0,0,0,1e-04,0,0,0,0.0018,0,0,0,0,0,1e-04,0,0,0,0,0,0,0.004,0,0,0,0,0,0,0,0,0,0,1e-04,0,0,0,0.005,0,0,0,0,0,0,0,0,0,0,0,0,0,0,0,0,0,0,0,0,0,0,0,0,0,0,0,0,1e-04,0,0,0,0,0,0,0,0,0,0,0,0,0,0,0,0,0,0,0.0024,0,0.0027,0,0,0,7e-04,1e-04,0,0,0,0,0,0,0,0.0294,0,1e-04,0,0,0,0,0,0,0,0,0,0,1e-04,0,0.162,0.0011,0,1e-04,0,0,1e-04,0,0,0,0,2e-04,0,0,0,0,0,0,0,0,0,0,0.002,8e-04,0,0,0,1e-04,0,0,0,0,0,0,0,0,0.0014,0,0,0.0397,0,0,0,0,0,0,0.1744,1e-04,0,0,0,0,9e-04,0,0,0.0129,0,0,0,0,0,0,0,0.0021,0,0,0.0038,0
0,0,0,0,0,0,0,0,9.99800039992002e-05,0,0,0.000599880023995201,0,0.0128974205158968,0.001499700059988,0,0.0002999400119976,0,0,0.0001999600079984,0,0.0027994401119776,0,9.99800039992002e-05,0.0002999400119976,0.228954209158168,0,0,0,9.99800039992002e-05,0.002999400119976,0,0,0.00249950009998,0,0,9.99800039992002e-05,9.99800039992002e-05,9.99800039992002e-05,0,0,0.000999800039992002,0.0293941211757648,0.00609878024395121,0,0.0138972205558888,0,0,0,0,0,9.99800039992002e-05,0,0,0,0,0,0.0001999600079984,0,0,9.99800039992002e-05,0,0,0,0.000999800039992002,0,0.0339932013597281,0.0001999600079984,0,0.0001999600079984,0,0,0,0.0103979204159168,0,0,0,0,0,0.0118976204759048,0,0,0,0,0,0,0,0,0.0001999600079984,0.0015996800639872,0,0,0,0,0,0.0022995400919816,0,0,0.00519896020795841,0,0,0,0,0,0,0,0.000399920015996801,0.00399920015996801,0,0,0,0,0,0.0505898820235953,0,0,0,0,0.00839832033593281,0,0,0.0015996800639872,0,0,0,0.0015996800639872,0,0,0,0,0,0.0724855028994201,0,0,0,0,0.0002999400119976,0,0,0,0.0594881023795241,0,0.0012997400519896,0,0,0,0,0,0,0.001999600079984,0.000999800039992002,0.0001999600079984,0,0.000699860027994401,9.99800039992002e-05,9.99800039992002e-05,0,0,0,0,0,0,0,0.0816836632673465,0,0,0,0,0,0,0.0001999600079984,0,0,0,9.99800039992002e-05,0,0,0,0.00479904019196161,0,0,0,0,0,0.0002999400119976,0,0,0,0,0,0,0.00779844031193761,0.0001999600079984,0,0,0,0,0,0,0,0,0,0,0,0.0298940211957608,0.00329934013197361,0,0,9.99800039992002e-05,9.99800039992002e-05,0,0,0,0,0.0001999600079984,0,0.00949810037992401,0,9.99800039992002e-05,0,0,0.0018996200759848,0,0,0,0,0,0,0,0,0.00569886022795441,0,0,0.109678064387123,0,0,0,0,0,0,0,0,0,0,0,0,0,0,0,0,0,9.99800039992002e-05,0,0,9.99800039992002e-05,0.000699860027994401,0,0,0,0.0017996400719856,0,0,0,0.0002999400119976,0,0,0,0,0.000399920015996801,0.028994201159768,0,0.0011997600479904,0.0549890021995601,0,0,0,0,0,9.99800039992002e-05,0.0695860827834433,0,0.0001999600079984,0.00459908018396321,0,0,0,0,0.0002999400119976,0,0,0,0,0,0,0.000599880023995201,0,0.00389922015596881,0,0,0.000799840031993601,9.99800039992002e-05
0,0,0,0.000699790062981106,0,0,0,0,9.99700089973008e-05,0,0,0.000599820053983805,0,0.00249925022493252,0,9.99700089973008e-05,0,0,0,0,0.00269919024292712,0.000799760071978406,0,0.000199940017994602,0,0.133160051984405,0,0,0.00389883035089473,0,0.00439868039588124,0,0,0.00419874037788663,0,0,0.00239928021593522,0,0.000199940017994602,0,0,0.000899730080975707,0,0.0239928021593522,0.000199940017994602,0.0452864140757773,0,0,0,0,0,9.99700089973008e-05,0,0,0,0,9.99700089973008e-05,0,0.00149955013495951,0,0,0.00449865040487854,0,0,0.000299910026991902,0,0,0,0,0,0,0,0,0.00189943017094872,0,0,0,0,0,0,0,0,0,0,0.00119964010796761,0,0,0,0,0.0213935819254224,0.178046586024193,0,0.00519844046785964,0.00289913026092172,0,0.000399880035989203,0,0,0.00449865040487854,0,0.000399880035989203,0,0,0,0,0,0,0.0101969409177247,0,0,0,0,0,0,0,9.99700089973008e-05,0,0.000299910026991902,0,0,0,9.99700089973008e-05,0,0.000599820053983805,0.00579826052184345,0,0,0,0,0,0,0.00879736079176247,0,0.000699790062981106,0,0,0,0,0.000399880035989203,0,0,0,0,0,0,0,0,0,0,0.00169949015295411,0.000499850044986504,0.000399880035989203,0.000299910026991902,0,0.000399880035989203,0,0,0,0.000899730080975707,0.00489853044086774,0,0,0,0,0,0,0,0,0,0,0,0,0.0264920523842847,0,0,0,0,0.00729781065680296,0,0,0,0,0,0,0,0,0,0,0,0,0,0.0219934019794062,0,0,0,0,0,0,0,0,0,0,0.125662301309607,0,0,0.000299910026991902,0,0,0,0,0,0,0,0,0.00279916025192442,0,0,0,0.0106967909627112,0,0,0,9.99700089973008e-05,0,0,0,0,0,0,0,0.00339898030590823,0,0.000599820053983805,0.0193941817454764,0,0,0,0,0.000399880035989203,0,0,0.0242927121863441,0,0,0,0,0,0,0,0.000999700089973008,0.0170948715385384,0,0,0,0,0,9.99700089973008e-05,0,0,0.0227931620513846,0,0,0,0,0.000299910026991902,0,0,0.00209937018894332,0,0.00919724082775168,0,0,0.0113965810256923,0,0,0,0,0,0.000399880035989203,0.167849645106468,0,0,0.0202939118264521,9.99700089973008e-05,0,0,0,0,0.000199940017994602,0,0,0,0,0,0.00949715085474358,9.99700089973008e-05,0,0,0,0.00929721083674898,0
0,0,0,0,0,0,0,0,0,0,0,0,0,0,0,0,0.00269838097141715,0,0,0,0,0.000999400359784129,0,0,0,0.209774135518689,0,9.9940035978413e-05,0.00469718169098541,0,0,9.9940035978413e-05,0,0.000899460323805717,0,0,0,0,0,9.9940035978413e-05,0,0,0.0845492704377374,0,0,9.9940035978413e-05,0,0,0,9.9940035978413e-05,0,0,0,0,0,0,0,0,0,0.00369778133120128,0,0,0,0,9.9940035978413e-05,0,0.00189886068358985,0,0,0.00279832100739556,0,0,0,0,0,0,0,0.000999400359784129,0,0,0,0,0,0,0,0,0,0,0.000599640215870478,0,0,0,0.394163501898861,0,0,0.000699580251848891,9.9940035978413e-05,0,0,0,0,0.000999400359784129,0,0,0,0,0,0.0667599440335798,0,0,0.00119928043174096,0,0,0.000299820107935239,0,0,0,0,0.00129922046771937,0,0,0,0,0.000299820107935239,0.00509694183489906,0,0,0,0,0,0,0.00119928043174096,0,0,0,0,0,0,0.000899460323805717,0,0.103537877273636,0,0.000699580251848891,0,0,0,0,0,0,0.00279832100739556,0.000899460323805717,0,0,0,0,0.000299820107935239,0,0.000399760143913652,0,0,0,0,0,0,0,0,0,0,0,0,0,0,9.9940035978413e-05,0,0,0,0,0,0,0,0,0,0,0,0,0,0,0,0,0,0,9.9940035978413e-05,0,0,0,0,0,0,0,0,0,0,0,0,0,0.000999400359784129,0,0.000199880071956826,9.9940035978413e-05,0,0,0,0,0,0,0,0,0,0.0213871676993804,0,0,0,0,0,0,0,0,0,0,0,0,0,0,0,0,0,0,0,0,0,0,0.0134919048570857,0,0,0.000499700179892065,0,9.9940035978413e-05,0,0,0,0,0,0,0,0,0.000499700179892065,0.00159904057565461,0,0,0,0,0,0,0,0,0,0,0,0,0.000499700179892065,0,0,0.00649610233859684,0,0,0,0,0,0,0.0449730161902858,0,0.0130921447131721,0,0,0,0,0,0,0,0,0,0,0,0,0,0,0,0,0,0,0
0,0,0,0,0,0,0,0,0,0,0,0,0,0,0.0015992003998001,0.000199900049975012,0,0,0,0,0,0.00079960019990005,0,0,0,0.132333833083458,0,0,0.00399800099950025,0.0063968015992004,0.00249875062468766,0,0,0.0047976011994003,0,0,0.00769615192403798,0,0.000199900049975012,0,0,0,0,0,0,0,0,0,0,0,0,0,0,0,0,0,9.99500249875062e-05,0,0,0,0,0,0,9.99500249875062e-05,0,0,0,0,0,0,0,0,0,0,0,0.0263868065967016,0,0,0,0.000199900049975012,0,0,0,0,0.00179910044977511,0.000199900049975012,0,0,0,0.00169915042478761,0,0.00229885057471264,0.222488755622189,0,0.00729635182408796,0.015392303848076,0,0,9.99500249875062e-05,0,0,0.000899550224887556,0,0,0,0,0,0.179510244877561,0,9.99500249875062e-05,0.000699650174912544,0,0,0.00189905047476262,0,0.00139930034982509,0,0.0376811594202899,0.0176911544227886,0,0,0,0,0.000199900049975012,0.0147926036981509,0,0,0,0,0,0.000599700149925037,0.000999500249875062,0,0,0,0,0.0505747126436782,0.000599700149925037,0.00769615192403798,0,0.00359820089955022,0.000199900049975012,0.000399800099950025,0,0,0,0.000699650174912544,0,0,0,0.000499750124937531,0,0,0,0,0,0,0,0,0.000199900049975012,0,0,0,0,0,0,0,0.00249875062468766,0,0.00239880059970015,0.000399800099950025,0,0,9.99500249875062e-05,0,0,0,0,0,0,0,0,0,0,0.000399800099950025,0,0,0,0,0,0,0.00299850074962519,9.99500249875062e-05,0.000699650174912544,0,0,0,0,0,0,0,0,0,9.99500249875062e-05,0,0.00869565217391304,0,0,9.99500249875062e-05,0.000199900049975012,0,0,0,0,0.00139930034982509,0.000399800099950025,0.00489755122438781,0,0.0326836581709145,0,0,0,0,0,0,0,0,0,0.00239880059970015,0,0,0,0.000599700149925037,0.0384807596201899,0,0,0,0,0.000699650174912544,0.00809595202398801,0,0.0187906046976512,0,0,0.000299850074962519,0.00329835082458771,0,0,0,0,0,0,0,0,0.00249875062468766,0,0,0,0.000199900049975012,0.00109945027486257,0,0,0,0.000299850074962519,9.99500249875062e-05,0,0,0,0,0.00199900049975012,0,0,0.0358820589705147,0,0,0,0,0,0,0.0542728635682159,0,0,0.00509745127436282,0,0,0,0,0,0,0.000399800099950025,0,0,0,0,0,0,0.00229885057471264,0,0,0.00559720139930035,0
0,0,0,0,0,0,0,0,0,0,0,0,0,0,0.0003000600120024,0.0002000400080016,0,0,0,0,0,0,0,0.0001000200040008,0,0.207941588317664,0,0,0.0014002800560112,0.000400080016003201,0.0396079215843169,0,0,0,0,0,0.0003000600120024,0,0,0,0,0.0012002400480096,0,0,0,0,0,0,0,0,0,0,0,0,0,0.00250050010002,0,0,0,0,0,0,0,0.0125025005001,0,0,0,0,0,0,0,0,0,0,0,0.0001000200040008,0,0,0,0.0203040608121624,0,0.0012002400480096,0,0,0,0.0001000200040008,0.0118023604720944,0,0.001000200040008,0.00570114022804561,0,0,0.001000200040008,0.000700140028005601,0,0,0,0,0,0,0,0.0003000600120024,0,0,0.0016003200640128,0,0,0.0338067613522705,0,0,0.00800160032006401,0,0,0.109821964392879,0,0,0,0,0.016503300660132,0,0,0,0,0.000400080016003201,0.00370074014802961,0,0,0,0,0,0,0.0750150030006001,0,0,0,0.0001000200040008,0.0308061612322464,0,0,0,0,0,0.000600120024004801,0,0,0,0,0,0,0,0.00410082016403281,0,0,0.00370074014802961,0,0,0,0,0,0,0,0.000700140028005601,0,0,0,0,0,0,0,0,0,0,0,0,0.00440088017603521,0,0,0,0,0,0,0,0,0,0,0,0,0,0,0,0,0,0,0,0,0,0,0,0,0,0,0,0,0,0,0.0003000600120024,0.0001000200040008,0.0001000200040008,0,0,0,0,0,0,0,0.002000400080016,0,0,0.001500300060012,0,0,0.00960192038407682,0,0,0,0.00490098019603921,0,0,0.0129025805161032,0,0,0,0.00360072014402881,0.0691138227645529,0,0,0.0012002400480096,0,0.0014002800560112,0.0003000600120024,0,0.0011002200440088,0,0,0,0.0229045809161832,0,0,0,0.00400080016003201,0,0,0,0,0,0,0.0001000200040008,0,0,0,0,0,0,0,0.0001000200040008,0,0,0,0.000400080016003201,0.000600120024004801,0,0,0.001000200040008,0,0,0,0.000800160032006401,0.0001000200040008,0,0.201740348069614,0,0,0.0387077415483097,0,0,0.0014002800560112,0,0,0,0.00670134026805361,0,0,0,0,0.00330066013202641,0.0022004400880176,0,0,0,0.00590118023604721,0
0,0,0,0,0,0,9.99600159936026e-05,0,0,0,0,0,0,0.0126949220311875,0,0,0.000599760095961615,0,0,0,0,0.00229908036785286,0,0,0,0.303178728508597,9.99600159936026e-05,0,0,0.000699720111955218,0.00329868052778888,0,0,0,0,0,0,0,0,0,0,0,0.0294882047181128,0,0,0.0076969212315074,0,0,0,0,0,0,0,0,0,0,0,9.99600159936026e-05,0,0,0,0,0,0,0.0128948420631747,0,0.00509796081567373,0,0,0,0.00079968012794882,0,0,0,0,0.0146941223510596,0,0,0,0,0,0,0,0,0.0483806477409036,0,0.00569772091163535,0,0,0.00259896041583367,9.99600159936026e-05,0,0,0,0,0,0,0,0.00169932027189124,0,0,0,0,0,0,0.000299880047980808,0.00169932027189124,0.165133946421431,0,0,0,0,0,0.0200919632147141,0,0,0,0,0.00599760095961615,0,0,0,0,9.99600159936026e-05,0.0202918832467013,0.0121951219512195,0,0,0,0,0.000599760095961615,0.00229908036785286,0,0,0,0,0,0,0,0,0.00339864054378249,0,0,0,0,0,0,0,0,0,0.00159936025589764,0,0,0.000899640143942423,9.99600159936026e-05,9.99600159936026e-05,0,0,0,0,0,0,0,0,0,0,0,0,0,0.000199920031987205,0,0,9.99600159936026e-05,0,0,0,0,0,0.00339864054378249,9.99600159936026e-05,0,0,0,0,0.000699720111955218,0,0,0,0,0,0,0.0187924830067973,0,0,0,0,0,9.99600159936026e-05,0.000299880047980808,0,0,0,0,9.99600159936026e-05,0,0,9.99600159936026e-05,0,0,0,0,0,0.00039984006397441,0,0.00159936025589764,0,0,9.99600159936026e-05,0,0,0,0.000299880047980808,0,0,0,0,0.0037984806077569,0,0,0,0.00309876049580168,0,0,0.0149940023990404,0,0,0,0,0,0,0,0,0,0,0,0,0,0,9.99600159936026e-05,0,0,0,0,0.00159936025589764,0,0,0.007796881247501,0,0.000999600159936026,0,0,0,0,0,0,0,0,0,0,0.000299880047980808,0,0,0.0157936825269892,0,0,0,0,0,0,0.230007996801279,0,0,0.00529788084766094,0,0,0,0,0,9.99600159936026e-05,0.00119952019192323,0,9.99600159936026e-05,0,0,0.00149940023990404,0,0,0,0,0,0
0.0031,0,0,0,3e-04,0,0.0036,0,0,0,0,0,0,0,3e-04,0,0.0047,2e-04,0,0,0.0049,0.0197,0,9e-04,0,0,0,0,4e-04,0.0105,0.0671,0,0,0.0202,0,0,0.0041,0.0043,2e-04,0,0,0,0,0,0,0,0.0198,0,0,0,7e-04,0,0,0,0.0037,0,0,2e-04,0,0,0,0,0,0,0,0,0.0057,0,0,0,0,0,0,0,0,0,0,0,0,0.023,0,3e-04,0.0281,0,0,0.0022,0.015,0,0,0.0108,0,3e-04,0,0,0,0,0,1e-04,0,0,0,0.003,0,0,2e-04,0,0,0.0176,0,0,0,0,0,0.0014,0,0.0013,0,2e-04,0,0,0,0,4e-04,1e-04,0.0135,0,0,0.0022,0.0026,0,0.0055,0.0011,0,0,0.0082,0,0.0013,0,0,0,0.0043,0,0,0,0.0112,0,0,0,0,0,0.0039,0,0,0,0.0074,0,0,0,0,0,0,0,0,0,0,0,0,0,0,0,0.0051,1e-04,0,0,0,0,0,0,0.0094,0,0,0,0,0,0.0055,0,1e-04,0.0248,0,0,0,0.0044,1e-04,0,0,0,0,0,0,0,7e-04,0,0,0,0,0.0114,0.0017,0.0049,0,3e-04,0,0,0,0.0011,4e-04,0,0.0044,0,0.0437,0,0,0,0,0,0,0,0,0,0,0,0,0,0,0.0177,0,0,0,0,0,0.0042,0,0,0,0,0.015,0.0094,0.0014,0,0,0,0,0,0,0,0.0021,0.0027,0,4e-04,0.0017,0,0,0,0,3e-04,0,0,0,0,0,0,0.0017,0.0079,0.1027,0,1e-04,0,0,0,5e-04,0.2896,0,8e-04,0.0422,0,0,0,0,1e-04,0,0.0077,0,0,0,0,0.004,0,0.0058,0,0,0.0241,0
0,0,0,0,0.000199880071956826,0,0,0,0,0,0.000199880071956826,0.000799520287827304,0,0.0281830901459125,9.9940035978413e-05,0.00569658205076954,0,9.9940035978413e-05,0.000899460323805717,0,0,0,0,9.9940035978413e-05,0,0.187287627423546,9.9940035978413e-05,0,9.9940035978413e-05,0.000199880071956826,0.0281830901459125,0,0,0.00989406356186288,0.000599640215870478,0,0.000599640215870478,0.00339796122326604,0.000299820107935239,0,0,0.00429742154707176,0,0,0,0.00119928043174096,0,9.9940035978413e-05,0,9.9940035978413e-05,0,0.00139916050369778,0.000399760143913652,0,0,9.9940035978413e-05,0,0,0.000499700179892065,0.0187887267639416,0.000199880071956826,0,0,9.9940035978413e-05,0,0,0,0,0,0,0.00189886068358985,0,0.000199880071956826,0,0,0.0118928642814311,9.9940035978413e-05,0.000299820107935239,0,0.00439736158305017,0.00199880071956826,0.000199880071956826,0.000799520287827304,0,0,0,9.9940035978413e-05,0,0,0,0,0.000199880071956826,0.000699580251848891,0,0,0,0,0,0.0107935238856686,0,0.000699580251848891,0,0,0,0.000199880071956826,0.00129922046771937,0,0.0158904657205677,0,0.000399760143913652,0.00919448331001399,0,0,0,0.000499700179892065,9.9940035978413e-05,0,0.000199880071956826,0.00369778133120128,0,0,0.00159904057565461,0,0,0,0,0,0,0,0.0030981411153308,0,0,0,9.9940035978413e-05,0,0,0.00289826104337398,0,0,0,9.9940035978413e-05,0.000299820107935239,0,0,0,0,0.00259844093543874,0,0.000199880071956826,0,0.000699580251848891,0.00369778133120128,0.000399760143913652,0,0,0,0,0,0,0.00519688187087747,0,0.00109934039576254,0.000599640215870478,0,0,9.9940035978413e-05,0.000299820107935239,0,0,0.000199880071956826,0.000599640215870478,0,0,0.000199880071956826,0,0,0.00119928043174096,0.00949430341794923,0.0106935838496902,0.000299820107935239,0,0,0,0,0.000399760143913652,0,0,0,0,0.000399760143913652,0.00509694183489906,0.00859484309414351,0,0,0.00209874075554667,0,0,0,0,0,0,0.0155906456126324,0,0,0,0.000199880071956826,9.9940035978413e-05,0,0,9.9940035978413e-05,0,0,0,0,0.000399760143913652,0.00109934039576254,0,0.000399760143913652,9.9940035978413e-05,0,0.00269838097141715,0.00269838097141715,0.0161902858285029,0,0,0,0,0,0.0247851289226464,0.00149910053967619,0.00879472316610034,0.000999400359784129,0.00419748151109334,0.0344793124125525,0,0,0.00139916050369778,0,0.00119928043174096,0,9.9940035978413e-05,0.00349790125924445,0,0,0,0,0,0,9.9940035978413e-05,0,0,0.000199880071956826,0.000999400359784129,0,0.000599640215870478,0,0.000699580251848891,9.9940035978413e-05,0.00159904057565461,0.000199880071956826,0.0022986208275035,0,0,0.000699580251848891,0,0,0,0,0,0.0504697181690985,0,0,0.0264841095342794,0,0,0,0,0,9.9940035978413e-05,0.344193483909654,9.9940035978413e-05,0,0.00739556266240256,0,0,0,0,0,0.00639616230261843,0.00959424345392764,0,0,0.000899460323805717,0,0,0,0.000399760143913652,0,0,0.00379772136717969,0
0,0,0,0,0,0,0,0,0,0,0,0.00109945027486257,0,0,0.000699650174912544,0.000999500249875062,0.000299850074962519,0.000599700149925037,0,0.000599700149925037,0.0148925537231384,0,0,0.000499750124937531,0,0.0506746626686657,0,0,0.000499750124937531,0.000199900049975012,0,0,0.000299850074962519,0.0414792603698151,0,0,0.00079960019990005,0.00869565217391304,0,0,0.000199900049975012,0.00469765117441279,0.0593703148425787,0,0,0.0389805097451274,0,9.99500249875062e-05,0,0,0.00129935032483758,0,0.000899550224887556,0,0,0,0,0,0,0.00509745127436282,0,0,0,0.000299850074962519,0,0,0,0,0.0031984007996002,0,0.0115942028985507,9.99500249875062e-05,0,0,0,0,0,0,0,0.0250874562718641,0,0,0.0243878060969515,0,0,0.000499750124937531,0,9.99500249875062e-05,0.000499750124937531,0.00849575212393803,0,9.99500249875062e-05,0.00269865067466267,0,0,0.0385807096451774,0.00499750124937531,0,0,0,0,0.000199900049975012,0,0,0,0,0,0.0204897551224388,0,0,0.0115942028985507,0,0,0.00829585207396302,0,0,0,0,0.00579710144927536,0.00229885057471264,0,0,0,0,0.0079960019990005,0,0,0,0,0,0.0207896051974013,0,0.00189905047476262,0,0,0.000399800099950025,0.000299850074962519,0.000199900049975012,0.000299850074962519,0,0.0383808095952024,0.000599700149925037,0.00309845077461269,0,0,0,0.000899550224887556,0.00299850074962519,0,0,0.00179910044977511,0,0,0,0,0,0,0.00759620189905048,0,0,0,0.00119940029985007,0.00139930034982509,0,0,0,0.00119940029985007,0,0,0,0,0,9.99500249875062e-05,0,0,0,0.00209895052473763,0,0,0,0,0.000699650174912544,0,0,0,0.00289855072463768,0,0,0,0,0,0.0109945027486257,0.000199900049975012,0.00219890054972514,0,9.99500249875062e-05,0,0,0,0,0,0,0,0,0,0.00369815092453773,0.00149925037481259,0.000299850074962519,9.99500249875062e-05,0.000299850074962519,0.0147926036981509,0,0,0,0,0,0,0.0126936531734133,0.00979510244877561,0,0,0,0,0,0,0,0,0,0.00859570214892554,0,0.0421789105447276,0.0015992003998001,0.00239880059970015,0.00249875062468766,0.0015992003998001,0,0,0,0.000699650174912544,0.00339830084957521,0,0.0521739130434783,0.00739630184907546,0,0,0,0,0,0,0,0,0,0.00219890054972514,0.000199900049975012,0.00539730134932534,0.000699650174912544,0.00209895052473763,0,0,0.00739630184907546,0,0,0.00119940029985007,0,9.99500249875062e-05,0,0,0,0,0.000199900049975012,0,0,0.00429785107446277,0.0698650674662669,0,0,0,0.000199900049975012,0,0.180909545227386,0,9.99500249875062e-05,0.0370814592703648,0,0,9.99500249875062e-05,0,0,0,0.00579710144927536,0,0,0,0,0,0,0.000599700149925037,0,0,0.0031984007996002,0
0,0,0,0,0,0,0.0022995400919816,0,0,0,0,0,0,0,0.002999400119976,0,0,0.0001999600079984,0,0,0,0.000399920015996801,0,0,0,0.282743451309738,0,0,0.001999600079984,0.0177964407118576,0.00549890021995601,0,0,0.0182963407318536,0,0,0.00459908018396321,0,0,0,0,0,0,0,0,0.0256948610277944,0,0,0,0,0.0017996400719856,0,0,0,0,0,0,0,0,9.99800039992002e-05,0,0.00439912017596481,0,0,0,0,0.00369926014797041,0,0,0,0.0025994801039792,0,0,0,0,0,0,0,0,0.0002999400119976,0,9.99800039992002e-05,0,0,0,0,0.0168966206758648,0,0.0002999400119976,0.0132973405318936,0.0158968206358728,0,0.000699860027994401,0,0,9.99800039992002e-05,0,0,0.0100979804039192,0,0,0,0,0,0,0,0,0.0285942811437712,0,0,0,0,0,0.0021995600879824,0,0,0,0,0.0135972805438912,9.99800039992002e-05,0,0,0,0,0.0429914017196561,0,0,0,0.0001999600079984,0,0,0,0,9.99800039992002e-05,0,0,0.000899820035992801,0,0,0,0,0,0,0,0,0,0,0,0,0,0.0018996200759848,0.000499900019996001,0,0,0.0013997200559888,0,0,0,0.0013997200559888,0.0030993801239752,0,0,0,0,0,0,0,0.0002999400119976,0,0,0,0,0.0001999600079984,0,0,0,0,0.00249950009998,0.0023995200959808,0,0,0,0,0.0023995200959808,0.00409918016396721,0,0,0,0,0,0,0.018996200759848,9.99800039992002e-05,0,0,0,0,0,0,0,0,0,0,0.0016996600679864,0,0,0,0,0,0,0,0,0,0.0011997600479904,0.000699860027994401,0,0.00749850029994001,0,0,0.000599880023995201,0.0013997200559888,0,0,0,0,0.00639872025594881,0,0,0.0112977404519096,0,0.0182963407318536,0,0,0.0664867026594681,0,0,9.99800039992002e-05,0,0,0,0,0,0,0,0,9.99800039992002e-05,0,0,0,0,0,0,0.0018996200759848,0,0,0.00359928014397121,0.000399920015996801,0,0.000499900019996001,0,9.99800039992002e-05,0,0,0,9.99800039992002e-05,0,0,0,0,0.0017996400719856,0,0.0115976804639072,0.0573885222955409,0,0,0,0,0,0,0.215256948610278,0,0.0021995600879824,0.00809838032393521,0,0,0,0,0,0.000999800039992002,0.00369926014797041,0,0,0,0,0.00989802039592082,0,0.0016996600679864,0.0017996400719856,0,0.0023995200959808,0
0,0,0,0,0,0,0.0020995800839832,0.0018996200759848,0,0,0.000399920015996801,0,9.99800039992002e-05,0.0001999600079984,0.00399920015996801,0.0001999600079984,0,0,0,0,0.0002999400119976,0,0,0,0,0.449510097980404,0,0,0,0.00249950009998,0.00929814037192562,0,0,0,0,0,0.000799840031993601,0,9.99800039992002e-05,0,0,0,0,0,0,0,0,0,0,0,0,0,0,0,0,0.001499700059988,0.000699860027994401,0,0,0.0012997400519896,0,0,0,0.0002999400119976,0,0,0,0,0,0,0.0020995800839832,0,0,0,0,0.0584883023395321,0,0,0,0.001999600079984,0,0,0.0233953209358128,0,0.00539892021595681,0.000499900019996001,0,0,0,0.00459908018396321,0,0.0013997200559888,0.002999400119976,0,0,0,0,0,9.99800039992002e-05,0,0,0,0.0016996600679864,0,0,0,0,0,0,0,0,0,0,0,0,0,0,0.0001999600079984,0.0126974605078984,0,0,0,0,9.99800039992002e-05,0.024495100979804,0,0,0,0,0,0,0,0.0147970405918816,0.000399920015996801,0,0,0.0426914617076585,0,0.0002999400119976,0,0.0586882623475305,0.0001999600079984,0,9.99800039992002e-05,0,0,0.0020995800839832,0,0,0,0,9.99800039992002e-05,0,0,0,0,0,0,0,0,0,0.0001999600079984,0,0.000399920015996801,0,0,9.99800039992002e-05,0,0,0,0,0.000399920015996801,0,0,0,0,0,0.0001999600079984,0.00859828034393121,0,0,0,0,0,0.0010997800439912,0,0,0,0,0,0,0.0026994601079784,0,0,0,0,0,0,0,0,0,0,0,0,0,0,0,0,0,9.99800039992002e-05,0,0,0,0,0.0022995400919816,0,0,0.000699860027994401,0.0001999600079984,0,0,0,0,0,0,0.000999800039992002,0.0001999600079984,0,9.99800039992002e-05,0,0,9.99800039992002e-05,0,0.0395920815836833,0.0025994801039792,0,0,0,0,0.000599880023995201,0,0,0,0,0.000599880023995201,0,0,0,0,0,0.00369926014797041,0,0,0,0.000599880023995201,0.0020995800839832,0.0017996400719856,0,0.0017996400719856,0,0,0,0,0.0001999600079984,0.0132973405318936,0,0,0,0,0,0,0,0.107278544291142,0.0538892221555689,0,0,9.99800039992002e-05,0.0001999600079984,0,0.000599880023995201,9.99800039992002e-05,0,0,0,0,0,0,0,0.000599880023995201,0,0,0,0,0,0,0,0.0025994801039792,0,0,0.0145970805838832,0
0.0051994800519948,0,0,0,0.0007999200079992,0,0,0.0024997500249975,0,0,0,0.0024997500249975,0,9.99900009999e-05,0.0037996200379962,0,0.0017998200179982,9.99900009999e-05,0,0,0.0006999300069993,0.0003999600039996,0,0,0.0003999600039996,0.112088791120888,0,9.99900009999e-05,0.104389561043896,0.0047995200479952,0.006999300069993,0,0,0.0053994600539946,0.0007999200079992,0,0.0031996800319968,0.0540945905409459,0.0004999500049995,0,0,0.0017998200179982,0.0553944605539446,0.0014998500149985,0,0.0001999800019998,0,0,0,0,0,9.99900009999e-05,0,0,0.0045995400459954,0,0,0.0002999700029997,0.0023997600239976,0.0015998400159984,0,0.0011998800119988,0,0,0.0003999600039996,0.001999800019998,0.0021997800219978,0.0024997500249975,0,0.0085991400859914,0.0016998300169983,0,0,0.0007999200079992,0,0,0,0,0,0.0003999600039996,0,0,0.0022997700229977,0.0045995400459954,0.0040995900409959,0,0,0,0.0014998500149985,0.0043995600439956,0,0,0,0,0.0036996300369963,0.0076992300769923,0,0,0.000999900009999,0,0.0006999300069993,0,0,0,0.0001999800019998,0.0010998900109989,0.0243975602439756,0.0201979802019798,0.0008999100089991,0.0031996800319968,0.0054994500549945,0,0,0.0023997600239976,0,0,0,0,0.0076992300769923,0.0008999100089991,0,0.0014998500149985,0.0006999300069993,0,0.0027997200279972,0.0051994800519948,0,0.001999800019998,0.0001999800019998,0,0.0034996500349965,9.99900009999e-05,0.0001999800019998,0,0,0,0.0288971102889711,0.0010998900109989,0,0,0.0003999600039996,0.0004999500049995,0.0028997100289971,0,0.0192980701929807,0,0.0007999200079992,0,0,0.0018998100189981,0.0005999400059994,0,0,0.0003999600039996,9.99900009999e-05,0,0,0,0.0014998500149985,0.0038996100389961,0,0.0010998900109989,0.0013998600139986,0.0001999800019998,0,0,0.0005999400059994,0,0,0,9.99900009999e-05,0,0,0,0,0,0.001999800019998,0.0001999800019998,0.0188981101889811,0,0,0,0,0,0.000999900009999,0,0,0,0,0,0,0.0044995500449955,0.0276972302769723,0,0,0,0,0.0003999600039996,0,0,0.0108989101089891,0,0,0.0273972602739726,0,0.0041995800419958,0,0,9.99900009999e-05,0.0334966503349665,0,0,0.0006999300069993,0.0004999500049995,0.0011998800119988,0.0013998600139986,0.0011998800119988,0.0023997600239976,0.0130986901309869,0.0002999700029997,0,0.001999800019998,0,0,0,0,0.0017998200179982,0,0.0008999100089991,0.0006999300069993,0.0038996100389961,0,0.000999900009999,0.0870912908709129,0,0,0,0.0018998100189981,0.0024997500249975,0,0.0007999200079992,0.0022997700229977,0,0.0046995300469953,0,0.002999700029997,0,9.99900009999e-05,0.0005999400059994,0,0.0228977102289771,0.0004999500049995,0.0002999700029997,0,0.0005999400059994,0.0098990100989901,0,0,0.0011998800119988,0.005999400059994,0.0001999800019998,0,0,0.0001999800019998,0,0,0,0,0,0.0185981401859814,0,0.0062993700629937,0.0253974602539746,0,0,9.99900009999e-05,0,0,0.0003999600039996,9.99900009999e-05,0,0,0.0377962203779622,0,0,0,0,0,0.0015998400159984,0.0018998100189981,0,0,0,0,0.0044995500449955,0,0.0005999400059994,0,0,0.0124987501249875,0.0067993200679932
0,0,0,0,0,0,9.98901208670463e-05,0,0,0.000499450604335231,0,0.000299670362601139,9.98901208670463e-05,0,9.98901208670463e-05,0,0.000599340725202278,0,0,0.000299670362601139,0,0.00309659374687843,0,0.000399560483468185,0.000199780241734093,0.165617820397563,0,0,0.0012985715712716,0.000599340725202278,0,0,0,0.00629307761462391,0,0,9.98901208670463e-05,0,0.000199780241734093,9.98901208670463e-05,0,0.00309659374687843,0.0156827489761263,0.00359604435121366,0,0.015083408250924,0,0,0,0,0,0.000899011087803416,0.000199780241734093,0,0,0,0,9.98901208670463e-05,9.98901208670463e-05,0.00459494555988413,0,0.000699230846069324,0,0,0,0.000199780241734093,0.0378583558086105,9.98901208670463e-05,0,0,0,0,0,9.98901208670463e-05,0,0,0,0,0,0.0025971431425432,0,0,0,0,0.000998901208670463,9.98901208670463e-05,9.98901208670463e-05,0,0.000299670362601139,0.00159824193387274,0,0.000699230846069324,0.000199780241734093,0,0,9.98901208670463e-05,0,0,0,0,0,9.98901208670463e-05,0,0,0,0,0,0.287383877734492,0.000299670362601139,0,0.00079912096693637,0,0,0.00219758265907502,0,0,0,0,0.0190790130856058,0,0,0,0,0,0.000499450604335231,0.00119868145040456,0,0,0,0,0.00819098991109779,0.00709219858156028,0.00109879132953751,0.000199780241734093,0,0,9.98901208670463e-05,0.000199780241734093,0.000499450604335231,0,0.00189791229647388,0.000299670362601139,0.000599340725202278,0,0,0,0.0038957147138148,0,0,9.98901208670463e-05,0,0,0,0,0,0,0,0,0,0.00139846169213865,0,0.000599340725202278,0,0.0119868145040456,9.98901208670463e-05,0,0.000499450604335231,9.98901208670463e-05,0,0,0.00269703326341025,0,9.98901208670463e-05,0,0,0,0,0.00899011087803416,0,0.000299670362601139,0,0,0,0,0.0038957147138148,0,0,0,0,0,0,0.00699230846069324,9.98901208670463e-05,0.00169813205473979,0,0,0,0,0,0,0,0,0,0.0241734092498252,0,0.00189791229647388,0,0,9.98901208670463e-05,9.98901208670463e-05,0.00239736290080911,0,0,0,0.00139846169213865,0,0,0,0.00329637398861253,0,0,0,0,0,0,0,0,0,0.00119868145040456,0,0.000699230846069324,0,0.00109879132953751,0.00159824193387274,0,0,0,0,0.00289681350514434,9.98901208670463e-05,0,0.00489461592248527,0,0,9.98901208670463e-05,0,0,0,9.98901208670463e-05,0,0,0,0,9.98901208670463e-05,0.00079912096693637,0.000199780241734093,0.000998901208670463,0,0,0.00289681350514434,9.98901208670463e-05,0,0,9.98901208670463e-05,0,0,0,0,0,0.00109879132953751,0,0,0.0160823094595944,0,9.98901208670463e-05,0,0.000199780241734093,9.98901208670463e-05,9.98901208670463e-05,0.247327939266807,0,0,0.023773848766357,9.98901208670463e-05,0,0.000699230846069324,0,0,0,0.00229747277994206,0,0,0,0,0.000499450604335231,0,0.000199780241734093,0,0,0.00639296773549096,0.00569373688942164
0,0,0,0,0,0.00289855072463768,0.000599700149925037,0.00169915042478761,0,0,9.99500249875062e-05,0.000199900049975012,0,0.056471764117941,0.000599700149925037,0,0,0,0,0,0.0063968015992004,0.00139930034982509,0,0.000299850074962519,0,0.232783608195902,0,0,0.00139930034982509,9.99500249875062e-05,0.0148925537231384,0,0,0.00429785107446277,0,0,0.00209895052473763,0.00279860069965018,0.000399800099950025,0,0.000299850074962519,0.00419790104947526,0.0198900549725137,0.00419790104947526,0,0.00999500249875063,0,0,0,0,0,0.000399800099950025,0,0,0.000599700149925037,0,0,0.000199900049975012,0.000199900049975012,0.00369815092453773,0,0,0,0,0,0,0.015592203898051,0.000199900049975012,0.000299850074962519,0,0.00359820089955022,9.99500249875062e-05,0,0,0,0,0,0,0,0.000199900049975012,0,0.00079960019990005,0.00169915042478761,0,0.00939530234882559,0.000199900049975012,0,0,0.00149925037481259,0.0112943528235882,0,0.000899550224887556,0.00169915042478761,0,0,0.00569715142428786,0,0,0.00449775112443778,0,0,0.000399800099950025,0,0,0.000899550224887556,0,0,0.0104947526236882,0.000499750124937531,0.00469765117441279,0.00399800099950025,0,0,0.00419790104947526,0.000199900049975012,0.00179910044977511,0,0.000599700149925037,0.00269865067466267,0,0,0,0,0.00549725137431284,0.00229885057471264,0,0,0,0,0,0.000199900049975012,0.000499750124937531,0,0,0,0,0.000499750124937531,0,0,0,0.000199900049975012,0.000299850074962519,0.000699650174912544,0,0.00139930034982509,0,0.0015992003998001,0.00819590204897551,0,0,0,0.00279860069965018,0,0,0,0,0,0,0,0.00239880059970015,0,0.00079960019990005,0,0,0,0,0.000399800099950025,0,0,0,9.99500249875062e-05,0,0,0,0,0,0.000699650174912544,0,0.000699650174912544,0,0,0,0,0,0,0.00229885057471264,0,0,0,0,0,0.0180909545227386,0.000199900049975012,0,0.0127936031984008,0,0,0.000199900049975012,0,0,0,0,0,0,0.0330834582708646,0.000899550224887556,0,0,0,0.00519740129935032,0,0,0,0.000999500249875062,0.00119940029985007,0.00109945027486257,0.00489755122438781,0,0,0,0,0,0,0,0,0,0.00919540229885057,0,0.00219890054972514,0,0.00839580209895052,0,0.00399800099950025,0.0300849575212394,0,0,0,0,0,0.000499750124937531,0,0.0119940029985007,0,0,0.000499750124937531,0,0,0,9.99500249875062e-05,0,0,0,0.00149925037481259,0,0,0.000599700149925037,0.000299850074962519,0,0.000399800099950025,0.000299850074962519,0,0,0,0.000199900049975012,0,0,0,0,0.000499750124937531,0.0015992003998001,0,0.00169915042478761,0.00629685157421289,0,0,0,0,0,0.000299850074962519,0.314842578710645,9.99500249875062e-05,0,0.00469765117441279,9.99500249875062e-05,0,0,0,0,0.000899550224887556,0.00929535232383808,0,0,0,0,0.00869565217391304,0,0.000699650174912544,0,0,0.00849575212393803,0
0,0,0,0,0,0,0,0,0,0,0,0,0,0,0.0017996400719856,0,0.00399920015996801,0,0,0,0,0.0011997600479904,0,0.000799840031993601,0,0.0015996800639872,0,0,0.001499700059988,0,0.0694861027794441,0,0,0.00569886022795441,0,0,0.0002999400119976,0.0441911617676465,0.000599880023995201,0,9.99800039992002e-05,0,0,0,0,0,0,0,0,0,0,0,0,0,0,0,0,0,0,0,0,0,0,0,0,0,0.0031993601279744,0,0,0,0,0,0,0,0,0,0,0,0,0.001999600079984,0,0,0.00419916016796641,0,0,0.0015996800639872,0,0,0,0.00449910017996401,0.0892821435712857,0.0012997400519896,0.0002999400119976,0,0,0,0,0,0.000899820035992801,0,0,0,0,0,0,0,0,0.484903019396121,0,0,0,0,0,0,0,0.0001999600079984,0,0.0001999600079984,0.00479904019196161,0,0,0,0,0,0.0018996200759848,0,0,0,0,0,0,0,0.0025994801039792,0.000399920015996801,0,0,0.000899820035992801,0,0,0,0.00699860027994401,0,0,0,0,0,0,0,0,9.99800039992002e-05,0,0,0,0,0,0,0,0,0,0.0222955408918216,0,0,0,0,0,0,0,0,0,0,0,0,0,9.99800039992002e-05,0,0,0,0.0257948410317936,0,0,0,0,0,0,0,0,0,0,0,0,0.000799840031993601,0,0,0,0,0,0,0,0,0,0,0,0,0.00459908018396321,0,0,0,0,9.99800039992002e-05,0.0002999400119976,0,0,0,0,0.000399920015996801,0,0,0,0.0338932213557289,0,0,0,0,0,0,0,0,0,0,0,0,0,0,0.00819836032793441,0,0,0,0,0,0.0102979404119176,0,0,0,0,0.0001999600079984,0,0,0,0,0,0,0,0,0,0.010997800439912,0,0,0,0,0,0,0,0,0,0,0,0,0,0,0.0471905618876225,0,0,0.00769846030793841,0,0,0,0,0,0,0.0579884023195361,0,0,0.0202959408118376,0,0,0,0,0,0,0,0,0,0,0,0.00709858028394321,0,0.0001999600079984,0,0,0,0
0,0.0004999500049995,0,0,0,0,0,0,0,0,0,0,0.0001999800019998,0.007999200079992,0.0015998400159984,0,0,0,0,0,0.0001999800019998,0.0200979902009799,0,0.0021997800219978,0,0.487351264873513,0,0,0.0050994900509949,0,0.0101989801019898,0,0.0010998900109989,0.0212978702129787,0,0,0.0030996900309969,0.0305969403059694,0.0001999800019998,0,0,0,0,0.0024997500249975,0,0.0068993100689931,0,0,0,0,9.99900009999e-05,0.0038996100389961,0,0,0,0,0,0,0,0,0,0,0,0.0003999600039996,0,0,0.000999900009999,0,0.0001999800019998,0,0.0005999400059994,0,0,0,0,0,0,0,0,0.0003999600039996,0,0,0.0004999500049995,0,0,0.0006999300069993,0.0110988901109889,9.99900009999e-05,0,0.0033996600339966,0,0.0010998900109989,0.0013998600139986,0,0,0,0,0,0.0045995400459954,0,0,0.0001999800019998,0,0,9.99900009999e-05,0,0,9.99900009999e-05,0,0,0.0056994300569943,0,0.000999900009999,0.030996900309969,0,0,0,0.0002999700029997,0.0036996300369963,0,0,0,0,0.0003999600039996,0.0298970102989701,0,0.0001999800019998,0.0016998300169983,0,0,0.0010998900109989,0.0002999700029997,0,0,0,0,0.0322967703229677,0.0001999800019998,0.0007999200079992,0,9.99900009999e-05,0,0,0,0,0,0,0,0,0,0.0002999700029997,0,0.0015998400159984,0,0.0071992800719928,0,0,0,0,0.0018998100189981,0,0,0,0,0,0,0.0008999100089991,0,0,0,0,0,0,0,0,0,0.0016998300169983,0,0.006999300069993,9.99900009999e-05,0,0,0,0,0.0001999800019998,0.0017998200179982,0.0034996500349965,0.0005999400059994,0,0,0,0.0352964703529647,0.0002999700029997,0,0,0,0,0,0,0,0,0,0,0,0,0.0006999300069993,0.0008999100089991,0,0.0003999600039996,0.0002999700029997,0,0,0,0,0,0.0083991600839916,0.0022997700229977,0,0.0063993600639936,0,0,0,0,0,0,9.99900009999e-05,0,0,0.012998700129987,0,0.003999600039996,0,0.0013998600139986,0.0203979602039796,0,0,0,0,0,9.99900009999e-05,0,0.0017998200179982,0,0,0.0001999800019998,0,9.99900009999e-05,0,0,0,0.0017998200179982,0,0,0,0.0052994700529947,0.0051994800519948,0.0003999600039996,0,0,0,0.0002999700029997,0,0,0.0003999600039996,0,0,0,0,0,0.0018998100189981,0,0.0041995800419958,0.0097990200979902,0,0.0024997500249975,0,0,0,0,0.0402959704029597,0,0,0.045995400459954,0.0002999700029997,0,9.99900009999e-05,0,9.99900009999e-05,0,0,0,0,0,0,0,0,0.0037996200379962,0,0,0.014998500149985,0
0,0,0,0,0,0,9.99700089973008e-05,0.00299910026991902,0,0,0,0,0,0,9.99700089973008e-05,0,0.00179946016195141,0,0,0,0.000499850044986504,0.00149955013495951,0,0.00179946016195141,0.000199940017994602,0.202439268219534,0,0,0.000299910026991902,0,0.0267919624112766,0,0,0.00439868039588124,0,0,0.000599820053983805,0.00269919024292712,0.00119964010796761,0,9.99700089973008e-05,0,0,0,0,0,0,0,0,9.99700089973008e-05,0,0,0,0,0,0,0,0.000199940017994602,0,0.0139958012596221,0,0,9.99700089973008e-05,0.000299910026991902,0,0,0.00119964010796761,0.000199940017994602,0,0.00549835049485154,0,0,0,9.99700089973008e-05,0,0,0,0,9.99700089973008e-05,0.00499850044986504,0,0,0,0,9.99700089973008e-05,0.000199940017994602,0,0,0.000299910026991902,0.00289913026092172,0,0.0159952014395681,0.00189943017094872,0,0,0.000199940017994602,0,0,0,0,0,0,0,0,0,0,0,0.0588823352994102,0,0,0.00259922023392982,0,0,0,0,0.00689793062081376,0,0.00139958012596221,0.00489853044086774,0.000299910026991902,0,0.000199940017994602,0,0,0,0,0,0,0,0,0,0,0,0,0.00169949015295411,0,0.00159952014395681,0,0,0,0.000399880035989203,0,0.00229931020693792,0,0,0,0.000399880035989203,0,0,9.99700089973008e-05,9.99700089973008e-05,0,0,0,0,0,0,0,0,0,0,0,0,0,0,0,0,0.000399880035989203,0,0,0.000899730080975707,0.00189943017094872,0,0.00159952014395681,0,0,0,9.99700089973008e-05,0.0386883934819554,0,0,0,0,0,0,0.000199940017994602,0,0,0,0,0,0.00139958012596221,9.99700089973008e-05,0.000599820053983805,0,0,0,0,0,0,0,0,0,9.99700089973008e-05,9.99700089973008e-05,0.00189943017094872,0,0,0,9.99700089973008e-05,0,0,0.00169949015295411,0,0,0,0.0303908827351794,0,0,9.99700089973008e-05,0,0,0,0,0.000999700089973008,0,0,0,0,0,0,0,0,0.118864340697791,0,0,0,9.99700089973008e-05,0,0,0,0.00129961011696491,0,0,0,0,0,0,0,0,0,0.000299910026991902,0,0,0,9.99700089973008e-05,0,0,0.00159952014395681,0,0.000599820053983805,0,0,0.000199940017994602,0,0,0,0,0.000699790062981106,0.00129961011696491,0,0,0.0137958612416275,0.138958312506248,9.99700089973008e-05,0,0,0,0,0.253423972808158,0,0,0,0.00149955013495951,0,0,0,0,0,0,0,0,0,0,0.00139958012596221,0,0.000399880035989203,0,0,0.00639808057582725,0
0,0,0.001499700059988,0,0,9.99800039992002e-05,0,0,0.0181963607278544,0,0,0,0,0,9.99800039992002e-05,0,0.0027994401119776,9.99800039992002e-05,0,0,0.00899820035992801,0.00249950009998,0,0,0,0.0116976604679064,0,0,0.0023995200959808,0.000799840031993601,0.0167966406718656,0,0,0.0010997800439912,0.0002999400119976,0,0.000699860027994401,0.00339932013597281,9.99800039992002e-05,0,9.99800039992002e-05,0,0,0.00719856028794241,0,0.00529894021195761,0,9.99800039992002e-05,0,0,0.000399920015996801,0,0,0,0,0,0,0,0,0.00929814037192562,0,0.0011997600479904,9.99800039992002e-05,0,0.000599880023995201,0,0.0460907818436313,0,0,0,0.000799840031993601,0,0,0.0011997600479904,0,0,0,0,0,0.00469906018796241,0,0.000399920015996801,0.0123975204959008,0,0.0788842231553689,9.99800039992002e-05,0.00479904019196161,0,0,0.00339932013597281,0.0719856028794241,0.0001999600079984,0.000599880023995201,0,0,0,0,0,0.0010997800439912,0,0.00469906018796241,0,0,0,0.0001999600079984,0.0001999600079984,0.00679864027194561,0.18876224755049,0,0,0.00339932013597281,0,0,0.0010997800439912,0,9.99800039992002e-05,0,0,0.00519896020795841,0,0,0,0,0.000799840031993601,0.000599880023995201,0,0.00579884023195361,0,9.99800039992002e-05,0,0.0020995800839832,0.0436912617476505,0,0.0001999600079984,0,0.000799840031993601,0.0012997400519896,0,0.00659868026394721,0,0.0560887822435513,0,0,0,0,0,0.00349930013997201,0,0,9.99800039992002e-05,0.0015996800639872,0.0011997600479904,0.000499900019996001,0.000999800039992002,0,0,0,0.0001999600079984,0.00589882023595281,0.00249950009998,0,0,0,0,0,0,0,0,0,0.0002999400119976,0.000899820035992801,0,9.99800039992002e-05,0,0,0,0.000899820035992801,0.0001999600079984,0.00659868026394721,0,0.0001999600079984,0,0.0002999400119976,0,0.0010997800439912,0,0,0,0,0,0,0.0028994201159768,9.99800039992002e-05,0.000599880023995201,0,0,0,0,0,0,0,0,9.99800039992002e-05,0.0002999400119976,0,0.0252949410117976,9.99800039992002e-05,0,0,0.000499900019996001,0,0,0.000599880023995201,0,9.99800039992002e-05,0,0.00939812037592481,0.0028994201159768,0.0001999600079984,0.000499900019996001,0.00339932013597281,0,0,0,0.0001999600079984,0,0,0,0.0001999600079984,0,0.00359928014397121,0,0.000999800039992002,0.0027994401119776,0,0,0.0001999600079984,0,0.001499700059988,0.0026994601079784,0,0.0022995400919816,0,0,0.000399920015996801,0,0,0,0,0.00439912017596481,0.0010997800439912,9.99800039992002e-05,0.0001999600079984,0,0.000399920015996801,9.99800039992002e-05,0.0225954809038192,0,9.99800039992002e-05,0.000799840031993601,0.0001999600079984,0,0,0.0001999600079984,0,0,0,0.00429914017196561,0,0.0503899220155969,0,0.0015996800639872,0.0180963807238552,9.99800039992002e-05,0,0,0,9.99800039992002e-05,0.0001999600079984,0.134273145370926,0,0,0.00849830033993201,0,0,0,0,0,0.00889822035592881,0.000799840031993601,0,0,0,0,9.99800039992002e-05,0.0001999600079984,0,0.0011997600479904,0,0.000999800039992002,0
